1,-61.51430753276034,15.429422035890484,200.0,200.0,U
2,-61.51574479825794,15.433069111109525,200.0,200.0,U
3,-61.51535404026278,15.43223934062161,200.0,200.0,U
4,-61.51295382689118,15.43407298568441,200.0,200.0,U
5,-61.51372833804602,15.434505444012732,200.0,200.0,U
6,-61.51656378914173,15.431204903456818,200.0,200.0,U
7,-61.51595706159555,15.431020536009349,200.0,200.0,U
8,-61.515983184391665,15.432151022470057,200.0,200.0,U
9,-61.515108741359526,15.432610123069912,200.0,200.0,U
10,-61.51453551245403,15.43291540141283,200.0,200.0,U
11,-61.515623933879425,15.430168443864341,200.0,200.0,U
12,-61.51440439846169,15.432599079702335,200.0,200.0,U
13,-61.5146598611515,15.432554462227182,200.0,200.0,U
14,-61.515598718184386,15.432120258079687,200.0,200.0,U
15,-61.51448809465871,15.432244561707318,200.0,200.0,U
16,-61.514724099261585,15.4329773131573,200.0,200.0,U
17,-61.514423885655084,15.431556685766212,200.0,200.0,U
18,-61.51513700894088,15.432773195067323,200.0,200.0,U
19,-61.51549911102171,15.433446859190466,200.0,200.0,U
20,-61.514878004664084,15.430631268361504,200.0,200.0,U
21,-61.51484181059842,15.432424452517793,200.0,200.0,U
22,-61.5147806321184,15.43270666238667,200.0,200.0,U
23,-61.515344006091695,15.433317991050664,200.0,200.0,U
24,-61.5146339607174,15.433459361829813,200.0,200.0,U
25,-61.51333683145018,15.43291919831293,200.0,200.0,U
26,-61.51464819774279,15.432514653225294,200.0,200.0,U
27,-61.51610556380599,15.434040933070655,200.0,200.0,U
28,-61.51456246643044,15.43230655910248,200.0,200.0,U
29,-61.51376153252124,15.435202744761598,200.0,200.0,U
30,-61.51525080825225,15.432063513264355,200.0,200.0,U
31,-61.51957782791207,15.432160607822741,200.0,200.0,U
32,-61.515219261276364,15.433300791252655,200.0,200.0,U
33,-61.51451716014058,15.43214218480053,200.0,200.0,U
34,-61.51948410723393,15.429437877432928,200.0,200.0,U
35,-61.51192364445244,15.432835326373196,200.0,200.0,U
36,-61.51344591423394,15.432910096235426,200.0,200.0,U
37,-61.515000017353344,15.431866397765681,200.0,200.0,U
38,-61.517379044550324,15.433141778576687,200.0,200.0,U
39,-61.51402882565215,15.4321624837308,200.0,200.0,U
40,-61.51444871980132,15.433161411415472,200.0,200.0,U
41,-61.514801011786474,15.432543575293558,200.0,200.0,U
42,-61.51401400515012,15.433305091211823,200.0,200.0,U
43,-61.51652641397163,15.432938690264962,200.0,200.0,U
44,-61.51461008427219,15.431549371890364,200.0,200.0,U
45,-61.51533680351205,15.432496517096022,200.0,200.0,U
46,-61.51235699685812,15.431610188587255,200.0,200.0,U
47,-61.515009183991666,15.433583220150984,200.0,200.0,U
48,-61.515336560322574,15.430837670440685,200.0,200.0,U
49,-61.51527496623017,15.432254645424706,200.0,200.0,U
50,-61.51487831193526,15.43334901586712,200.0,200.0,U
51,-61.51473759321039,15.432078427466283,200.0,200.0,U
52,-61.51458751568779,15.431609897510747,200.0,200.0,U
53,-61.51619878736936,15.435026031423373,200.0,200.0,U
54,-61.513812285746454,15.432812238423775,200.0,200.0,U
55,-61.51492907836386,15.432088700870121,200.0,200.0,U
56,-61.513999361430066,15.43224439764375,200.0,200.0,U
57,-61.515014355970095,15.432347952784987,200.0,200.0,U
58,-61.516068045906835,15.429322628419762,200.0,200.0,U
59,-61.51436404027007,15.432884311622779,200.0,200.0,U
60,-61.51458123046309,15.434065926320619,200.0,200.0,U
61,-61.51295784739883,15.428859296162647,200.0,200.0,U
62,-61.514997738658145,15.432668050296723,200.0,200.0,U
63,-61.51180601693391,15.43506806601737,200.0,200.0,U
64,-61.51590069424963,15.431920772956623,200.0,200.0,U
65,-61.515773167987746,15.433137725609267,200.0,200.0,U
66,-61.515647780969935,15.433798807509854,200.0,200.0,U
67,-61.51378282550164,15.43329875886107,200.0,200.0,U
68,-61.515826559781864,15.435913331121721,200.0,200.0,U
69,-61.51469951121218,15.43183293309646,200.0,200.0,U
70,-61.51562729464322,15.433935049423276,200.0,200.0,U
71,-61.51874096382957,15.42804072937984,200.0,200.0,U
72,-61.51664263290482,15.432688738830661,200.0,200.0,U
73,-61.51524287818866,15.433111029190425,200.0,200.0,U
74,-61.51477184709448,15.431539694962035,200.0,200.0,U
75,-61.51384972556336,15.433703906890404,200.0,200.0,U
76,-61.51477086532839,15.432898992873065,200.0,200.0,U
77,-61.51519048867426,15.432273923560274,200.0,200.0,U
78,-61.51485017197667,15.432621193875763,200.0,200.0,U
79,-61.51262243304457,15.430886439518623,200.0,200.0,U
80,-61.51477960055834,15.432302081272132,200.0,200.0,U
81,-61.517184818591765,15.434128586036936,200.0,200.0,U
82,-61.515045876615794,15.432246820364936,200.0,200.0,U
83,-61.514584041389014,15.432216408366989,200.0,200.0,U
84,-61.517669443373435,15.435497465491867,200.0,200.0,U
85,-61.515149213998654,15.432952652682317,200.0,200.0,U
86,-61.51778732043155,15.432933509028489,200.0,200.0,U
87,-61.51359534450843,15.43266147823726,200.0,200.0,U
88,-61.51509208656924,15.433882229455206,200.0,200.0,U
89,-61.51461057004233,15.430987940211992,200.0,200.0,U
90,-61.51473222090072,15.432116847157967,200.0,200.0,U
91,-61.51466166985353,15.43288645993717,200.0,200.0,U
92,-61.514626377731254,15.432226470999048,200.0,200.0,U
93,-61.51456031797057,15.432372205574195,200.0,200.0,U
94,-61.51783027027371,15.43235542336432,200.0,200.0,U
95,-61.51556904761152,15.432894524662045,200.0,200.0,U
96,-61.51486859132575,15.431885280178035,200.0,200.0,U
97,-61.51371347743052,15.431640842761977,200.0,200.0,U
98,-61.516097859122866,15.430227896973987,200.0,200.0,U
99,-61.51422977229093,15.433710326289747,200.0,200.0,U
100,-61.5156430198395,15.43186476360287,200.0,200.0,U
101,-61.51561002327722,15.43351432416004,200.0,200.0,U
102,-61.514124483377266,15.431928958190397,200.0,200.0,U
103,-61.514688019207576,15.432817476929843,200.0,200.0,U
104,-61.515012489683805,15.432374260683222,200.0,200.0,U
105,-61.514989788377925,15.431700884757873,200.0,200.0,U
106,-61.513892279970406,15.430214963441182,200.0,200.0,U
107,-61.51588756198541,15.431793282360069,200.0,200.0,U
108,-61.515906466526616,15.434071496892686,200.0,200.0,U
109,-61.51644974022084,15.430570809700747,200.0,200.0,U
110,-61.51465803595053,15.432552311834728,200.0,200.0,U
111,-61.51406101832859,15.433094539477812,200.0,200.0,U
112,-61.517109608369005,15.434097200089253,200.0,200.0,U
113,-61.51482675064051,15.431949002792473,200.0,200.0,U
114,-61.51718859077473,15.432360143375027,200.0,200.0,U
115,-61.51469004547557,15.4320720465889,200.0,200.0,U
116,-61.51435260836526,15.431950778227307,200.0,200.0,U
117,-61.51590028976535,15.435183033916346,200.0,200.0,U
118,-61.513055293695196,15.433698214925972,200.0,200.0,U
119,-61.51478075972361,15.431816735711516,200.0,200.0,U
120,-61.513879895751444,15.432195640438968,200.0,200.0,U
121,-61.51749012562203,15.429995620099755,200.0,200.0,U
122,-61.51536647112978,15.43295453669771,200.0,200.0,U
123,-61.514553881565114,15.431469015198232,200.0,200.0,U
124,-61.515331839202815,15.431233913522188,200.0,200.0,U
125,-61.516031877028134,15.43219428070696,200.0,200.0,U
126,-61.5138053651645,15.432397321159398,200.0,200.0,U
127,-61.513527905015444,15.430779598437406,200.0,200.0,U
128,-61.51641368074743,15.430637013351053,200.0,200.0,U
129,-61.51535124585714,15.430432978360809,200.0,200.0,U
130,-61.5163426373609,15.433849067966031,200.0,200.0,U
131,-61.51469811918101,15.429764846105313,200.0,200.0,U
132,-61.51212586355584,15.430745997074197,200.0,200.0,U
133,-61.51494915311205,15.433693634015276,200.0,200.0,U
134,-61.51467062641705,15.431723763499381,200.0,200.0,U
135,-61.51276209594058,15.428571389043947,200.0,200.0,U
136,-61.51515356167579,15.434525364485134,200.0,200.0,U
137,-61.51460818467413,15.431453355180373,200.0,200.0,U
138,-61.51409060108278,15.431250129944543,200.0,200.0,U
139,-61.51351415947224,15.432589290772658,200.0,200.0,U
140,-61.516140982680156,15.431298452939458,200.0,200.0,U
141,-61.51501735388607,15.433591393779226,200.0,200.0,U
142,-61.51404333026233,15.4319762731794,200.0,200.0,U
143,-61.514534328836575,15.43187799469549,200.0,200.0,U
144,-61.51507207390045,15.431924703036668,200.0,200.0,U
145,-61.514540723836696,15.428970303197852,200.0,200.0,U
146,-61.514412257041144,15.431404149988012,200.0,200.0,U
147,-61.51476353407017,15.429792689332247,200.0,200.0,U
148,-61.51280961729886,15.42934474600909,200.0,200.0,U
149,-61.516447435444526,15.432488677051197,200.0,200.0,U
150,-61.51456956130947,15.431555209184443,200.0,200.0,U
151,-61.51543355976867,15.432310134635516,200.0,200.0,U
152,-61.51557724074374,15.43197824488214,200.0,200.0,U
153,-61.51453956083924,15.4314566772729,200.0,200.0,U
154,-61.51338034462551,15.430648858790882,200.0,200.0,U
155,-61.51677423232939,15.43354650947849,200.0,200.0,U
156,-61.515629605135715,15.42706553900384,200.0,200.0,U
157,-61.51507942485358,15.43048883601138,200.0,200.0,U
158,-61.51759260462917,15.433249462962753,200.0,200.0,U
159,-61.51567278510803,15.431091863965609,200.0,200.0,U
160,-61.51557421760852,15.43098559530245,200.0,200.0,U
161,-61.51392303684563,15.43160820689236,200.0,200.0,U
162,-61.51498725166614,15.431510829400015,200.0,200.0,U
163,-61.509959051504616,15.429508991931858,200.0,200.0,U
164,-61.51382702151168,15.431030703160024,200.0,200.0,U
165,-61.51421212792829,15.43205754017701,200.0,200.0,U
166,-61.51448750363524,15.433854883469126,200.0,200.0,U
167,-61.512993846153115,15.430040036915619,200.0,200.0,U
168,-61.51509651998804,15.433641527625074,200.0,200.0,U
169,-61.51455402706105,15.431347211243358,200.0,200.0,U
170,-61.51066953172857,15.4308368880373,200.0,200.0,U
171,-61.514768750445064,15.431219387880702,200.0,200.0,U
172,-61.51302201681797,15.43409710504585,200.0,200.0,U
173,-61.51757810010195,15.432157166293088,200.0,200.0,U
174,-61.51476581120365,15.431309071502834,200.0,200.0,U
175,-61.51290036986778,15.429081413901848,200.0,200.0,U
176,-61.514345389662765,15.431465154943881,200.0,200.0,U
177,-61.51067823137459,15.428468621060267,200.0,200.0,U
178,-61.51426187881735,15.431778712522839,200.0,200.0,U
179,-61.514311734492814,15.427788872975578,200.0,200.0,U
180,-61.51451722258301,15.431171480826288,200.0,200.0,U
181,-61.514313468596896,15.431475016018506,200.0,200.0,U
182,-61.515401676987985,15.43149144714844,200.0,200.0,U
183,-61.51484494934691,15.42921681039521,200.0,200.0,U
184,-61.51159743836017,15.43070959968687,200.0,200.0,U
185,-61.515243038500536,15.43135763192712,200.0,200.0,U
186,-61.51458109029808,15.431249109580417,200.0,200.0,U
187,-61.514729967363756,15.43354240341247,200.0,200.0,U
188,-61.51558229829729,15.43087898135485,200.0,200.0,U
189,-61.513820129528895,15.433265346866008,200.0,200.0,U
190,-61.514727527820156,15.430993748144418,200.0,200.0,U
191,-61.5152066665391,15.430819849637798,200.0,200.0,U
192,-61.514604006637185,15.431229561979608,200.0,200.0,U
193,-61.51362692574056,15.432132018850465,200.0,200.0,U
194,-61.51428608212583,15.431229672070533,200.0,200.0,U
195,-61.516476380702784,15.431383937588903,200.0,200.0,U
196,-61.515539900654815,15.432371982555711,200.0,200.0,U
197,-61.51547906968439,15.43019015998355,200.0,200.0,U
198,-61.51448823572591,15.43145210537012,200.0,200.0,U
199,-61.513345165259295,15.430441744495837,200.0,200.0,U
200,-61.51060281309724,15.432187176549048,200.0,200.0,U
201,-61.51057168940821,15.432696223567584,200.0,200.0,U
202,-61.512391690137655,15.42944003292049,200.0,200.0,U
203,-61.512148420211446,15.43065354429175,200.0,200.0,U
204,-61.515615143096475,15.430182971320724,200.0,200.0,U
205,-61.51490577832829,15.431093421593662,200.0,200.0,U
206,-61.51229706723636,15.43071346332304,200.0,200.0,U
207,-61.51496664640088,15.431157744071918,200.0,200.0,U
208,-61.51764575875826,15.43158607614834,200.0,200.0,U
209,-61.51479264339858,15.429156078935375,200.0,200.0,U
210,-61.517036544178026,15.43186935161051,200.0,200.0,U
211,-61.514658091841234,15.431401844486588,200.0,200.0,U
212,-61.515864845383646,15.42974109058666,200.0,200.0,U
213,-61.51363459382195,15.430250928281362,200.0,200.0,U
214,-61.51410302383679,15.430180244355133,200.0,200.0,U
215,-61.51622293846308,15.4298420416594,200.0,200.0,U
216,-61.51026757846859,15.428356542331837,200.0,200.0,U
217,-61.51831033138181,15.431830720445507,200.0,200.0,U
218,-61.51614845115956,15.42989381700653,200.0,200.0,U
219,-61.51373074707786,15.43019050257508,200.0,200.0,U
220,-61.51221138309165,15.430370783353446,200.0,200.0,U
221,-61.51317755268111,15.430747731430388,200.0,200.0,U
222,-61.512931976958626,15.431560700886717,200.0,200.0,U
223,-61.513924509924614,15.432012468511106,200.0,200.0,U
224,-61.51292061348657,15.430571284709526,200.0,200.0,U
225,-61.513922126585534,15.43078124156575,200.0,200.0,U
226,-61.51452913942598,15.432555481833505,200.0,200.0,U
227,-61.51580032690445,15.431830908490987,200.0,200.0,U
228,-61.51449928806236,15.430932823668003,200.0,200.0,U
229,-61.5124962665967,15.429578044275646,200.0,200.0,U
230,-61.51410969232396,15.431941751618169,200.0,200.0,U
231,-61.515194090643625,15.432148926944265,200.0,200.0,U
232,-61.51370353714713,15.431495826651501,200.0,200.0,U
233,-61.51439410820925,15.431163538549047,200.0,200.0,U
234,-61.51700592857606,15.427743060646083,200.0,200.0,U
235,-61.51702479520185,15.429819199427293,200.0,200.0,U
236,-61.51242370832132,15.42860919808374,200.0,200.0,U
237,-61.511212532586924,15.428637119482955,200.0,200.0,U
238,-61.51366119791066,15.42970108128067,200.0,200.0,U
239,-61.51397110357884,15.431447673806069,200.0,200.0,U
240,-61.51395070212507,15.43377872215614,200.0,200.0,U
241,-61.51374519077351,15.432067157874192,200.0,200.0,U
242,-61.514615840941424,15.431026072253283,200.0,200.0,U
243,-61.514482771364015,15.430862418778418,200.0,200.0,U
244,-61.51452280413089,15.430766438735441,200.0,200.0,U
245,-61.51596411215041,15.432256329994326,200.0,200.0,U
246,-61.513886706953116,15.430159278547139,200.0,200.0,U
247,-61.51323238703288,15.428073593961834,200.0,200.0,U
248,-61.514194652138656,15.430937680928594,200.0,200.0,U
249,-61.51338822141593,15.431515529047797,200.0,200.0,U
250,-61.5180073946655,15.430763386935253,200.0,200.0,U
251,-61.5178414971961,15.429175136384696,200.0,200.0,U
252,-61.51324137814985,15.43058549551609,200.0,200.0,U
253,-61.514440451236695,15.433814428496278,200.0,200.0,U
254,-61.513206724997104,15.430966229172641,200.0,200.0,U
255,-61.51293388484189,15.430174283195509,200.0,200.0,U
256,-61.51463544230748,15.430649639750941,200.0,200.0,U
257,-61.514255162541296,15.430630946992732,200.0,200.0,U
258,-61.51798475689712,15.431561417972237,200.0,200.0,U
259,-61.515278197300155,15.430543594858424,200.0,200.0,U
260,-61.51447038100311,15.431531577108181,200.0,200.0,U
261,-61.516070014895845,15.431293829734322,200.0,200.0,U
262,-61.51479647038412,15.430848375444068,200.0,200.0,U
263,-61.51636135953856,15.430284325834686,200.0,200.0,U
264,-61.51309263132566,15.43065079904748,200.0,200.0,U
265,-61.51386322815229,15.431576418135752,200.0,200.0,U
266,-61.514991303867816,15.430503533703158,200.0,200.0,U
267,-61.51512214717982,15.430812458636153,200.0,200.0,U
268,-61.51573282073657,15.431607413555055,200.0,200.0,U
269,-61.51451794185984,15.429989187483455,200.0,200.0,U
270,-61.513964295681134,15.43076908360548,200.0,200.0,U
271,-61.51418334500545,15.43065012422542,200.0,200.0,U
272,-61.51482785072664,15.430710157463642,200.0,200.0,U
273,-61.512083310708434,15.43134683430955,200.0,200.0,U
274,-61.515098565682585,15.428873309988198,200.0,200.0,U
275,-61.51536126825991,15.43103957791666,200.0,200.0,U
276,-61.514018740305936,15.433209622520826,200.0,200.0,U
277,-61.5165610929465,15.430233842878236,200.0,200.0,U
278,-61.514870073269655,15.428971816113314,200.0,200.0,U
279,-61.51578248774484,15.431312857568752,200.0,200.0,U
280,-61.5115201226092,15.427270684078266,200.0,200.0,U
281,-61.51419636326005,15.429155917494436,200.0,200.0,U
282,-61.5144366966583,15.430477127445327,200.0,200.0,U
283,-61.5142974089689,15.428773682659454,200.0,200.0,U
284,-61.51555207069645,15.430874964294887,200.0,200.0,U
285,-61.51453145082792,15.428654165202234,200.0,200.0,U
286,-61.516710211740275,15.43006010652069,200.0,200.0,U
287,-61.51595372755792,15.433210028336124,200.0,200.0,U
288,-61.516891906354935,15.42753342371404,200.0,200.0,U
289,-61.51410948833557,15.43039579400241,200.0,200.0,U
290,-61.515197861567714,15.428759850077945,200.0,200.0,U
291,-61.51483241873516,15.42945368497108,200.0,200.0,U
292,-61.513914018364105,15.430109389462524,200.0,200.0,U
293,-61.5144261565589,15.430390256322502,200.0,200.0,U
294,-61.51299003255295,15.431122326284765,200.0,200.0,U
295,-61.51523510811084,15.429551926379489,200.0,200.0,U
296,-61.514953799557084,15.432418020188235,200.0,200.0,U
297,-61.51461572751433,15.43304915971272,200.0,200.0,U
298,-61.51132654301164,15.432669261651922,200.0,200.0,U
299,-61.51413368962013,15.430467004094801,200.0,200.0,U
300,-61.514141311752475,15.430349959101697,200.0,200.0,U
301,-61.51094019929357,15.434034295262332,200.0,200.0,U
302,-61.51501313152295,15.428692292410316,200.0,200.0,U
303,-61.51392545381875,15.42846100610523,200.0,200.0,U
304,-61.51420522363484,15.430455926012284,200.0,200.0,U
305,-61.51594678843215,15.42952521184217,200.0,200.0,U
306,-61.51414308022156,15.430748587423391,200.0,200.0,U
307,-61.513966174387406,15.4307485471819,200.0,200.0,U
308,-61.51477712151847,15.42877800209748,200.0,200.0,U
309,-61.51325393832205,15.429667241147142,200.0,200.0,U
310,-61.51503829011483,15.429707524879856,200.0,200.0,U
311,-61.51423824314454,15.433011910765467,200.0,200.0,U
312,-61.51384237861194,15.43022749741752,200.0,200.0,U
313,-61.513714760233675,15.432169115595242,200.0,200.0,U
314,-61.51459256039408,15.429233628408316,200.0,200.0,U
315,-61.51304625858989,15.430646148701262,200.0,200.0,U
316,-61.51406023051956,15.429116789619917,200.0,200.0,U
317,-61.514337271973645,15.43018431713879,200.0,200.0,U
318,-61.5126631328086,15.428726873852323,200.0,200.0,U
319,-61.51164542371964,15.431420123775673,200.0,200.0,U
320,-61.514202179472946,15.43131700714505,200.0,200.0,U
321,-61.513681826186044,15.428831935609976,200.0,200.0,U
322,-61.51435400568637,15.43023691323525,200.0,200.0,U
323,-61.5143044402797,15.429732950437074,200.0,200.0,U
324,-61.514396651802876,15.430132975247139,200.0,200.0,U
325,-61.51458058715384,15.428540809606114,200.0,200.0,U
326,-61.51203446030067,15.429192873301393,200.0,200.0,U
327,-61.51483396681799,15.432721929717987,200.0,200.0,U
328,-61.515353582562064,15.429583765851833,200.0,200.0,U
329,-61.514712910568996,15.431991601972756,200.0,200.0,U
330,-61.51465038148663,15.43051816421261,200.0,200.0,U
331,-61.515491963115934,15.428053506269702,200.0,200.0,U
332,-61.51394028192707,15.430928343550164,200.0,200.0,U
333,-61.51503777894085,15.429248369929143,200.0,200.0,U
334,-61.514611507331416,15.426933810373058,200.0,200.0,U
335,-61.51391435393137,15.429572415920694,200.0,200.0,U
336,-61.515237826888026,15.430069074013351,200.0,200.0,U
337,-61.515109627971746,15.429558304938443,200.0,200.0,U
338,-61.51342110992206,15.430298133530162,200.0,200.0,U
339,-61.5137537316266,15.425820648209747,200.0,200.0,U
340,-61.512453563911095,15.431244545272731,200.0,200.0,U
341,-61.51372039114107,15.430909442026445,200.0,200.0,U
342,-61.514258123172745,15.430013465958345,200.0,200.0,U
343,-61.513471698651536,15.4290761692831,200.0,200.0,U
344,-61.51537316803792,15.43065176891074,200.0,200.0,U
345,-61.514112704206454,15.42988499579957,200.0,200.0,U
346,-61.51384589949995,15.42649795082974,200.0,200.0,U
347,-61.51140093933753,15.427299186685238,200.0,200.0,U
348,-61.51383670923547,15.429648073656073,200.0,200.0,U
349,-61.51375568986342,15.429756346166803,200.0,200.0,U
350,-61.51458697388214,15.42786541795805,200.0,200.0,U
351,-61.51501972519736,15.42986673278224,200.0,200.0,U
352,-61.516044451289964,15.431121036258812,200.0,200.0,U
353,-61.514297006725535,15.429186743630279,200.0,200.0,U
354,-61.517257559507684,15.430200853374846,200.0,200.0,U
355,-61.51460763036118,15.429764204127178,200.0,200.0,U
356,-61.51539650633982,15.430263697430915,200.0,200.0,U
357,-61.515795193925555,15.431128854034952,200.0,200.0,U
358,-61.51327385580408,15.42720682330278,200.0,200.0,U
359,-61.5143427992701,15.429193261182071,200.0,200.0,U
360,-61.512367157901636,15.426899593177778,200.0,200.0,U
361,-61.51348406395299,15.429713452911844,200.0,200.0,U
362,-61.51106653739099,15.426867824519144,200.0,200.0,U
363,-61.51498402804334,15.433127056317161,200.0,200.0,U
364,-61.51418125847495,15.431410840768132,200.0,200.0,U
365,-61.51415518611259,15.427571654899753,200.0,200.0,U
366,-61.51118199640926,15.431700231099853,200.0,200.0,U
367,-61.513673308854,15.429366650679786,200.0,200.0,U
368,-61.516501535815216,15.428578258585853,200.0,200.0,U
369,-61.512140626471115,15.426459088635676,200.0,200.0,U
370,-61.51247899132732,15.427910766874515,200.0,200.0,U
371,-61.516713078551284,15.430230975957215,200.0,200.0,U
372,-61.51430561666924,15.429736325819007,200.0,200.0,U
373,-61.51484216921848,15.429626546964917,200.0,200.0,U
374,-61.51434042817311,15.429637674736524,200.0,200.0,U
375,-61.51567461554152,15.429675866296916,200.0,200.0,U
376,-61.51413591509567,15.428719498971267,200.0,200.0,U
377,-61.51396941181935,15.429714981515186,200.0,200.0,U
378,-61.514107150916026,15.429032160488996,200.0,200.0,U
379,-61.51436008930732,15.429825654117954,200.0,200.0,U
380,-61.5116588087947,15.429902989158805,200.0,200.0,U
381,-61.514647432006605,15.429429291493864,200.0,200.0,U
382,-61.51313390784386,15.429197679599188,200.0,200.0,U
383,-61.515205718242676,15.430760546717185,200.0,200.0,U
384,-61.51427151814913,15.42961603698332,200.0,200.0,U
385,-61.51343684981837,15.430643114299853,200.0,200.0,U
386,-61.51355005702242,15.43092413719676,200.0,200.0,U
387,-61.516169496752276,15.42628760527664,200.0,200.0,U
388,-61.512566823635616,15.431553756365807,200.0,200.0,U
389,-61.512797053433616,15.427812693674273,200.0,200.0,U
390,-61.51191920426587,15.429670310583099,200.0,200.0,U
391,-61.51562240971417,15.427064873204603,200.0,200.0,U
392,-61.51446865863692,15.429669649030787,200.0,200.0,U
393,-61.51415073008679,15.428621558473681,200.0,200.0,U
394,-61.51534293693475,15.430456506241349,200.0,200.0,U
395,-61.51445553453047,15.425684887286653,200.0,200.0,U
396,-61.51406239001543,15.42823948022051,200.0,200.0,U
397,-61.51362190672796,15.430390453257875,200.0,200.0,U
398,-61.515192645148844,15.431277585195465,200.0,200.0,U
399,-61.51424601648146,15.429440619578264,200.0,200.0,U
400,-61.513997946005844,15.428192878804527,200.0,200.0,U
401,-61.51310110249707,15.431121324736123,200.0,200.0,U
402,-61.51359871232755,15.43037779714019,200.0,200.0,U
403,-61.51380513459167,15.428979627146225,200.0,200.0,U
404,-61.513812019751875,15.433347083809856,200.0,200.0,U
405,-61.51452988785949,15.429460964754128,200.0,200.0,U
406,-61.51254007649418,15.429718816809388,200.0,200.0,U
407,-61.51701721383332,15.429933567156635,200.0,200.0,U
408,-61.514209773924584,15.42939705490379,200.0,200.0,U
409,-61.51432962773845,15.429272350126821,200.0,200.0,U
410,-61.51244275459195,15.428072197907335,200.0,200.0,U
411,-61.51479609841852,15.429804095597069,200.0,200.0,U
412,-61.51457543506974,15.435423669227852,200.0,200.0,U
413,-61.51469037995767,15.429817542006617,200.0,200.0,U
414,-61.514527344073905,15.429619982200657,200.0,200.0,U
415,-61.51161010944597,15.428655167637435,200.0,200.0,U
416,-61.5142829989432,15.429665890917432,200.0,200.0,U
417,-61.515329988774184,15.42768529439657,200.0,200.0,U
418,-61.51427453462668,15.428962867963502,200.0,200.0,U
419,-61.513836715389345,15.426224905431061,200.0,200.0,U
420,-61.5122284910911,15.42804084217274,200.0,200.0,U
421,-61.51392760148934,15.429827103461804,200.0,200.0,U
422,-61.5131389934873,15.428805418774013,200.0,200.0,U
423,-61.51586959084912,15.429850037310917,200.0,200.0,U
424,-61.515985663018995,15.428253971249056,200.0,200.0,U
425,-61.51689468817415,15.427483507964961,200.0,200.0,U
426,-61.514825773392175,15.428563526196344,200.0,200.0,U
427,-61.51513875744576,15.429253141787441,200.0,200.0,U
428,-61.515462357468124,15.428823617306596,200.0,200.0,U
429,-61.513985404297536,15.429752580401864,200.0,200.0,U
430,-61.513789923704095,15.430348988541626,200.0,200.0,U
431,-61.515219199687,15.429258086850945,200.0,200.0,U
432,-61.517343893178285,15.428508333529733,200.0,200.0,U
433,-61.51417503243633,15.42813930396876,200.0,200.0,U
434,-61.51493570770027,15.42819548910235,200.0,200.0,U
435,-61.511194358490926,15.429894116741979,200.0,200.0,U
436,-61.514593565188484,15.429422671139447,200.0,200.0,U
437,-61.51592096194143,15.430114488577543,200.0,200.0,U
438,-61.51424716399706,15.428670221627618,200.0,200.0,U
439,-61.51214657357513,15.426677316532654,200.0,200.0,U
440,-61.51410704916214,15.429242167388118,200.0,200.0,U
441,-61.51745536463946,15.427635801020594,200.0,200.0,U
442,-61.51276542847018,15.426569742680494,200.0,200.0,U
443,-61.51254674591297,15.430086680926273,200.0,200.0,U
444,-61.51336639007151,15.429480486064712,200.0,200.0,U
445,-61.517058452232995,15.432304336977634,200.0,200.0,U
446,-61.51415769020267,15.429685921423832,200.0,200.0,U
447,-61.51278558933031,15.431722989907865,200.0,200.0,U
448,-61.51424550865099,15.429561158333634,200.0,200.0,U
449,-61.51445964884671,15.430951103594111,200.0,200.0,U
450,-61.51395374214708,15.430832284597514,200.0,200.0,U
451,-61.51351265606911,15.429843139090565,200.0,200.0,U
452,-61.51470028075408,15.429146656418093,200.0,200.0,U
453,-61.513833243751186,15.430286520957614,200.0,200.0,U
454,-61.5140852847485,15.428754380042225,200.0,200.0,U
455,-61.51575867934445,15.428493174310598,200.0,200.0,U
456,-61.51322621538976,15.42900832695491,200.0,200.0,U
457,-61.51349633784878,15.428870103917198,200.0,200.0,U
458,-61.512664732706696,15.429029614516802,200.0,200.0,U
459,-61.51530695055481,15.427876758744778,200.0,200.0,U
460,-61.514334978718,15.427810625947316,200.0,200.0,U
461,-61.51406348869708,15.428584707025317,200.0,200.0,U
462,-61.510843940520516,15.42965550442691,200.0,200.0,U
463,-61.51517112692566,15.428754801214629,200.0,200.0,U
464,-61.51460898804028,15.427710427675754,200.0,200.0,U
465,-61.51195207345994,15.430344659587183,200.0,200.0,U
466,-61.51518138605896,15.427951119159705,200.0,200.0,U
467,-61.51381770673846,15.428674377565004,200.0,200.0,U
468,-61.514161464599084,15.428920990381357,200.0,200.0,U
469,-61.51413942358486,15.428865567331282,200.0,200.0,U
470,-61.513394289322086,15.428456565593617,200.0,200.0,U
471,-61.51485961612618,15.426285154877066,200.0,200.0,U
472,-61.51395847390306,15.429016795370666,200.0,200.0,U
473,-61.51229585475473,15.43004251837669,200.0,200.0,U
474,-61.51402053353783,15.429186283449381,200.0,200.0,U
475,-61.5132770877821,15.430166495168141,200.0,200.0,U
476,-61.514540060136895,15.428857104204463,200.0,200.0,U
477,-61.51658992512601,15.429088897535106,200.0,200.0,U
478,-61.51525277770736,15.427251438506415,200.0,200.0,U
479,-61.512146688923806,15.42948442700846,200.0,200.0,U
480,-61.51473973162634,15.428933956254403,200.0,200.0,U
481,-61.515457031450865,15.423800085502318,200.0,200.0,U
482,-61.514781262132836,15.427769451842355,200.0,200.0,U
483,-61.51418749979314,15.428790268295172,200.0,200.0,U
484,-61.51473707133025,15.427544273977853,200.0,200.0,U
485,-61.51327777349459,15.429383308499759,200.0,200.0,U
486,-61.51224486212359,15.429107875267876,200.0,200.0,U
487,-61.514138839926524,15.428725981683206,200.0,200.0,U
488,-61.51579656987753,15.42602277066184,200.0,200.0,U
489,-61.512897702685386,15.428227558580206,200.0,200.0,U
490,-61.512446528005796,15.430744214825799,200.0,200.0,U
491,-61.51403200107016,15.42835647427035,200.0,200.0,U
492,-61.51752754255572,15.428862981475774,200.0,200.0,U
493,-61.51440891855117,15.428502395279631,200.0,200.0,U
494,-61.514165134342896,15.427600748059533,200.0,200.0,U
495,-61.51514125834418,15.427511424236648,200.0,200.0,U
496,-61.51428145648247,15.429529992962443,200.0,200.0,U
497,-61.51409814297587,15.429965173217218,200.0,200.0,U
498,-61.51389195655532,15.429294733365703,200.0,200.0,U
499,-61.513271157200016,15.429354999714992,200.0,200.0,U
500,-61.51397665877386,15.428827116524063,200.0,200.0,U
501,-61.51279867277579,15.428128790665385,200.0,200.0,U
502,-61.51450601982737,15.428928932442322,200.0,200.0,U
503,-61.51537354733619,15.427816104863773,200.0,200.0,U
504,-61.516723055492484,15.426553622294858,200.0,200.0,U
505,-61.51168506301799,15.429564283283835,200.0,200.0,U
506,-61.512300079358745,15.427840849271282,200.0,200.0,U
507,-61.51582320224966,15.428909934641892,200.0,200.0,U
508,-61.51410180194098,15.428685538149695,200.0,200.0,U
509,-61.51253063516676,15.424383393837767,200.0,200.0,U
510,-61.51308685794096,15.427858042798066,200.0,200.0,U
511,-61.513316495263325,15.428323496590084,200.0,200.0,U
512,-61.51112656910553,15.430757798006336,200.0,200.0,U
513,-61.514823461894395,15.426547509748264,200.0,200.0,U
514,-61.51424578901624,15.427691152095978,200.0,200.0,U
515,-61.515347962096776,15.428090936239427,200.0,200.0,U
516,-61.51355898302574,15.428770582884153,200.0,200.0,U
517,-61.51349429818308,15.42647616813466,200.0,200.0,U
518,-61.5129103206741,15.428410911833002,200.0,200.0,U
519,-61.51498476032747,15.42687164599493,200.0,200.0,U
520,-61.51464355446798,15.428258471715687,200.0,200.0,U
521,-61.51081253923671,15.43009761486345,200.0,200.0,U
522,-61.513331304688556,15.428023194206174,200.0,200.0,U
523,-61.51508839443428,15.428186468636925,200.0,200.0,U
524,-61.51382876513096,15.429525723462083,200.0,200.0,U
525,-61.51352304759871,15.428365509799963,200.0,200.0,U
526,-61.51422655832858,15.428370656042944,200.0,200.0,U
527,-61.513793893928,15.429489126965109,200.0,200.0,U
528,-61.513090043706214,15.428566765196393,200.0,200.0,U
529,-61.513959002799204,15.428586424882846,200.0,200.0,U
530,-61.51109424445493,15.42894706153375,200.0,200.0,U
531,-61.514231721128255,15.428082111606319,200.0,200.0,U
532,-61.512577460492224,15.428146879779453,200.0,200.0,U
533,-61.51270191127585,15.429142422704835,200.0,200.0,U
534,-61.51390193914919,15.429223510426757,200.0,200.0,U
535,-61.51484034692148,15.427516690058315,200.0,200.0,U
536,-61.513884997794925,15.424889519248223,200.0,200.0,U
537,-61.51484220406984,15.426852705783698,200.0,200.0,U
538,-61.51371302573258,15.428613169452221,200.0,200.0,U
539,-61.513824206565566,15.427820678993456,200.0,200.0,U
540,-61.51418267866428,15.427936808970017,200.0,200.0,U
541,-61.51405130707125,15.428322506085605,200.0,200.0,U
542,-61.514229501653794,15.428284166668098,200.0,200.0,U
543,-61.513199905482715,15.429308934732276,200.0,200.0,U
544,-61.51587773157887,15.42710289124098,200.0,200.0,U
545,-61.51464222172389,15.42897654892476,200.0,200.0,U
546,-61.5137918276165,15.42986910380392,200.0,200.0,U
547,-61.51391135575227,15.428250586577859,200.0,200.0,U
548,-61.51433555066125,15.428454700363122,200.0,200.0,U
549,-61.51927884856628,15.4302295762996,200.0,200.0,U
550,-61.51318555045476,15.429820949820687,200.0,200.0,U
551,-61.51383871273054,15.428995664706857,200.0,200.0,U
552,-61.51393767595069,15.427003038553954,200.0,200.0,U
553,-61.51419028980992,15.427583328869455,200.0,200.0,U
554,-61.51416226999962,15.428113973631053,200.0,200.0,U
555,-61.51176475302749,15.428081542865984,200.0,200.0,U
556,-61.51402852684231,15.428176364722693,200.0,200.0,U
557,-61.51264920173033,15.427832872534578,200.0,200.0,U
558,-61.51777791714395,15.427792526970073,200.0,200.0,U
559,-61.513384162124616,15.428419861694435,200.0,200.0,U
560,-61.5143224735345,15.428107036497755,200.0,200.0,U
561,-61.51459634505992,15.428658769663556,200.0,200.0,U
562,-61.51376583113533,15.428845580942191,200.0,200.0,U
563,-61.51328404859728,15.425987774842932,200.0,200.0,U
564,-61.513300054295954,15.428694080742746,200.0,200.0,U
565,-61.51544496999057,15.42701545449944,200.0,200.0,U
566,-61.51411678383404,15.428035869328303,200.0,200.0,U
567,-61.512885825240424,15.430046223853578,200.0,200.0,U
568,-61.51307699484853,15.427279708167566,200.0,200.0,U
569,-61.512114236223375,15.4254750931387,200.0,200.0,U
570,-61.51536586292233,15.42820656564731,200.0,200.0,U
571,-61.514531605134955,15.428894764616873,200.0,200.0,U
572,-61.51599633606451,15.426474777465492,200.0,200.0,U
573,-61.51468647563571,15.427215806783591,200.0,200.0,U
574,-61.514332523650125,15.428026639636093,200.0,200.0,U
575,-61.514181848255866,15.42882595599047,200.0,200.0,U
576,-61.51362851845012,15.427904250917923,200.0,200.0,U
577,-61.51441416072576,15.428722169736199,200.0,200.0,U
578,-61.51436556302676,15.427867619065195,200.0,200.0,U
579,-61.514629003528206,15.425841723370748,200.0,200.0,U
580,-61.513557884910895,15.428070126218785,200.0,200.0,U
581,-61.514187202020196,15.429430451224878,200.0,200.0,U
582,-61.51652228046437,15.42675996418934,200.0,200.0,U
583,-61.51490826581217,15.427092337835854,200.0,200.0,U
584,-61.51377941667692,15.429141362969297,200.0,200.0,U
585,-61.51175386273935,15.428972700196306,200.0,200.0,U
586,-61.515541847519,15.428104312123645,200.0,200.0,U
587,-61.51317815700117,15.429091995612103,200.0,200.0,U
588,-61.51247531265143,15.428742744620175,200.0,200.0,U
589,-61.513784422153826,15.427646502951212,200.0,200.0,U
590,-61.515353808255206,15.428627605440992,200.0,200.0,U
591,-61.512839511139106,15.427048289904032,200.0,200.0,U
592,-61.511906553006156,15.42833428146593,200.0,200.0,U
593,-61.512778331304354,15.428481223546191,200.0,200.0,U
594,-61.5141201605077,15.427792180943895,200.0,200.0,U
595,-61.51265603710993,15.428347506019444,200.0,200.0,U
596,-61.51553492247267,15.428054466311929,200.0,200.0,U
597,-61.513699864373415,15.429162789798069,200.0,200.0,U
598,-61.513972732400035,15.428259716683133,200.0,200.0,U
599,-61.516331706950965,15.426709911317065,200.0,200.0,U
600,-61.51396887667481,15.427941332538468,200.0,200.0,U
601,-61.51394148939308,15.428030871605822,200.0,200.0,U
602,-61.513541469486086,15.427904287845438,200.0,200.0,U
603,-61.51296688966135,15.429897296761483,200.0,200.0,U
604,-61.51301236937898,15.427902910618357,200.0,200.0,U
605,-61.51270750119513,15.428245977205014,200.0,200.0,U
606,-61.51568217168981,15.428895911658659,200.0,200.0,U
607,-61.51370838785039,15.42725311356757,200.0,200.0,U
608,-61.51462811194915,15.426695689274695,200.0,200.0,U
609,-61.513808873975066,15.427259812126925,200.0,200.0,U
610,-61.51167512536504,15.428701919525878,200.0,200.0,U
611,-61.51388820083924,15.427572533665867,200.0,200.0,U
612,-61.51388335919769,15.42704247223097,200.0,200.0,U
613,-61.51390786948984,15.427908350674771,200.0,200.0,U
614,-61.51330570671303,15.427575663461015,200.0,200.0,U
615,-61.51421663528663,15.428485561999826,200.0,200.0,U
616,-61.51406037462256,15.42788880758689,200.0,200.0,U
617,-61.51446446838606,15.427829385794386,200.0,200.0,U
618,-61.515669355794955,15.429527569876862,200.0,200.0,U
619,-61.51544563059556,15.427315170887102,200.0,200.0,U
620,-61.51197589627455,15.429166558623479,200.0,200.0,U
621,-61.51352830853123,15.428447580197544,200.0,200.0,U
622,-61.51426530007364,15.427509896910774,200.0,200.0,U
623,-61.51442782809758,15.42615804243172,200.0,200.0,U
624,-61.514466524277466,15.429121663916543,200.0,200.0,U
625,-61.51294949387975,15.428666461897475,200.0,200.0,U
626,-61.51387413212962,15.427651220164245,200.0,200.0,U
627,-61.5169444899548,15.426722521336162,200.0,200.0,U
628,-61.514994569695816,15.427928110533324,200.0,200.0,U
629,-61.51399097805941,15.427570617524676,200.0,200.0,U
630,-61.51493944120903,15.427788731850171,200.0,200.0,U
631,-61.513911194840425,15.42906143413945,200.0,200.0,U
632,-61.51387912065387,15.425961926905954,200.0,200.0,U
633,-61.51319069846548,15.427392353606818,200.0,200.0,U
634,-61.51316174504531,15.426784795440144,200.0,200.0,U
635,-61.513720998637,15.42622842553303,200.0,200.0,U
636,-61.51404130424928,15.426514322766355,200.0,200.0,U
637,-61.51327846402865,15.427332994446871,200.0,200.0,U
638,-61.51679426996391,15.426110782677846,200.0,200.0,U
639,-61.5121935287552,15.427201846122168,200.0,200.0,U
640,-61.51255001868541,15.425278238983331,200.0,200.0,U
641,-61.51393496800137,15.427505669091477,200.0,200.0,U
642,-61.51427320159858,15.428490699431435,200.0,200.0,U
643,-61.51278413755396,15.424356510712297,200.0,200.0,U
644,-61.51425467387785,15.425941241207262,200.0,200.0,U
645,-61.51399918381218,15.427045971728596,200.0,200.0,U
646,-61.51381955112041,15.427438803632285,200.0,200.0,U
647,-61.5125387301951,15.42627474905669,200.0,200.0,U
648,-61.51298246246585,15.428607989977236,200.0,200.0,U
649,-61.51425892577659,15.427416398878295,200.0,200.0,U
650,-61.515739317815694,15.428228456682671,200.0,200.0,U
651,-61.514407032526165,15.42690722555957,200.0,200.0,U
1321,-61.5126605259006,15.421629920203438,200.0,200.0,U
1322,-61.51408296591473,15.422617807267175,200.0,200.0,U
1323,-61.51370143207067,15.422340005490206,200.0,200.0,U
1324,-61.51163665555999,15.42216323882898,200.0,200.0,U
1325,-61.512929391767756,15.421841392088416,200.0,200.0,U
1326,-61.51672494959621,15.422524399650465,200.0,200.0,U
1327,-61.514888581898276,15.421524207412578,200.0,200.0,U
1328,-61.512200116613975,15.420374396721712,200.0,200.0,U
1329,-61.515268056681194,15.421060557646099,200.0,200.0,U
1330,-61.51353351178985,15.420754829610107,200.0,200.0,U
1331,-61.51445398109387,15.423362111123254,200.0,200.0,U
1332,-61.51298772621191,15.418351420900207,200.0,200.0,U
1333,-61.513134851923404,15.422574097169642,200.0,200.0,U
1334,-61.51338733245093,15.422584888707108,200.0,200.0,U
1335,-61.51574609830872,15.422815385446587,200.0,200.0,U
1336,-61.5116462234064,15.423235512619355,200.0,200.0,U
1337,-61.51125523229862,15.421359573139261,200.0,200.0,U
1338,-61.513076469378554,15.421784457298575,200.0,200.0,U
1339,-61.51398275871869,15.421301580578938,200.0,200.0,U
1340,-61.51374846779328,15.421241551779108,200.0,200.0,U
1341,-61.51445338379163,15.419774149761603,200.0,200.0,U
1342,-61.51565222836455,15.42266224888039,200.0,200.0,U
1343,-61.513969195249715,15.421400237791918,200.0,200.0,U
1344,-61.51371769179273,15.421407787989638,200.0,200.0,U
1345,-61.508923052744954,15.420811026082822,200.0,200.0,U
1346,-61.51459435423366,15.42288983039661,200.0,200.0,U
1347,-61.51257318240302,15.420719384532665,200.0,200.0,U
1348,-61.513149633005725,15.421685760336064,200.0,200.0,U
1349,-61.51280803941686,15.421447617801359,200.0,200.0,U
1350,-61.51469566529477,15.42206852716512,200.0,200.0,U
1351,-61.51262694963709,15.421400825700719,200.0,200.0,U
1352,-61.51223079492404,15.42320311981847,200.0,200.0,U
1353,-61.51436562740361,15.421238586533336,200.0,200.0,U
1354,-61.51441354291219,15.421235451809327,200.0,200.0,U
1355,-61.51303111072578,15.421379514397902,200.0,200.0,U
1356,-61.51327299195043,15.42025540312117,200.0,200.0,U
1357,-61.512423971672916,15.421581469033425,200.0,200.0,U
1358,-61.51318858670268,15.421676335394256,200.0,200.0,U
1359,-61.51280904648595,15.422317385894779,200.0,200.0,U
1360,-61.51151276829903,15.42204160638392,200.0,200.0,U
1361,-61.51296105684034,15.42135633702297,200.0,200.0,U
1362,-61.512065051401514,15.421845027675342,200.0,200.0,U
1363,-61.514207589657,15.420599930633376,200.0,200.0,U
1364,-61.51399177544798,15.423301990579667,200.0,200.0,U
1365,-61.51277835299312,15.421931315916638,200.0,200.0,U
1366,-61.51150417810548,15.422819433087264,200.0,200.0,U
1367,-61.51290827418341,15.421947052081904,200.0,200.0,U
1368,-61.51373415657681,15.422988239569277,200.0,200.0,U
1369,-61.512756667647125,15.421027704528527,200.0,200.0,U
1370,-61.51423065239688,15.421600052190204,200.0,200.0,U
1371,-61.514696849667374,15.421746628856088,200.0,200.0,U
1372,-61.51173460403238,15.421591556021133,200.0,200.0,U
1373,-61.51362855646445,15.421413313693757,200.0,200.0,U
1374,-61.513185896902556,15.419970387979237,200.0,200.0,U
1375,-61.513642300926506,15.41935845390852,200.0,200.0,U
1376,-61.510043969328386,15.423473289205244,200.0,200.0,U
1377,-61.51327376261735,15.420039884794496,200.0,200.0,U
1378,-61.513856438657825,15.421647023274307,200.0,200.0,U
1379,-61.51382170356123,15.424443007442793,200.0,200.0,U
1380,-61.51214179837791,15.421211362407718,200.0,200.0,U
1381,-61.51305836356437,15.421658630708388,200.0,200.0,U
1382,-61.516407329055205,15.420884087014068,200.0,200.0,U
1383,-61.513037013496145,15.421369270949299,200.0,200.0,U
1384,-61.51363998399138,15.422553633096824,200.0,200.0,U
1385,-61.51270257448769,15.421758045417072,200.0,200.0,U
1386,-61.51439930481677,15.418780215729507,200.0,200.0,U
1387,-61.51297959898412,15.419775847679665,200.0,200.0,U
1388,-61.51284534098156,15.421339019951546,200.0,200.0,U
1389,-61.512182798120385,15.421336661324895,200.0,200.0,U
1390,-61.51291488658984,15.42173452503862,200.0,200.0,U
1391,-61.513012400496166,15.420935939349764,200.0,200.0,U
1392,-61.51273277738929,15.420137471213971,200.0,200.0,U
1393,-61.51353929293421,15.420198442698288,200.0,200.0,U
1394,-61.51305402477571,15.42173690862045,200.0,200.0,U
1395,-61.51115062161514,15.421964696775383,200.0,200.0,U
1396,-61.51034729569372,15.422240348758221,200.0,200.0,U
1397,-61.51377914180288,15.421805423263018,200.0,200.0,U
1398,-61.51343126929592,15.423647889754179,200.0,200.0,U
1399,-61.51406166657569,15.422436267747273,200.0,200.0,U
1400,-61.51522023791222,15.420041015378699,200.0,200.0,U
1401,-61.512572348881385,15.421574537533939,200.0,200.0,U
1402,-61.512732732536314,15.420279847196278,200.0,200.0,U
1403,-61.51431843912967,15.41963978989396,200.0,200.0,U
1404,-61.51355839161204,15.42288663397739,200.0,200.0,U
1405,-61.513501946018806,15.4216669945501,200.0,200.0,U
1406,-61.513905730521,15.420442858083787,200.0,200.0,U
1407,-61.51338761409506,15.41957198508185,200.0,200.0,U
1408,-61.510864265361384,15.421795701576862,200.0,200.0,U
1409,-61.51294392449506,15.420846186523697,200.0,200.0,U
1410,-61.509523855478214,15.418210812692575,200.0,200.0,U
1411,-61.513209057459456,15.421615157981309,200.0,200.0,U
1412,-61.5136143455748,15.42330563056337,200.0,200.0,U
1413,-61.51377946344618,15.421580781508284,200.0,200.0,U
1414,-61.51296329482523,15.421158304528372,200.0,200.0,U
1415,-61.51346782811745,15.421139088067372,200.0,200.0,U
1416,-61.51293179315433,15.420478220514862,200.0,200.0,U
1417,-61.51243919867688,15.418656409946005,200.0,200.0,U
1418,-61.51337201358208,15.419934371927972,200.0,200.0,U
1419,-61.5098610431671,15.420122831317983,200.0,200.0,U
1420,-61.51280934690037,15.420896450920543,200.0,200.0,U
1421,-61.513331639629406,15.421060731300521,200.0,200.0,U
1422,-61.5120708729314,15.420826486779932,200.0,200.0,U
1423,-61.51364969358776,15.420736537635399,200.0,200.0,U
1424,-61.513284510149255,15.421701942784287,200.0,200.0,U
1425,-61.51303569513068,15.420979653856913,200.0,200.0,U
1426,-61.51270548389155,15.420774767424149,200.0,200.0,U
1427,-61.51260126983736,15.420123643328866,200.0,200.0,U
1428,-61.511889324504104,15.420432888978937,200.0,200.0,U
1429,-61.51181053743838,15.420943706244211,200.0,200.0,U
1430,-61.5129416538619,15.420933141168975,200.0,200.0,U
1431,-61.51403934191053,15.423379562075915,200.0,200.0,U
1432,-61.51497593712774,15.421000722760567,200.0,200.0,U
1433,-61.51358321581492,15.42284361004657,200.0,200.0,U
1434,-61.512275692704854,15.4206403395297,200.0,200.0,U
1435,-61.51251080770388,15.41708477123834,200.0,200.0,U
1436,-61.51413120174364,15.42003023018654,200.0,200.0,U
1437,-61.513395897033995,15.417878305206973,200.0,200.0,U
1438,-61.5129452821221,15.421032206108466,200.0,200.0,U
1439,-61.51687741312427,15.422170269273279,200.0,200.0,U
1440,-61.51254341421674,15.419293499014374,200.0,200.0,U
1441,-61.513732368065455,15.421189567067415,200.0,200.0,U
1442,-61.51375320144326,15.422056814810507,200.0,200.0,U
1443,-61.51287823055887,15.42076612927764,200.0,200.0,U
1444,-61.516385899321236,15.420894302169666,200.0,200.0,U
1445,-61.51389257257364,15.420844821179267,200.0,200.0,U
1446,-61.51333196214123,15.422201287922361,200.0,200.0,U
1447,-61.513638754483225,15.42098737692725,200.0,200.0,U
1448,-61.5130453626952,15.42138489329896,200.0,200.0,U
1449,-61.51461084333651,15.42487383646202,200.0,200.0,U
1450,-61.51223046376926,15.420176335792618,200.0,200.0,U
1451,-61.51182889187499,15.418882256697653,200.0,200.0,U
1452,-61.51391595581109,15.421262457307245,200.0,200.0,U
1453,-61.51283653751139,15.41904842865336,200.0,200.0,U
1454,-61.512738364187705,15.420897324667585,200.0,200.0,U
1455,-61.51598618772023,15.421338621514238,200.0,200.0,U
1456,-61.50950300099603,15.419689054470764,200.0,200.0,U
1457,-61.51275034648958,15.420213084044011,200.0,200.0,U
1458,-61.51250304501704,15.42151443570725,200.0,200.0,U
1459,-61.514388890433885,15.422801279628356,200.0,200.0,U
1460,-61.51240968134254,15.419527414476166,200.0,200.0,U
1461,-61.51506155706869,15.4201702197554,200.0,200.0,U
1462,-61.512367249183164,15.421252212986948,200.0,200.0,U
1463,-61.51173428953489,15.422635920679413,200.0,200.0,U
1464,-61.51292411395081,15.421191946020388,200.0,200.0,U
1465,-61.51289280117325,15.418117105683313,200.0,200.0,U
1466,-61.51495970646135,15.419541440422892,200.0,200.0,U
1467,-61.5132725447715,15.423508951623736,200.0,200.0,U
1468,-61.51291569085093,15.420135558199888,200.0,200.0,U
1469,-61.514949360241516,15.419995552574301,200.0,200.0,U
1470,-61.513137457374555,15.420716374861808,200.0,200.0,U
1471,-61.515657589055074,15.421217427725296,200.0,200.0,U
1472,-61.51291187354828,15.420640321135066,200.0,200.0,U
1473,-61.514089190313236,15.421901455654899,200.0,200.0,U
1474,-61.51159526972455,15.421411345532281,200.0,200.0,U
1475,-61.51367342276582,15.420594172242563,200.0,200.0,U
1476,-61.51378458718918,15.418725624446761,200.0,200.0,U
1477,-61.512440015333624,15.421379546492735,200.0,200.0,U
1478,-61.513487923099795,15.41998675785529,200.0,200.0,U
1479,-61.51223426309535,15.421258618010826,200.0,200.0,U
1480,-61.51389262165481,15.419938068197226,200.0,200.0,U
1481,-61.51117051298578,15.420566535475311,200.0,200.0,U
1482,-61.51176386143059,15.42088092203268,200.0,200.0,U
1483,-61.511579172937566,15.42060889868882,200.0,200.0,U
1484,-61.51420134952929,15.419349418999952,200.0,200.0,U
1485,-61.51238668113653,15.414754375414283,200.0,200.0,U
1486,-61.512773933183574,15.420933454697506,200.0,200.0,U
1487,-61.512682613687126,15.420963365975386,200.0,200.0,U
1488,-61.51116049619021,15.419799257710679,200.0,200.0,U
1489,-61.51080881027226,15.42187069425529,200.0,200.0,U
1490,-61.51304024938977,15.42124097765037,200.0,200.0,U
1491,-61.51290586419388,15.420480710477852,200.0,200.0,U
1492,-61.51318818345465,15.419721039157105,200.0,200.0,U
1493,-61.514204013024106,15.422469062758491,200.0,200.0,U
1494,-61.51202051736406,15.42155909570064,200.0,200.0,U
1495,-61.51252281169796,15.418638864957806,200.0,200.0,U
1496,-61.512280892708695,15.419229559818614,200.0,200.0,U
1497,-61.512236286875556,15.419761690938204,200.0,200.0,U
1498,-61.51271185317574,15.420793450218989,200.0,200.0,U
1499,-61.51439072616798,15.421919113895173,200.0,200.0,U
1500,-61.51184670999902,15.42028431624561,200.0,200.0,U
1501,-61.51194612962007,15.419558311528021,200.0,200.0,U
1502,-61.51544333384676,15.42043840327478,200.0,200.0,U
1503,-61.51090235711971,15.421691875038649,200.0,200.0,U
1504,-61.51170705021603,15.418425793433805,200.0,200.0,U
1505,-61.51069184794374,15.421451479703615,200.0,200.0,U
1506,-61.51130351842803,15.420526804719215,200.0,200.0,U
1507,-61.51285024175521,15.421244367513223,200.0,200.0,U
1508,-61.51455082688038,15.423468416578741,200.0,200.0,U
1509,-61.51332183372831,15.420295923893017,200.0,200.0,U
1510,-61.51294806846551,15.420352924577447,200.0,200.0,U
1511,-61.51084093628702,15.418994209367737,200.0,200.0,U
1512,-61.51282824095135,15.42031772745855,200.0,200.0,U
1513,-61.511146183245856,15.423053526385264,200.0,200.0,U
1514,-61.512505657059904,15.420974366958,200.0,200.0,U
1515,-61.51364810868823,15.421587831778309,200.0,200.0,U
1516,-61.51289054671148,15.420210149831158,200.0,200.0,U
1517,-61.51293085453985,15.420251958813841,200.0,200.0,U
1518,-61.513727927131875,15.421638650250824,200.0,200.0,U
1519,-61.51345042205366,15.419526599792647,200.0,200.0,U
1520,-61.51301191063339,15.419465042812382,200.0,200.0,U
1521,-61.512856180932644,15.420104033327283,200.0,200.0,U
1522,-61.51157367095073,15.419660755354851,200.0,200.0,U
1523,-61.512829050471176,15.42018378319647,200.0,200.0,U
1524,-61.51259923253917,15.419524330095756,200.0,200.0,U
1525,-61.51258123198728,15.419822085137064,200.0,200.0,U
1526,-61.51263704074346,15.421274824540829,200.0,200.0,U
1527,-61.511620502602526,15.420417204889057,200.0,200.0,U
1528,-61.513299628355774,15.420685615149008,200.0,200.0,U
1529,-61.51155736632101,15.420336103029145,200.0,200.0,U
1530,-61.5129220239072,15.420225816259265,200.0,200.0,U
1531,-61.51303346230789,15.419650504116317,200.0,200.0,U
1532,-61.51258682667373,15.41990507238268,200.0,200.0,U
1533,-61.51282623657864,15.420139708011797,200.0,200.0,U
1534,-61.5133003366808,15.420244483219163,200.0,200.0,U
1535,-61.51175574337691,15.419484130723376,200.0,200.0,U
1536,-61.51090040065948,15.418801249101216,200.0,200.0,U
1537,-61.51035901921108,15.417278371800801,200.0,200.0,U
1538,-61.509257423973885,15.421773093424019,200.0,200.0,U
1539,-61.51284097402976,15.418135797571228,200.0,200.0,U
1540,-61.51237351509333,15.420623837821962,200.0,200.0,U
1541,-61.51427885260031,15.42038683514274,200.0,200.0,U
1542,-61.515886063284796,15.418370236348904,200.0,200.0,U
1543,-61.51396376640043,15.419626449716407,200.0,200.0,U
1544,-61.51095606962071,15.421463598797013,200.0,200.0,U
1545,-61.51304959365823,15.420170100239051,200.0,200.0,U
1546,-61.513264449056294,15.41998427934034,200.0,200.0,U
1547,-61.51288137909422,15.419648188314214,200.0,200.0,U
1548,-61.51269194751072,15.420565050722903,200.0,200.0,U
1549,-61.51318222592166,15.419364597249036,200.0,200.0,U
1550,-61.51235748168758,15.420497932088363,200.0,200.0,U
1551,-61.51393085141734,15.418160084239261,200.0,200.0,U
1552,-61.51338519292509,15.42008934221692,200.0,200.0,U
1553,-61.51342927522768,15.419990862550979,200.0,200.0,U
1554,-61.513324698290816,15.419853766230176,200.0,200.0,U
1555,-61.51276931152706,15.420808538694734,200.0,200.0,U
1556,-61.512254839834526,15.41940423928903,200.0,200.0,U
1557,-61.51386986254435,15.418923603447777,200.0,200.0,U
1558,-61.512714928741296,15.4199907800667,200.0,200.0,U
1559,-61.513199475317364,15.420135455037286,200.0,200.0,U
1560,-61.512554403160074,15.42027817149137,200.0,200.0,U
1561,-61.51385368340236,15.422370640447303,200.0,200.0,U
1562,-61.51401954176676,15.419694991332163,200.0,200.0,U
1563,-61.51162139650732,15.419933753338231,200.0,200.0,U
1564,-61.512642741395815,15.41885669926149,200.0,200.0,U
1565,-61.51217523479347,15.42038962788317,200.0,200.0,U
1566,-61.512897686243704,15.419422252155082,200.0,200.0,U
1567,-61.51414586321509,15.41932290230362,200.0,200.0,U
1568,-61.5126924232016,15.420437263679897,200.0,200.0,U
1569,-61.51274932411932,15.420475946788496,200.0,200.0,U
1570,-61.51660423759417,15.419151430461989,200.0,200.0,U
1571,-61.51282398279075,15.419887873751788,200.0,200.0,U
1572,-61.51277299643647,15.419849135380284,200.0,200.0,U
1573,-61.511825190320764,15.418825011671203,200.0,200.0,U
1574,-61.51172060278851,15.42117533797664,200.0,200.0,U
1575,-61.51415232184738,15.418903464874305,200.0,200.0,U
1576,-61.51460579857319,15.420226627925908,200.0,200.0,U
1577,-61.514015677365805,15.418607580630526,200.0,200.0,U
1578,-61.514464871708526,15.421609664850484,200.0,200.0,U
1579,-61.51451242747055,15.41973983434593,200.0,200.0,U
1580,-61.51186922627716,15.42045124403534,200.0,200.0,U
1581,-61.51393014370337,15.420857660772569,200.0,200.0,U
1582,-61.511874178151636,15.420013502501975,200.0,200.0,U
1583,-61.51328659081262,15.420640021145282,200.0,200.0,U
1584,-61.510447529057295,15.420583532172964,200.0,200.0,U
1585,-61.5135526303992,15.417988295870797,200.0,200.0,U
1586,-61.51225268636371,15.419992545896845,200.0,200.0,U
1587,-61.5129635376643,15.419690240322893,200.0,200.0,U
1588,-61.50937242180924,15.41950182160982,200.0,200.0,U
1589,-61.51530227772117,15.420252456894469,200.0,200.0,U
1590,-61.51272871095374,15.419887474786178,200.0,200.0,U
1591,-61.51496080473668,15.419165634197563,200.0,200.0,U
1592,-61.51309764249369,15.419834763654237,200.0,200.0,U
1593,-61.5119449026879,15.420297864636629,200.0,200.0,U
1594,-61.51274946293386,15.419852645584996,200.0,200.0,U
1595,-61.51078696853312,15.418753954344732,200.0,200.0,U
1596,-61.514026390635635,15.420688041787828,200.0,200.0,U
1597,-61.51305928387494,15.420026249363874,200.0,200.0,U
1598,-61.51178458920022,15.41999396298757,200.0,200.0,U
1599,-61.510522509839355,15.420313281404503,200.0,200.0,U
1600,-61.513343652412935,15.416326531360259,200.0,200.0,U
1601,-61.5126816224838,15.419772279053092,200.0,200.0,U
1602,-61.51280497632752,15.419596996725165,200.0,200.0,U
1603,-61.51289440758541,15.418570081946163,200.0,200.0,U
1604,-61.510347127302495,15.419090825547737,200.0,200.0,U
1605,-61.51275883027495,15.419559028075396,200.0,200.0,U
1606,-61.512908551201605,15.418880424792711,200.0,200.0,U
1607,-61.5145739859726,15.417890757584791,200.0,200.0,U
1608,-61.5125615514176,15.420011324371076,200.0,200.0,U
1609,-61.50941017569328,15.41844305173627,200.0,200.0,U
1610,-61.51272694609907,15.420913150722388,200.0,200.0,U
1611,-61.51277387907234,15.418066853565934,200.0,200.0,U
1612,-61.51748544135137,15.422173644231085,200.0,200.0,U
1613,-61.51389992748461,15.419021972881033,200.0,200.0,U
1614,-61.51188645474736,15.419632754931584,200.0,200.0,U
1615,-61.51046499777212,15.419769560091234,200.0,200.0,U
1616,-61.51343580619725,15.418371525715582,200.0,200.0,U
1617,-61.510817617033545,15.419978846418264,200.0,200.0,U
1618,-61.51322091504223,15.419666703257198,200.0,200.0,U
1619,-61.51172102192862,15.4216596267344,200.0,200.0,U
1620,-61.51389622530674,15.420135050110785,200.0,200.0,U
1621,-61.51078541535611,15.419103863887608,200.0,200.0,U
1622,-61.51143114017164,15.419181076699296,200.0,200.0,U
1623,-61.51336087130493,15.420266987181618,200.0,200.0,U
1624,-61.51521070061886,15.421334619044258,200.0,200.0,U
1625,-61.51300638480901,15.419465657017865,200.0,200.0,U
1626,-61.513469800294395,15.419582322345642,200.0,200.0,U
1627,-61.5106392179675,15.419614153510787,200.0,200.0,U
1628,-61.513244395789826,15.419275025668517,200.0,200.0,U
1629,-61.513524502248046,15.418806834190402,200.0,200.0,U
1630,-61.512880224825714,15.41931502752801,200.0,200.0,U
1631,-61.51060116860385,15.41825093315002,200.0,200.0,U
1632,-61.512545306529,15.418954449802902,200.0,200.0,U
1633,-61.512156552205084,15.418598512937606,200.0,200.0,U
1634,-61.51278535068636,15.419429947365646,200.0,200.0,U
1635,-61.51372222128944,15.420445952792731,200.0,200.0,U
1636,-61.512307678521815,15.418955056422622,200.0,200.0,U
1637,-61.51154755796599,15.422791817717862,200.0,200.0,U
1638,-61.513163039742125,15.419460275715238,200.0,200.0,U
1639,-61.513175414654185,15.419438226691236,200.0,200.0,U
1640,-61.51278714837189,15.41936506138486,200.0,200.0,U
1641,-61.51379125857668,15.418388317064148,200.0,200.0,U
1642,-61.51279328391931,15.418299983345277,200.0,200.0,U
1643,-61.51305520654948,15.416108255465122,200.0,200.0,U
1644,-61.512902688314234,15.419767486275418,200.0,200.0,U
1645,-61.51244912938243,15.418568638735282,200.0,200.0,U
1646,-61.512633266085025,15.419343508402445,200.0,200.0,U
1647,-61.513070280455835,15.417643500907666,200.0,200.0,U
1648,-61.51208816689843,15.41815452512879,200.0,200.0,U
1649,-61.51288920214206,15.419121957320888,200.0,200.0,U
1650,-61.51279237848181,15.419903182556888,200.0,200.0,U
1651,-61.51290094227371,15.41834127690856,200.0,200.0,U
1652,-61.512798108295705,15.419021817873608,200.0,200.0,U
1653,-61.514250239575894,15.418195019427765,200.0,200.0,U
1654,-61.5141008735017,15.420868588413807,200.0,200.0,U
1655,-61.51136033538093,15.418505801614874,200.0,200.0,U
1656,-61.51298428919203,15.419089514265549,200.0,200.0,U
1657,-61.51289949265939,15.419550274448442,200.0,200.0,U
1658,-61.51378882600589,15.418604130608825,200.0,200.0,U
1659,-61.513088336445435,15.419635978958178,200.0,200.0,U
1660,-61.51329183547031,15.419253934884987,200.0,200.0,U
1661,-61.513104082199035,15.41909500533233,200.0,200.0,U
1662,-61.51264472870141,15.419147697899986,200.0,200.0,U
1663,-61.51465881536304,15.417123949243376,200.0,200.0,U
1664,-61.512929807592265,15.418438916708332,200.0,200.0,U
1665,-61.51206807125535,15.415483522105713,200.0,200.0,U
1666,-61.51309951190345,15.420399092831735,200.0,200.0,U
1667,-61.51331488621059,15.41758169112729,200.0,200.0,U
1668,-61.514577538804424,15.417974694549065,200.0,200.0,U
1669,-61.512521356569664,15.418950619287097,200.0,200.0,U
1670,-61.510653118642416,15.42035218196066,200.0,200.0,U
1671,-61.51196053987411,15.41949750951466,200.0,200.0,U
1672,-61.51216442603417,15.420436700267906,200.0,200.0,U
1673,-61.512100179537036,15.417370938106005,200.0,200.0,U
1674,-61.512831415996686,15.418000383494878,200.0,200.0,U
1675,-61.51262961629247,15.419041305330165,200.0,200.0,U
1676,-61.5150723136198,15.418701279635247,200.0,200.0,U
1677,-61.51117675267076,15.418995122990012,200.0,200.0,U
1678,-61.5125329813864,15.419155895582003,200.0,200.0,U
1679,-61.51545839997899,15.421887667515753,200.0,200.0,U
1680,-61.51335645508574,15.418609781752597,200.0,200.0,U
1681,-61.5130437911551,15.418033196388931,200.0,200.0,U
1682,-61.513082503088064,15.418746813974012,200.0,200.0,U
1683,-61.513069026612236,15.418865868597383,200.0,200.0,U
1684,-61.51291637548465,15.418934581926473,200.0,200.0,U
1685,-61.5122174852616,15.417359588372006,200.0,200.0,U
1686,-61.51301502458314,15.418766545387092,200.0,200.0,U
1687,-61.51175520740798,15.417019303738279,200.0,200.0,U
1688,-61.511093534981356,15.418889858282615,200.0,200.0,U
1689,-61.513476643219626,15.417614434823557,200.0,200.0,U
1690,-61.51211099917082,15.418911908248992,200.0,200.0,U
1691,-61.51356324635524,15.416971023885692,200.0,200.0,U
1692,-61.51152124472117,15.42065565827973,200.0,200.0,U
1693,-61.514414002343415,15.418453209861005,200.0,200.0,U
1694,-61.5122172076513,15.417516889757234,200.0,200.0,U
1695,-61.51084821546858,15.419697442705075,200.0,200.0,U
1696,-61.51202905257005,15.415712211795714,200.0,200.0,U
1697,-61.513513708056706,15.418186843797866,200.0,200.0,U
1698,-61.51533652576625,15.416852536127086,200.0,200.0,U
1699,-61.5118111157806,15.4207128269247,200.0,200.0,U
1700,-61.51380959124387,15.417941390596926,200.0,200.0,U
1701,-61.511115400094845,15.422811762741302,200.0,200.0,U
1702,-61.51130895822206,15.418636991294097,200.0,200.0,U
1703,-61.51227281310297,15.418171437012923,200.0,200.0,U
1704,-61.512283268378916,15.41873143671341,200.0,200.0,U
1705,-61.513410251038806,15.4166491085086,200.0,200.0,U
1706,-61.514272798607934,15.41866396370284,200.0,200.0,U
1707,-61.51282621424485,15.419556640985107,200.0,200.0,U
1708,-61.51202390997024,15.418717067767332,200.0,200.0,U
1709,-61.51197535835083,15.418515532267682,200.0,200.0,U
1710,-61.51261902845892,15.418714480663507,200.0,200.0,U
1711,-61.51270997635643,15.418648403876011,200.0,200.0,U
1712,-61.5127351934013,15.419062187121568,200.0,200.0,U
1713,-61.51295225726427,15.418261531085934,200.0,200.0,U
1714,-61.514319531938604,15.418838403449023,200.0,200.0,U
1715,-61.514242857504065,15.4135838645844,200.0,200.0,U
1716,-61.51268257316196,15.418903100397728,200.0,200.0,U
1717,-61.51368086570862,15.4205757943469,200.0,200.0,U
1718,-61.51379242139956,15.415384897585891,200.0,200.0,U
1719,-61.51306030869218,15.415669015838276,200.0,200.0,U
1720,-61.51258151817357,15.421669349287626,200.0,200.0,U
1721,-61.51124551095251,15.418073293661633,200.0,200.0,U
1722,-61.51247747516205,15.418529920511824,200.0,200.0,U
1723,-61.512380919713316,15.418931074247258,200.0,200.0,U
1724,-61.51198761285169,15.41817172024606,200.0,200.0,U
1725,-61.51258577165755,15.418782024967438,200.0,200.0,U
1726,-61.51011258094229,15.417096249959215,200.0,200.0,U
1727,-61.51373372682127,15.418360011758013,200.0,200.0,U
1728,-61.510458144886144,15.419521887969886,200.0,200.0,U
1729,-61.51113894898603,15.416708909911241,200.0,200.0,U
1730,-61.51208418757229,15.418763359616262,200.0,200.0,U
1731,-61.51326961151021,15.418886843927417,200.0,200.0,U
1732,-61.512853371410515,15.419028032562604,200.0,200.0,U
1733,-61.51230299400273,15.418305039077785,200.0,200.0,U
1734,-61.51302282546571,15.417870195372064,200.0,200.0,U
1735,-61.51286738809313,15.418587784956939,200.0,200.0,U
1736,-61.51285385351985,15.418499355662949,200.0,200.0,U
1737,-61.5085261529694,15.418976532371005,200.0,200.0,U
1738,-61.51221324641506,15.41855921442272,200.0,200.0,U
1739,-61.51263656664407,15.418128029960243,200.0,200.0,U
1740,-61.51192279704378,15.417468172013626,200.0,200.0,U
1741,-61.51312763911348,15.417992112201388,200.0,200.0,U
1742,-61.512728478828855,15.418493667977938,200.0,200.0,U
1743,-61.51346013140861,15.419804812229817,200.0,200.0,U
1744,-61.51265909457832,15.417355286130743,200.0,200.0,U
1745,-61.51301520047596,15.418429589678853,200.0,200.0,U
1746,-61.51278073740085,15.41867431486868,200.0,200.0,U
1747,-61.509716341429865,15.421645150271733,200.0,200.0,U
1748,-61.51255726725232,15.418657892711256,200.0,200.0,U
1749,-61.5126448618836,15.418197540314818,200.0,200.0,U
1750,-61.5126157434154,15.418211242892175,200.0,200.0,U
1751,-61.512529528043096,15.417582079206007,200.0,200.0,U
1752,-61.51397987833574,15.418479203769301,200.0,200.0,U
1753,-61.51263831046605,15.418139516928829,200.0,200.0,U
1754,-61.51387733718728,15.418104190752306,200.0,200.0,U
1755,-61.51280538245806,15.416069034008101,200.0,200.0,U
1756,-61.51257560563523,15.418397243895503,200.0,200.0,U
1757,-61.51582118948898,15.420911470158508,200.0,200.0,U
1758,-61.51270975167964,15.418304314267527,200.0,200.0,U
1759,-61.51249339709834,15.420207336875938,200.0,200.0,U
1760,-61.51131009960588,15.417169736921737,200.0,200.0,U
1761,-61.51263176504461,15.418299775158092,200.0,200.0,U
1762,-61.51207296935648,15.418179990443111,200.0,200.0,U
1763,-61.512936579593486,15.418715852658165,200.0,200.0,U
1764,-61.51486062599532,15.418670154061473,200.0,200.0,U
1765,-61.5115201564171,15.417725992546101,200.0,200.0,U
1766,-61.514116744498565,15.417667532687508,200.0,200.0,U
1767,-61.51266176912539,15.417821434615693,200.0,200.0,U
1768,-61.513424205066364,15.42003857072314,200.0,200.0,U
1769,-61.512961114717164,15.417109169923359,200.0,200.0,U
1770,-61.51174159033159,15.417609296485859,200.0,200.0,U
1771,-61.512109946460015,15.418525148013577,200.0,200.0,U
1772,-61.51198962946774,15.41789531542445,200.0,200.0,U
1773,-61.513702335808226,15.415945064249696,200.0,200.0,U
1774,-61.51230299105527,15.418239036570018,200.0,200.0,U
1775,-61.51275286217174,15.418339708307574,200.0,200.0,U
1776,-61.51371655349503,15.417522115548607,200.0,200.0,U
1777,-61.51171440577935,15.4206245875977,200.0,200.0,U
1778,-61.51120248438688,15.418078686115884,200.0,200.0,U
1779,-61.51371601547431,15.417740499903118,200.0,200.0,U
1780,-61.511702670137836,15.418867953396491,200.0,200.0,U
1781,-61.51430297199654,15.41923234396015,200.0,200.0,U
1782,-61.51230789023977,15.41759648769407,200.0,200.0,U
1783,-61.509696381145766,15.417879417353847,200.0,200.0,U
1784,-61.510872179747594,15.41912006166244,200.0,200.0,U
1785,-61.511573221935365,15.417609444599735,200.0,200.0,U
1786,-61.51525694141381,15.419767612077544,200.0,200.0,U
1787,-61.51097889777723,15.417625556912864,200.0,200.0,U
1788,-61.51277029047726,15.418168219818556,200.0,200.0,U
1789,-61.51238850848585,15.41909482239223,200.0,200.0,U
1790,-61.51300973558517,15.417659899002151,200.0,200.0,U
1791,-61.513091054150244,15.419097611608573,200.0,200.0,U
1792,-61.51461222599865,15.415322557660003,200.0,200.0,U
1793,-61.513440070048105,15.416966520603701,200.0,200.0,U
1794,-61.51082519387413,15.417037565806302,200.0,200.0,U
1795,-61.513355870071585,15.41737619362633,200.0,200.0,U
1796,-61.51200812655025,15.415822144558991,200.0,200.0,U
1797,-61.5126380939534,15.418174938441846,200.0,200.0,U
1798,-61.5110527732829,15.417170629715057,200.0,200.0,U
1799,-61.51009515482343,15.418108929861917,200.0,200.0,U
1800,-61.51410449807869,15.415032536354504,200.0,200.0,U
1801,-61.5144096297271,15.418570523296792,200.0,200.0,U
1802,-61.51294005080709,15.417820027546766,200.0,200.0,U
1803,-61.51427510862962,15.417385175573147,200.0,200.0,U
1804,-61.51263195775668,15.421937958024929,200.0,200.0,U
1805,-61.51105250196126,15.418871586410463,200.0,200.0,U
1806,-61.51279119319622,15.418721173159195,200.0,200.0,U
1807,-61.51267948789546,15.417909851798022,200.0,200.0,U
1808,-61.510977894272884,15.415478386142292,200.0,200.0,U
1809,-61.51269995439201,15.4183745030332,200.0,200.0,U
1810,-61.512970590883235,15.418325950571624,200.0,200.0,U
1811,-61.51244338656639,15.418499505322556,200.0,200.0,U
1812,-61.511868773104645,15.417871726603657,200.0,200.0,U
1813,-61.51067141144842,15.41728184846582,200.0,200.0,U
1814,-61.51129494410147,15.414316538449302,200.0,200.0,U
1815,-61.51224545979744,15.42061141094251,200.0,200.0,U
1816,-61.50984418218325,15.419239740765196,200.0,200.0,U
1817,-61.51185836072117,15.417484978510553,200.0,200.0,U
1818,-61.51544404039816,15.4195958584573,200.0,200.0,U
1819,-61.511484570375394,15.418242046136486,200.0,200.0,U
1820,-61.50916321018824,15.418576670692923,200.0,200.0,U
1821,-61.51139224707025,15.417178221786887,200.0,200.0,U
1822,-61.51341245862103,15.417129150135771,200.0,200.0,U
1823,-61.5128152348017,15.41619394810261,200.0,200.0,U
1824,-61.51239551611539,15.417249907359537,200.0,200.0,U
1825,-61.51337790571667,15.41819984090649,200.0,200.0,U
1826,-61.51438837226151,15.41995134334677,200.0,200.0,U
1827,-61.51350873543844,15.418452003330861,200.0,200.0,U
1828,-61.512484090376404,15.418026116031088,200.0,200.0,U
1829,-61.50912188609505,15.41731178903179,200.0,200.0,U
1830,-61.51278433982865,15.417998769497975,200.0,200.0,U
1831,-61.51323226973979,15.420308211029047,200.0,200.0,U
1832,-61.51234246747559,15.421119729986234,200.0,200.0,U
1833,-61.51259394695057,15.417466707766465,200.0,200.0,U
1834,-61.51470752625985,15.42014603193797,200.0,200.0,U
1835,-61.511948147210624,15.416275192069339,200.0,200.0,U
1836,-61.51319067911277,15.420807373989026,200.0,200.0,U
1837,-61.51460286580678,15.416085613076929,200.0,200.0,U
1838,-61.511241176835945,15.415841672442703,200.0,200.0,U
1839,-61.513755510548094,15.416953257249457,200.0,200.0,U
1840,-61.514682445807495,15.414339941770214,200.0,200.0,U
1841,-61.512466594789046,15.417628308852004,200.0,200.0,U
1842,-61.51169422053934,15.416732661402468,200.0,200.0,U
1843,-61.51180573097763,15.418513169293677,200.0,200.0,U
1844,-61.51210006297788,15.415994630320576,200.0,200.0,U
1845,-61.51250182945975,15.417655288468808,200.0,200.0,U
1846,-61.51246459010306,15.41826818972674,200.0,200.0,U
1847,-61.51145246803556,15.416959103285278,200.0,200.0,U
1848,-61.513201057339494,15.417646964454798,200.0,200.0,U
1849,-61.51278514851756,15.41727113144573,200.0,200.0,U
1850,-61.51234983621821,15.417123047249795,200.0,200.0,U
1851,-61.51061147222573,15.41497785106754,200.0,200.0,U
1852,-61.516710167998355,15.417774389472035,200.0,200.0,U
1853,-61.51172860904156,15.415253595084662,200.0,200.0,U
1854,-61.51488896788444,15.417735005319264,200.0,200.0,U
1855,-61.51084343945909,15.419860656690561,200.0,200.0,U
1856,-61.51027667252655,15.41865065046324,200.0,200.0,U
1857,-61.513988718179945,15.418192913561601,200.0,200.0,U
1858,-61.51309438362711,15.417128183693105,200.0,200.0,U
1859,-61.51333390002124,15.416628105945614,200.0,200.0,U
1860,-61.51198576996515,15.417039172493551,200.0,200.0,U
1861,-61.512578450151906,15.4158254119632,200.0,200.0,U
1862,-61.51264636511098,15.417249643419623,200.0,200.0,U
1863,-61.513286999799256,15.41633450750086,200.0,200.0,U
1864,-61.51244908245359,15.417548124699643,200.0,200.0,U
1865,-61.512690787463555,15.417475468492395,200.0,200.0,U
1866,-61.51121160862888,15.41883453132545,200.0,200.0,U
1867,-61.511690308557775,15.42021067090069,200.0,200.0,U
1868,-61.51095415077041,15.416907774197982,200.0,200.0,U
1869,-61.51158588244428,15.418786306385922,200.0,200.0,U
1870,-61.510728912887515,15.417185999279395,200.0,200.0,U
1871,-61.513789088686394,15.417974797729972,200.0,200.0,U
1872,-61.51329580959319,15.417671746254413,200.0,200.0,U
1873,-61.512394963500135,15.417183926362705,200.0,200.0,U
1874,-61.51230272917114,15.414967269896207,200.0,200.0,U
1875,-61.51003820934058,15.417831816394346,200.0,200.0,U
1876,-61.51243824735799,15.417387472904812,200.0,200.0,U
1877,-61.51059712218148,15.417395103641615,200.0,200.0,U
1878,-61.51248493863051,15.417023028627707,200.0,200.0,U
1879,-61.510135632504685,15.417661620341262,200.0,200.0,U
1880,-61.512701931987685,15.41779328653356,200.0,200.0,U
1881,-61.51238912754028,15.417280759802857,200.0,200.0,U
1882,-61.51146514593711,15.41497231778526,200.0,200.0,U
1883,-61.51305905048826,15.418076714717424,200.0,200.0,U
1884,-61.5136445274816,15.41696981991726,200.0,200.0,U
1885,-61.51251144882147,15.417297355051483,200.0,200.0,U
1886,-61.51288438331971,15.417047442611306,200.0,200.0,U
1887,-61.51330263949944,15.41763253957576,200.0,200.0,U
1888,-61.51068546062736,15.416378168541408,200.0,200.0,U
1889,-61.51151214715203,15.41638781205318,200.0,200.0,U
1890,-61.511614333817604,15.417534202748786,200.0,200.0,U
1891,-61.51249869740162,15.417270295937165,200.0,200.0,U
1892,-61.512649408382586,15.41756223689219,200.0,200.0,U
1893,-61.51409289845849,15.416864563650645,200.0,200.0,U
1894,-61.513641667082545,15.417697666956188,200.0,200.0,U
1895,-61.51219821913616,15.413856971173846,200.0,200.0,U
1896,-61.51258309231847,15.416534846872665,200.0,200.0,U
1897,-61.512429007245075,15.4172706110246,200.0,200.0,U
1898,-61.51128778571562,15.419823081774823,200.0,200.0,U
1899,-61.5124832805449,15.417136576619411,200.0,200.0,U
1900,-61.51252355664928,15.418341515233921,200.0,200.0,U
1901,-61.517323748937585,15.418001034609134,200.0,200.0,U
1902,-61.5116790923737,15.41796216753893,200.0,200.0,U
1903,-61.51228089032221,15.417619293155848,200.0,200.0,U
1904,-61.512486734779046,15.416624128540331,200.0,200.0,U
1905,-61.51246381133581,15.417939337719115,200.0,200.0,U
1906,-61.51111788807112,15.41595287126209,200.0,200.0,U
1907,-61.51185048617901,15.416603720291436,200.0,200.0,U
1908,-61.51258215570527,15.417117902543987,200.0,200.0,U
1909,-61.512440307893705,15.417032953358817,200.0,200.0,U
1910,-61.51098073613262,15.416307562833035,200.0,200.0,U
1911,-61.511568681263185,15.417941547523299,200.0,200.0,U
1912,-61.512299141547246,15.417518926296253,200.0,200.0,U
1913,-61.51236338592917,15.415973069054115,200.0,200.0,U
1914,-61.51229031150503,15.417115767821551,200.0,200.0,U
1915,-61.5132335823143,15.418566722742455,200.0,200.0,U
1916,-61.50981615917212,15.416263867723654,200.0,200.0,U
1917,-61.511780489930665,15.41888883949919,200.0,200.0,U
1918,-61.51413815009509,15.414575940949824,200.0,200.0,U
1919,-61.50988922778662,15.412497361767198,200.0,200.0,U
1920,-61.511840417590655,15.41731745647013,200.0,200.0,U
1921,-61.509850312582195,15.419053477574305,200.0,200.0,U
1922,-61.51228646520852,15.413628879316578,200.0,200.0,U
1923,-61.512292270412594,15.416921960508223,200.0,200.0,U
1924,-61.513273152217565,15.42149247574324,200.0,200.0,U
1925,-61.51079602239005,15.416880501812027,200.0,200.0,U
1926,-61.51129946613101,15.417279856494334,200.0,200.0,U
1927,-61.51217160910158,15.416916044125617,200.0,200.0,U
1928,-61.512861369244334,15.418988868614274,200.0,200.0,U
1929,-61.51174534433256,15.417530743590548,200.0,200.0,U
1930,-61.51262549854634,15.417022571555512,200.0,200.0,U
1931,-61.51253534567295,15.416466052207257,200.0,200.0,U
1932,-61.512426320919865,15.416601950927712,200.0,200.0,U
1933,-61.5123827266164,15.416940078053587,200.0,200.0,U
1934,-61.51211679774472,15.417229536521964,200.0,200.0,U
1935,-61.51094815249785,15.416881657931937,200.0,200.0,U
1936,-61.51721704043073,15.416466996215977,200.0,200.0,U
1937,-61.51085448444441,15.41124710743912,200.0,200.0,U
1938,-61.512407231687675,15.416843543715643,200.0,200.0,U
1939,-61.512311087388106,15.416962229550402,200.0,200.0,U
1940,-61.51248140958853,15.416854559126763,200.0,200.0,U
1941,-61.513485115325444,15.415371411531728,200.0,200.0,U
1942,-61.512274610237604,15.417011221756308,200.0,200.0,U
1943,-61.51321506739115,15.41717919464311,200.0,200.0,U
1944,-61.510849039593865,15.419366293027169,200.0,200.0,U
1945,-61.51172521742863,15.418468249664645,200.0,200.0,U
1946,-61.51431001506383,15.416143846282656,200.0,200.0,U
1947,-61.512542924321906,15.419160239843603,200.0,200.0,U
1948,-61.5121900042828,15.418519774195387,200.0,200.0,U
1949,-61.5144526106612,15.41639375958465,200.0,200.0,U
1950,-61.514774173760145,15.41751366666432,200.0,200.0,U
1951,-61.51264903901415,15.416528023087615,200.0,200.0,U
1952,-61.511182526709675,15.41916560180779,200.0,200.0,U
1953,-61.51438606281852,15.41697021831244,200.0,200.0,U
1954,-61.51264514654312,15.417667787141536,200.0,200.0,U
1955,-61.51231922436292,15.416592188563985,200.0,200.0,U
1956,-61.51258911954154,15.41682680912031,200.0,200.0,U
1957,-61.513847909071494,15.416291197136347,200.0,200.0,U
1958,-61.513826856380554,15.418662515494535,200.0,200.0,U
1959,-61.51263554578244,15.416770761384255,200.0,200.0,U
1960,-61.513258978187594,15.414500222285923,200.0,200.0,U
1961,-61.51210027853988,15.415585865318235,200.0,200.0,U
1962,-61.51044649162597,15.416215623365684,200.0,200.0,U
1963,-61.510638888597846,15.4133650430966,200.0,200.0,U
1964,-61.511995042537855,15.41624347977409,200.0,200.0,U
1965,-61.513179147474204,15.41533635147042,200.0,200.0,U
1966,-61.51246070140935,15.416594290211771,200.0,200.0,U
1967,-61.511497974666426,15.417332181785005,200.0,200.0,U
1968,-61.51343332562791,15.41619873136385,200.0,200.0,U
1969,-61.51189009674224,15.417572644339153,200.0,200.0,U
1970,-61.51255616081039,15.417867693467041,200.0,200.0,U
1971,-61.51185496020062,15.417181399646733,200.0,200.0,U
1972,-61.5107171910661,15.415406818436558,200.0,200.0,U
1973,-61.51244749535594,15.416597393038034,200.0,200.0,U
1974,-61.5130830144565,15.416434942580668,200.0,200.0,U
1975,-61.51510113353706,15.415671192933251,200.0,200.0,U
1976,-61.51507857953647,15.417211218711765,200.0,200.0,U
1977,-61.513467589387346,15.415601926933029,200.0,200.0,U
1978,-61.50978398203721,15.41915532841641,200.0,200.0,U
1979,-61.51266063394726,15.415881503886592,200.0,200.0,U
1980,-61.51468098419337,15.411234791195978,200.0,200.0,U
1981,-61.51135682011374,15.416593118294113,200.0,200.0,U
1982,-61.51353713283853,15.416729355111029,200.0,200.0,U
1983,-61.51285811124751,15.417022648644759,200.0,200.0,U
1984,-61.51131766630306,15.415454218391073,200.0,200.0,U
1985,-61.51219466578619,15.41530256265868,200.0,200.0,U
1986,-61.51246702851526,15.416845483151809,200.0,200.0,U
1987,-61.51310106838913,15.417632393027349,200.0,200.0,U
1988,-61.513635961620665,15.416023455198824,200.0,200.0,U
1989,-61.5128120739084,15.416763523248687,200.0,200.0,U
1990,-61.51274082369024,15.41594896296709,200.0,200.0,U
1991,-61.51244047861792,15.4150958362112,200.0,200.0,U
1992,-61.51188338391376,15.415702831867533,200.0,200.0,U
1993,-61.51346310761543,15.418586418127148,200.0,200.0,U
1994,-61.51179597183996,15.418189929588856,200.0,200.0,U
1995,-61.51154702026364,15.416005582182969,200.0,200.0,U
1996,-61.512880474170956,15.4154231093746,200.0,200.0,U
1997,-61.512974845798496,15.414262224795394,200.0,200.0,U
1998,-61.515823698906544,15.415202148508513,200.0,200.0,U
1999,-61.51219801714142,15.417230334073386,200.0,200.0,U
2000,-61.51222246519453,15.417633875825757,200.0,200.0,U
2001,-61.51324282007678,15.417140172085446,200.0,200.0,U
2002,-61.51266617958814,15.415333494862606,200.0,200.0,U
2003,-61.510880916066796,15.418329943730171,200.0,200.0,U
2004,-61.51255724048866,15.41617494917064,200.0,200.0,U
2005,-61.51184795928046,15.417709972845444,200.0,200.0,U
2006,-61.51030308115037,15.41730290853594,200.0,200.0,U
2007,-61.514229366405445,15.416765643684899,200.0,200.0,U
2008,-61.51329213204777,15.416774089529424,200.0,200.0,U
2009,-61.51468627641038,15.414122257025067,200.0,200.0,U
2010,-61.51312652247076,15.417226832302847,200.0,200.0,U
2011,-61.51204210222073,15.416296674269647,200.0,200.0,U
2012,-61.51218673169906,15.416348212544905,200.0,200.0,U
2013,-61.512618014328915,15.416052784227833,200.0,200.0,U
2014,-61.51211468112138,15.416232205370989,200.0,200.0,U
2015,-61.51207276678433,15.416343229668573,200.0,200.0,U
2016,-61.513274107712725,15.4179226964917,200.0,200.0,U
2017,-61.51270633326518,15.414522071188616,200.0,200.0,U
2018,-61.512635935296196,15.415792907269607,200.0,200.0,U
2019,-61.51233474941565,15.41781566869431,200.0,200.0,U
2020,-61.51146758463235,15.416516396205349,200.0,200.0,U
2021,-61.510351725013074,15.415711457291293,200.0,200.0,U
2022,-61.510878836639755,15.418780561826107,200.0,200.0,U
2023,-61.512074034419925,15.415583408735554,200.0,200.0,U
2024,-61.51275926902604,15.415909196721666,200.0,200.0,U
2025,-61.51240759086327,15.416290450540522,200.0,200.0,U
2026,-61.51064645896964,15.418617103042713,200.0,200.0,U
2027,-61.51262612734134,15.4155291116972,200.0,200.0,U
2028,-61.51147238548588,15.416312755370207,200.0,200.0,U
2029,-61.51245349389227,15.417524548761065,200.0,200.0,U
2030,-61.513194045391565,15.415754668641817,200.0,200.0,U
2031,-61.51198521129008,15.415586011151708,200.0,200.0,U
2032,-61.51109373746995,15.415107918859599,200.0,200.0,U
2033,-61.512878783474186,15.413778143923023,200.0,200.0,U
2034,-61.51133019351805,15.416331926898273,200.0,200.0,U
2035,-61.512877469672176,15.415299086595112,200.0,200.0,U
2036,-61.51242706045899,15.415756957930487,200.0,200.0,U
2037,-61.51273769187141,15.415254102827028,200.0,200.0,U
2038,-61.511973279382026,15.415409090026387,200.0,200.0,U
2039,-61.51119989654608,15.415505428813988,200.0,200.0,U
2040,-61.51554391831411,15.416421630818917,200.0,200.0,U
2041,-61.51230409388115,15.415649719499783,200.0,200.0,U
2042,-61.51231114274239,15.415151063945107,200.0,200.0,U
2043,-61.51015291887849,15.415385982667429,200.0,200.0,U
2044,-61.514744177299164,15.417901703679078,200.0,200.0,U
2045,-61.512969899824384,15.41836517494086,200.0,200.0,U
2046,-61.51213789552595,15.41668409830001,200.0,200.0,U
2047,-61.512060540549584,15.416454165693915,200.0,200.0,U
2048,-61.51221509918876,15.415658162475157,200.0,200.0,U
2049,-61.51175789602867,15.415589300583166,200.0,200.0,U
2050,-61.51428041262772,15.415492435751895,200.0,200.0,U
2051,-61.51623650722037,15.413509038963115,200.0,200.0,U
2052,-61.511288171531696,15.414412429251497,200.0,200.0,U
2053,-61.51234170672452,15.415626294941598,200.0,200.0,U
2054,-61.51244812727636,15.41593065325168,200.0,200.0,U
2055,-61.51258284270152,15.417630356342002,200.0,200.0,U
2056,-61.511756102079005,15.416244122384068,200.0,200.0,U
2057,-61.51263793302332,15.414578895017971,200.0,200.0,U
2058,-61.51254183176225,15.415244724753459,200.0,200.0,U
2059,-61.512408290060485,15.414474511025727,200.0,200.0,U
2060,-61.51210990352682,15.415445992126811,200.0,200.0,U
2061,-61.512487939338634,15.41740550785465,200.0,200.0,U
2062,-61.51192127714678,15.415345547944652,200.0,200.0,U
2063,-61.509965609876176,15.417398185803588,200.0,200.0,U
2064,-61.51168886305912,15.416051450169324,200.0,200.0,U
2065,-61.51245602723895,15.416623848534103,200.0,200.0,U
2066,-61.51255969251925,15.41456002497093,200.0,200.0,U
2067,-61.51333503159453,15.415698553568886,200.0,200.0,U
2068,-61.510241520685426,15.416351879185953,200.0,200.0,U
2069,-61.514295794434275,15.414907638902324,200.0,200.0,U
2070,-61.51347893653371,15.41411865790307,200.0,200.0,U
2071,-61.509207274453345,15.414590285572594,200.0,200.0,U
2072,-61.51157321188801,15.418701083734316,200.0,200.0,U
2073,-61.51441650939521,15.416410353280764,200.0,200.0,U
2074,-61.51235392274811,15.41506351867819,200.0,200.0,U
2075,-61.51280820920304,15.415700283158088,200.0,200.0,U
2076,-61.51396776708141,15.41782331988339,200.0,200.0,U
2077,-61.51253004991636,15.417514559105003,200.0,200.0,U
2078,-61.50972215245588,15.418016537774008,200.0,200.0,U
2079,-61.51097410059786,15.414505198878771,200.0,200.0,U
2080,-61.513345682982155,15.41623902885701,200.0,200.0,U
2081,-61.51079537714431,15.414069057503418,200.0,200.0,U
2082,-61.51235493834293,15.417638915476283,200.0,200.0,U
2083,-61.51013244465296,15.41598349196851,200.0,200.0,U
2084,-61.511427626376936,15.415259729506623,200.0,200.0,U
2085,-61.51407853913503,15.417591539552351,200.0,200.0,U
2086,-61.51006660625386,15.416256987969378,200.0,200.0,U
2087,-61.51219404686473,15.416005927165832,200.0,200.0,U
2088,-61.51493664152465,15.412591574263136,200.0,200.0,U
2089,-61.513215057787455,15.415452010583858,200.0,200.0,U
2090,-61.50988558550205,15.415016404485618,200.0,200.0,U
2091,-61.510715564285455,15.415023215758719,200.0,200.0,U
2092,-61.512699979243855,15.415722298494412,200.0,200.0,U
2093,-61.51108349780488,15.417803937454122,200.0,200.0,U
2094,-61.510969445224035,15.416773555047827,200.0,200.0,U
2095,-61.51246907393484,15.41688660066625,200.0,200.0,U
2096,-61.51268223849886,15.414937160830396,200.0,200.0,U
2097,-61.512969529100715,15.415035811938443,200.0,200.0,U
2098,-61.51233498368763,15.415849710747871,200.0,200.0,U
2099,-61.511301984535635,15.416738533415886,200.0,200.0,U
2100,-61.512367912852355,15.415611218414517,200.0,200.0,U
2101,-61.512283181380575,15.415259020719041,200.0,200.0,U
2102,-61.51371030374753,15.41543772853458,200.0,200.0,U
2103,-61.5108690405646,15.414682851316837,200.0,200.0,U
2104,-61.513641971488454,15.414069374606942,200.0,200.0,U
2105,-61.5131193907344,15.414960450235096,200.0,200.0,U
2106,-61.51040065045364,15.416072822874689,200.0,200.0,U
2107,-61.511287360463584,15.415468169210182,200.0,200.0,U
2108,-61.51249214646455,15.415585308843484,200.0,200.0,U
2109,-61.51013304568478,15.414317606087144,200.0,200.0,U
2110,-61.513320355994864,15.416295102625627,200.0,200.0,U
2111,-61.51284512659686,15.413209038167304,200.0,200.0,U
2112,-61.51401031768816,15.416640726006692,200.0,200.0,U
2113,-61.511186950647186,15.41421270345569,200.0,200.0,U
2114,-61.509669809020714,15.41589729284689,200.0,200.0,U
2115,-61.512121561929014,15.414444649412307,200.0,200.0,U
2116,-61.513165726232934,15.416562217389327,200.0,200.0,U
2117,-61.51057098076117,15.413626213479372,200.0,200.0,U
2118,-61.51437800799672,15.414780349863111,200.0,200.0,U
2119,-61.51362461008427,15.415198427927384,200.0,200.0,U
2120,-61.50944146338885,15.416065443903095,200.0,200.0,U
2121,-61.51347126637413,15.41385173938896,200.0,200.0,U
2122,-61.511525823905835,15.414099506334695,200.0,200.0,U
2123,-61.511232308782716,15.416787244064059,200.0,200.0,U
2124,-61.51212208993552,15.415615812422402,200.0,200.0,U
2125,-61.51307955361411,15.414460028082168,200.0,200.0,U
2126,-61.51231608638971,15.414560569313558,200.0,200.0,U
2127,-61.51278631739411,15.417156399374111,200.0,200.0,U
2128,-61.51220927501405,15.41543282248159,200.0,200.0,U
2129,-61.512478602400385,15.415402330075183,200.0,200.0,U
2130,-61.51333301340497,15.415024269665318,200.0,200.0,U
2131,-61.513165375772736,15.416436858858411,200.0,200.0,U
2132,-61.51219164452276,15.417366095058668,200.0,200.0,U
2133,-61.51205960918466,15.415725877420996,200.0,200.0,U
2134,-61.51106567759464,15.414082855731467,200.0,200.0,U
2135,-61.512114349133206,15.415618155595057,200.0,200.0,U
2136,-61.513958776423564,15.415255312013905,200.0,200.0,U
2137,-61.51247826405732,15.415147062359521,200.0,200.0,U
2138,-61.50943346580962,15.417526056897906,200.0,200.0,U
2139,-61.5126376001933,15.416685615008825,200.0,200.0,U
2140,-61.50993220229118,15.415264764649656,200.0,200.0,U
2141,-61.51220187205146,15.414964402498443,200.0,200.0,U
2142,-61.510915998830086,15.414272925380768,200.0,200.0,U
2143,-61.51274200480935,15.414336870353697,200.0,200.0,U
2144,-61.511959423177395,15.412577616765786,200.0,200.0,U
2145,-61.51215755063279,15.417134361079382,200.0,200.0,U
2146,-61.51338279828146,15.414505980223224,200.0,200.0,U
2147,-61.513339399026975,15.415841760204918,200.0,200.0,U
2148,-61.511452868579205,15.416213572379666,200.0,200.0,U
2149,-61.5126527065183,15.414566188812787,200.0,200.0,U
2150,-61.51225590944384,15.416077916965865,200.0,200.0,U
2151,-61.51254559091712,15.41537254817261,200.0,200.0,U
2152,-61.51270343962913,15.414815999119158,200.0,200.0,U
2153,-61.51241643261186,15.41653660801076,200.0,200.0,U
2154,-61.51093669952549,15.415306466167815,200.0,200.0,U
2155,-61.512324719983056,15.415169678506533,200.0,200.0,U
2156,-61.51485724028972,15.412963562333992,200.0,200.0,U
2157,-61.51258381456937,15.41538189788899,200.0,200.0,U
2158,-61.51342300716729,15.41595600776171,200.0,200.0,U
2159,-61.51259357768813,15.41553942338194,200.0,200.0,U
2160,-61.512853434204885,15.416988880706635,200.0,200.0,U
2161,-61.51237005802312,15.415302791391289,200.0,200.0,U
2162,-61.513724891487826,15.414363874445081,200.0,200.0,U
2163,-61.509024330695574,15.415713028702353,200.0,200.0,U
2164,-61.511356288687765,15.414370710196026,200.0,200.0,U
2165,-61.51203771945951,15.415026790274062,200.0,200.0,U
2166,-61.51203365431155,15.414872402354131,200.0,200.0,U
2167,-61.512325980994135,15.415020771242112,200.0,200.0,U
2168,-61.51306152177567,15.41635770997964,200.0,200.0,U
2169,-61.51229335691776,15.417499459902903,200.0,200.0,U
2170,-61.51183789700037,15.414405960165706,200.0,200.0,U
2171,-61.50972672821715,15.414439441246376,200.0,200.0,U
2172,-61.51107627775197,15.41482038695356,200.0,200.0,U
2173,-61.5103409694957,15.415120334131606,200.0,200.0,U
2174,-61.51210079566615,15.414967835504738,200.0,200.0,U
2175,-61.51244942737117,15.41488132832578,200.0,200.0,U
2176,-61.51180709953231,15.416602056581256,200.0,200.0,U
2177,-61.512923646058525,15.414856397623097,200.0,200.0,U
2178,-61.51409447571263,15.412812093481822,200.0,200.0,U
2179,-61.51486371026401,15.415491101041892,200.0,200.0,U
2180,-61.51233621349534,15.414585995307496,200.0,200.0,U
2181,-61.51197001979561,15.414655048647466,200.0,200.0,U
2182,-61.51222539106497,15.415137228978995,200.0,200.0,U
2183,-61.51205777926481,15.411276893906457,200.0,200.0,U
2184,-61.51232695515046,15.41479667074579,200.0,200.0,U
2185,-61.51248001677238,15.415142218948736,200.0,200.0,U
2186,-61.51340648154058,15.41492908377929,200.0,200.0,U
2187,-61.512962782318816,15.416676920072538,200.0,200.0,U
2188,-61.5118563442029,15.413452228436991,200.0,200.0,U
2189,-61.51416947002247,15.413512591785768,200.0,200.0,U
2190,-61.512132766999116,15.415158482482092,200.0,200.0,U
2191,-61.512492675412446,15.414979987370208,200.0,200.0,U
2192,-61.51215723527298,15.415275697239466,200.0,200.0,U
2193,-61.512900053914855,15.416196342610576,200.0,200.0,U
2194,-61.51244363056758,15.415580889644339,200.0,200.0,U
2195,-61.513704423679144,15.412424337177896,200.0,200.0,U
2196,-61.5150743118124,15.41549816108386,200.0,200.0,U
2197,-61.51175788146805,15.418774662906637,200.0,200.0,U
2198,-61.511414476527925,15.412032407748443,200.0,200.0,U
2199,-61.51313691941719,15.417104645423308,200.0,200.0,U
2200,-61.51114529514258,15.41430225707871,200.0,200.0,U
2201,-61.51314597855315,15.415634719389075,200.0,200.0,U
2202,-61.51011153499685,15.415243113602475,200.0,200.0,U
2203,-61.510219994210125,15.41578535051688,200.0,200.0,U
2204,-61.51308139621018,15.417287603534286,200.0,200.0,U
2205,-61.51098427965379,15.414348312664243,200.0,200.0,U
2206,-61.51146351095378,15.414370147020813,200.0,200.0,U
2207,-61.512655340902974,15.41405392663026,200.0,200.0,U
2208,-61.50984876829085,15.415644171682354,200.0,200.0,U
2209,-61.51198838695138,15.415691407515663,200.0,200.0,U
2210,-61.51289743559415,15.416163190321939,200.0,200.0,U
2211,-61.512277274239615,15.41479609842804,200.0,200.0,U
2212,-61.51057032924658,15.415622752293547,200.0,200.0,U
2213,-61.51055981296214,15.413915980937317,200.0,200.0,U
2214,-61.51234901472215,15.415891437108728,200.0,200.0,U
2215,-61.51117196034854,15.41476288132874,200.0,200.0,U
2216,-61.51243543215493,15.414723152728465,200.0,200.0,U
2217,-61.51397671846864,15.414632239008107,200.0,200.0,U
2218,-61.51261414208943,15.414575216721813,200.0,200.0,U
2219,-61.512143236453824,15.413756548102583,200.0,200.0,U
2220,-61.51362490132805,15.414166515999476,200.0,200.0,U
2221,-61.513848009964796,15.414585355330718,200.0,200.0,U
2222,-61.51298348833237,15.414027973980703,200.0,200.0,U
2223,-61.51232853666327,15.415143781098802,200.0,200.0,U
2224,-61.51391419139419,15.415872757985827,200.0,200.0,U
2225,-61.51286537013647,15.414318130585999,200.0,200.0,U
2226,-61.514306429848816,15.414490955393086,200.0,200.0,U
2227,-61.51509763045307,15.4129079852261,200.0,200.0,U
2228,-61.513699645801175,15.4149714351224,200.0,200.0,U
2229,-61.51176687317932,15.416451916900979,200.0,200.0,U
2230,-61.51318731816014,15.415603353079097,200.0,200.0,U
2231,-61.517168482533684,15.414370833483687,200.0,200.0,U
2232,-61.51123685266142,15.41545267934991,200.0,200.0,U
2233,-61.512344064669755,15.415251192941026,200.0,200.0,U
2234,-61.50910836600914,15.414786836830467,200.0,200.0,U
2235,-61.512371899558254,15.414587388934743,200.0,200.0,U
2236,-61.51362664117323,15.413024137063406,200.0,200.0,U
2237,-61.51202334359078,15.414866940703648,200.0,200.0,U
2238,-61.51149468144177,15.409038909587641,200.0,200.0,U
2239,-61.512022382545716,15.415233695530432,200.0,200.0,U
2240,-61.51174014761427,15.416951030905196,200.0,200.0,U
2241,-61.51076687940029,15.414035475615236,200.0,200.0,U
2242,-61.51430566651383,15.414195419192504,200.0,200.0,U
2243,-61.512090810577,15.412753521505078,200.0,200.0,U
2244,-61.51066246213886,15.416123006577013,200.0,200.0,U
2245,-61.51035199729158,15.415086154304536,200.0,200.0,U
2246,-61.512903569938665,15.413476719887669,200.0,200.0,U
2247,-61.51460587576795,15.41497488593144,200.0,200.0,U
2248,-61.51240910274937,15.414909946449026,200.0,200.0,U
2249,-61.51132942321831,15.413866359598519,200.0,200.0,U
2250,-61.512247702663885,15.413858247805306,200.0,200.0,U
2251,-61.5118327635862,15.414783206847716,200.0,200.0,U
2252,-61.51528157643195,15.413093768656529,200.0,200.0,U
2253,-61.511920275171384,15.414226580263705,200.0,200.0,U
2254,-61.512490994499196,15.41430239784444,200.0,200.0,U
2255,-61.5131539008953,15.41470286938254,200.0,200.0,U
2256,-61.51171331669004,15.413904830626127,200.0,200.0,U
2257,-61.512747912039444,15.41292429301851,200.0,200.0,U
2258,-61.512906051672935,15.415180584929747,200.0,200.0,U
2259,-61.51272330224593,15.415283491512989,200.0,200.0,U
2260,-61.51116410725767,15.414210435836381,200.0,200.0,U
2261,-61.512532018113184,15.414114600763275,200.0,200.0,U
2262,-61.51211214582584,15.41382536705675,200.0,200.0,U
2263,-61.51198856887882,15.413883437175055,200.0,200.0,U
2264,-61.51259578938919,15.414532157952731,200.0,200.0,U
2265,-61.51211380871303,15.411937763622708,200.0,200.0,U
2266,-61.51381562647677,15.413578409358973,200.0,200.0,U
2267,-61.51196106305851,15.413683238668703,200.0,200.0,U
2268,-61.5141437336497,15.412295148943203,200.0,200.0,U
2269,-61.51337408896348,15.414614517515462,200.0,200.0,U
2270,-61.51186946673844,15.41409893893762,200.0,200.0,U
2271,-61.5122954274993,15.414174205856865,200.0,200.0,U
2272,-61.51281186373015,15.413828261265117,200.0,200.0,U
2273,-61.512049850234845,15.41382935413975,200.0,200.0,U
2274,-61.51300086407664,15.41189159681757,200.0,200.0,U
2275,-61.51202301935639,15.41444485582963,200.0,200.0,U
2276,-61.50930403972582,15.41177264314634,200.0,200.0,U
2277,-61.51145715730598,15.411938917143438,200.0,200.0,U
2278,-61.51284207781906,15.414932124113777,200.0,200.0,U
2279,-61.51471756282978,15.413528557253391,200.0,200.0,U
2280,-61.51196680459579,15.41314204239455,200.0,200.0,U
2281,-61.51130809263248,15.413322691545929,200.0,200.0,U
2282,-61.51219487655718,15.414190165894048,200.0,200.0,U
2283,-61.514150366288916,15.412702384557711,200.0,200.0,U
2284,-61.513409156966766,15.413603520549275,200.0,200.0,U
2285,-61.51018535406645,15.41296240047564,200.0,200.0,U
2286,-61.510998920704196,15.415185140042169,200.0,200.0,U
2287,-61.51179153240308,15.414701536707273,200.0,200.0,U
2288,-61.51201933534652,15.414033386006418,200.0,200.0,U
2289,-61.51246455868782,15.413917476334618,200.0,200.0,U
2290,-61.51191339198536,15.414178946501963,200.0,200.0,U
2291,-61.51060614390939,15.414408944282938,200.0,200.0,U
2292,-61.51230531824827,15.415215446087354,200.0,200.0,U
2293,-61.51152696798512,15.414343968255132,200.0,200.0,U
2294,-61.51221992860972,15.414297565373609,200.0,200.0,U
2295,-61.512956800784906,15.414851525674989,200.0,200.0,U
2296,-61.514071395242006,15.412483012822586,200.0,200.0,U
2297,-61.5129751600417,15.414966656803356,200.0,200.0,U
2298,-61.51332506493329,15.416770162888922,200.0,200.0,U
2299,-61.513761810966464,15.41574623987539,200.0,200.0,U
2300,-61.512875277098445,15.416155238249418,200.0,200.0,U
2301,-61.510729253470174,15.416302968146574,200.0,200.0,U
2302,-61.51181726349602,15.413779480268097,200.0,200.0,U
2303,-61.51067596655256,15.414957989922916,200.0,200.0,U
2304,-61.51203689915422,15.413923453764601,200.0,200.0,U
2305,-61.5137768145818,15.415093696102652,200.0,200.0,U
2306,-61.51256954025151,15.41385054157397,200.0,200.0,U
2307,-61.51144543770263,15.413586419591141,200.0,200.0,U
2308,-61.51079327550545,15.415048424446324,200.0,200.0,U
2309,-61.51032564663983,15.413508214907232,200.0,200.0,U
2310,-61.51107120508212,15.413372237985639,200.0,200.0,U
2311,-61.51219489446249,15.413903849508067,200.0,200.0,U
2312,-61.51419490467686,15.41145620034324,200.0,200.0,U
2313,-61.51255162307993,15.414117425094743,200.0,200.0,U
2314,-61.51282391942203,15.41257648677225,200.0,200.0,U
2315,-61.513451128938705,15.413160295644552,200.0,200.0,U
2316,-61.510091658807454,15.412876696319753,200.0,200.0,U
2317,-61.51434367071721,15.414976035236991,200.0,200.0,U
2318,-61.51212621130873,15.413148517600588,200.0,200.0,U
2319,-61.5130784775326,15.415030403542932,200.0,200.0,U
2320,-61.511880875596766,15.414101880946628,200.0,200.0,U
2321,-61.51432355530383,15.415842976024555,200.0,200.0,U
2322,-61.51223733415308,15.413830638343514,200.0,200.0,U
2323,-61.513560286094695,15.414333247161236,200.0,200.0,U
2324,-61.51228037820106,15.414297361304682,200.0,200.0,U
2325,-61.51148660827146,15.413196985429702,200.0,200.0,U
2326,-61.512795411003395,15.416744295312036,200.0,200.0,U
2327,-61.513305414419705,15.411338451591044,200.0,200.0,U
2328,-61.51334028233431,15.416513849900007,200.0,200.0,U
2329,-61.51227455266801,15.413868775820555,200.0,200.0,U
2330,-61.51191814145226,15.413316348447179,200.0,200.0,U
2331,-61.513269223554104,15.41428977509147,200.0,200.0,U
2332,-61.51258575614262,15.413806867038506,200.0,200.0,U
2333,-61.5120048839352,15.411102599471956,200.0,200.0,U
2334,-61.512244777775216,15.410601443967911,200.0,200.0,U
2335,-61.51333916577206,15.413722704231239,200.0,200.0,U
2336,-61.512143371745786,15.414019524543153,200.0,200.0,U
2337,-61.512576425460125,15.413537944322657,200.0,200.0,U
2338,-61.50727728744746,15.409557269474218,200.0,200.0,U
2339,-61.51159289554283,15.41314149716243,200.0,200.0,U
2340,-61.50984271529519,15.41325110922905,200.0,200.0,U
2341,-61.51289653335239,15.412630195917055,200.0,200.0,U
2342,-61.51249664736423,15.41356384940081,200.0,200.0,U
2343,-61.51353833095154,15.415512116867246,200.0,200.0,U
2344,-61.51285170511725,15.414438416111263,200.0,200.0,U
2345,-61.51232760153964,15.413171948174659,200.0,200.0,U
2346,-61.5131687712265,15.412923990305318,200.0,200.0,U
2347,-61.508590420062205,15.413986209480914,200.0,200.0,U
2348,-61.51293657268539,15.415050821017813,200.0,200.0,U
2349,-61.51401522750884,15.41683922111077,200.0,200.0,U
2350,-61.51286442122984,15.412725169826775,200.0,200.0,U
2351,-61.513779390908,15.414889964286852,200.0,200.0,U
2352,-61.51144881600494,15.412415535904254,200.0,200.0,U
2353,-61.51299435526411,15.41449554844013,200.0,200.0,U
2354,-61.51140003752745,15.41350824246127,200.0,200.0,U
2355,-61.51221809576052,15.414680861972528,200.0,200.0,U
2356,-61.510903594595305,15.41312376468867,200.0,200.0,U
2357,-61.51256775602209,15.414302181529015,200.0,200.0,U
2358,-61.51222512571434,15.41337290499326,200.0,200.0,U
2359,-61.51021542050253,15.413173920478682,200.0,200.0,U
2360,-61.51081046487499,15.414744476548215,200.0,200.0,U
2361,-61.51316787058913,15.415380077441135,200.0,200.0,U
2362,-61.51229043581272,15.413810945039922,200.0,200.0,U
2363,-61.512148674532575,15.413448381190703,200.0,200.0,U
2364,-61.511585117015564,15.413944754268718,200.0,200.0,U
2365,-61.511759207162015,15.412663161990762,200.0,200.0,U
2366,-61.50830507618237,15.413780379396927,200.0,200.0,U
2367,-61.5121472291117,15.413461310695173,200.0,200.0,U
2368,-61.509899235035576,15.416491431043548,200.0,200.0,U
2369,-61.5117369898965,15.412848884163926,200.0,200.0,U
2370,-61.51110527890249,15.412840835101415,200.0,200.0,U
2371,-61.512902199036816,15.414012540594214,200.0,200.0,U
2372,-61.512411543969904,15.414387417548888,200.0,200.0,U
2373,-61.51314786806008,15.414907393208852,200.0,200.0,U
2374,-61.512135548893234,15.41340654731074,200.0,200.0,U
2375,-61.51127127179481,15.41383152604886,200.0,200.0,U
2376,-61.51227888138355,15.413467409876048,200.0,200.0,U
2377,-61.51139447859401,15.413183685548708,200.0,200.0,U
2378,-61.51129107096079,15.41602623495829,200.0,200.0,U
2379,-61.510633216404564,15.414581829087885,200.0,200.0,U
2380,-61.51134949840226,15.414229910956177,200.0,200.0,U
2381,-61.5116599855651,15.411358348586207,200.0,200.0,U
2382,-61.51418058864612,15.417890092270778,200.0,200.0,U
2383,-61.50945791699872,15.414161250828846,200.0,200.0,U
2384,-61.51165217978546,15.411504763652987,200.0,200.0,U
2385,-61.512385538958526,15.412696577618542,200.0,200.0,U
2386,-61.514322270887604,15.413922423627742,200.0,200.0,U
2387,-61.5117887824981,15.412036689362594,200.0,200.0,U
2388,-61.51213759516281,15.413355839447734,200.0,200.0,U
2389,-61.51241644497476,15.413224905443665,200.0,200.0,U
2390,-61.513683670519804,15.416079993192191,200.0,200.0,U
2391,-61.510264588771726,15.41393573895036,200.0,200.0,U
2392,-61.511332338753434,15.410940647334328,200.0,200.0,U
2393,-61.51194274392389,15.412381768475907,200.0,200.0,U
2394,-61.5130779681621,15.413231123942692,200.0,200.0,U
2395,-61.510996437021156,15.412786699531566,200.0,200.0,U
2396,-61.51209365629974,15.4130950594369,200.0,200.0,U
2397,-61.514606412334246,15.412102782709457,200.0,200.0,U
2398,-61.51228158959355,15.413000097180081,200.0,200.0,U
2399,-61.512647539132566,15.412901084799364,200.0,200.0,U
2400,-61.5139601800552,15.412773477931331,200.0,200.0,U
2401,-61.511021625748114,15.414033467842483,200.0,200.0,U
2402,-61.512831967296925,15.41670142296562,200.0,200.0,U
2403,-61.51112098512816,15.411921712502547,200.0,200.0,U
2404,-61.51095351959939,15.413858399488612,200.0,200.0,U
2405,-61.507297923343565,15.41483941423681,200.0,200.0,U
2406,-61.51244694107294,15.413534134210954,200.0,200.0,U
2407,-61.5119501093031,15.412280629450267,200.0,200.0,U
2408,-61.51226463314005,15.413560955869475,200.0,200.0,U
2409,-61.512446321750055,15.413271228684224,200.0,200.0,U
2410,-61.51315025350485,15.409973970023993,200.0,200.0,U
2411,-61.51107540623413,15.415752199417854,200.0,200.0,U
2412,-61.51294326442614,15.411759245992105,200.0,200.0,U
2413,-61.51078765587183,15.414317185087556,200.0,200.0,U
2414,-61.51222215511744,15.413176178171193,200.0,200.0,U
2415,-61.51327805687749,15.413395785745886,200.0,200.0,U
2416,-61.51234093796336,15.41252788686356,200.0,200.0,U
2417,-61.513899907366245,15.414491392672584,200.0,200.0,U
2418,-61.5139007548738,15.41414389742113,200.0,200.0,U
2419,-61.512553697151525,15.4129654287371,200.0,200.0,U
2420,-61.51258763931744,15.412753697935901,200.0,200.0,U
2421,-61.51202634084929,15.412996461849492,200.0,200.0,U
2422,-61.51332775841335,15.412440334924018,200.0,200.0,U
2423,-61.510427736542454,15.415990256114307,200.0,200.0,U
2424,-61.51336253700189,15.411930943392546,200.0,200.0,U
2425,-61.5115540559438,15.411273736105594,200.0,200.0,U
2426,-61.51201524655799,15.412978330814196,200.0,200.0,U
2427,-61.51042826055399,15.414543796161862,200.0,200.0,U
2428,-61.51214072452272,15.412964882797999,200.0,200.0,U
2429,-61.51202114363113,15.412810181837362,200.0,200.0,U
2430,-61.5113282622869,15.413188603104043,200.0,200.0,U
2431,-61.51093672154043,15.410694245545086,200.0,200.0,U
2432,-61.51215112797037,15.412573049353801,200.0,200.0,U
2433,-61.51212581713835,15.412921446744631,200.0,200.0,U
2434,-61.511688383239346,15.414006864363662,200.0,200.0,U
2435,-61.51267265921956,15.41264311077549,200.0,200.0,U
2436,-61.512700452271744,15.41308109405133,200.0,200.0,U
2437,-61.51183035915891,15.413128184164588,200.0,200.0,U
2438,-61.51199703558324,15.412860121156278,200.0,200.0,U
2439,-61.51210702703368,15.412884689384683,200.0,200.0,U
2440,-61.51352726127986,15.413613194969559,200.0,200.0,U
2441,-61.51331409915164,15.413264151940934,200.0,200.0,U
2442,-61.51378523636147,15.411665642357633,200.0,200.0,U
2443,-61.5119413583012,15.413183286949387,200.0,200.0,U
2444,-61.512522767695486,15.412536924918257,200.0,200.0,U
2445,-61.51084563749894,15.41214658197742,200.0,200.0,U
2446,-61.51190455251793,15.412754963251615,200.0,200.0,U
2447,-61.51115517085295,15.415106117267205,200.0,200.0,U
2448,-61.5093126250622,15.413465343237212,200.0,200.0,U
2449,-61.51196424107751,15.413413447181156,200.0,200.0,U
2450,-61.51234162432809,15.408488676444469,200.0,200.0,U
2451,-61.51193615018349,15.410648617293567,200.0,200.0,U
2452,-61.51318159942491,15.41427848304131,200.0,200.0,U
2453,-61.514074215584564,15.411182893586224,200.0,200.0,U
2454,-61.513580436887956,15.413502988720031,200.0,200.0,U
2455,-61.51207348232682,15.41576536554987,200.0,200.0,U
2456,-61.51289261796786,15.415830255609666,200.0,200.0,U
2457,-61.51219113849836,15.412981257589163,200.0,200.0,U
2458,-61.51104246958117,15.412098832420645,200.0,200.0,U
2459,-61.51242858436547,15.41170653165521,200.0,200.0,U
2460,-61.51195827246377,15.41276106637749,200.0,200.0,U
2461,-61.51161939651612,15.412645400010023,200.0,200.0,U
2462,-61.51277947874558,15.411975916603621,200.0,200.0,U
2463,-61.51139445879181,15.412463706010465,200.0,200.0,U
2464,-61.512621659319144,15.412635234108699,200.0,200.0,U
2465,-61.51203297886036,15.412455264497579,200.0,200.0,U
2466,-61.51494211542608,15.414753158773198,200.0,200.0,U
2467,-61.50938839645494,15.410604997329576,200.0,200.0,U
2468,-61.5127803561044,15.412840015754302,200.0,200.0,U
2469,-61.51082017721547,15.414479632678177,200.0,200.0,U
2470,-61.51266183553233,15.413631375112335,200.0,200.0,U
2471,-61.51264335003822,15.412215859756147,200.0,200.0,U
2472,-61.511953439994336,15.412289678367392,200.0,200.0,U
2473,-61.512080711342904,15.412916842343654,200.0,200.0,U
2474,-61.511371596759126,15.413746856229704,200.0,200.0,U
2475,-61.51348997783962,15.41082234367979,200.0,200.0,U
2476,-61.51162810743692,15.410927859762495,200.0,200.0,U
2477,-61.512050806320005,15.413201350293045,200.0,200.0,U
2478,-61.51210992252021,15.41260239889261,200.0,200.0,U
2479,-61.51223228321736,15.412567828696048,200.0,200.0,U
2480,-61.511060656448514,15.413137505486251,200.0,200.0,U
2481,-61.5114796940297,15.413623254420157,200.0,200.0,U
2482,-61.51264263007703,15.41073256589693,200.0,200.0,U
2483,-61.51345505959829,15.413598112778743,200.0,200.0,U
2484,-61.51433703822254,15.41392373400761,200.0,200.0,U
2485,-61.51364117058869,15.41238964487319,200.0,200.0,U
2486,-61.51151943740293,15.412290420806606,200.0,200.0,U
2487,-61.51162118713208,15.412370400310722,200.0,200.0,U
2488,-61.50810318694655,15.412097366429137,200.0,200.0,U
2489,-61.511997315499144,15.411640054508828,200.0,200.0,U
2490,-61.51211357736937,15.412464790471176,200.0,200.0,U
2491,-61.511384471760586,15.412914225552363,200.0,200.0,U
2492,-61.51238611661856,15.412523396820932,200.0,200.0,U
2493,-61.512429258185485,15.41383432576645,200.0,200.0,U
2494,-61.51097600063351,15.413581223008862,200.0,200.0,U
2495,-61.51216890147099,15.412332290317764,200.0,200.0,U
2496,-61.51139398513527,15.412389198518444,200.0,200.0,U
2497,-61.51265087625624,15.412466332224747,200.0,200.0,U
2498,-61.51290088691245,15.410142760624204,200.0,200.0,U
2499,-61.51268060459583,15.412311095522513,200.0,200.0,U
2500,-61.51111599638473,15.411908694346296,200.0,200.0,U
2501,-61.51664653606589,15.413064742241557,200.0,200.0,U
2502,-61.510318661277616,15.410799295078947,200.0,200.0,U
2503,-61.513673747784615,15.412424352409438,200.0,200.0,U
2504,-61.51132530990392,15.411367545733048,200.0,200.0,U
2505,-61.51165235541538,15.411932181062605,200.0,200.0,U
2506,-61.512105722394466,15.412974551608105,200.0,200.0,U
2507,-61.50940380173435,15.412349537442674,200.0,200.0,U
2508,-61.51265283606616,15.415631026234033,200.0,200.0,U
2509,-61.51149903830684,15.409238079839366,200.0,200.0,U
2510,-61.51203128532378,15.411382336519994,200.0,200.0,U
2511,-61.51066278478278,15.410106707895402,200.0,200.0,U
2512,-61.51118960035782,15.41269538620716,200.0,200.0,U
2513,-61.51185771035989,15.409027185589608,200.0,200.0,U
2514,-61.51243913642794,15.409812879963805,200.0,200.0,U
2515,-61.512442282373215,15.412185894222185,200.0,200.0,U
2516,-61.511718317346144,15.412421218069552,200.0,200.0,U
2517,-61.50963993374807,15.408728194847413,200.0,200.0,U
2518,-61.512096531657804,15.412319668592845,200.0,200.0,U
2519,-61.512050629535416,15.412101799457373,200.0,200.0,U
2520,-61.51194078529533,15.412061197677229,200.0,200.0,U
2521,-61.511757570758206,15.41205815223707,200.0,200.0,U
2522,-61.51402463359756,15.412828020112435,200.0,200.0,U
2523,-61.51153010250176,15.412757733046531,200.0,200.0,U
2524,-61.511998483036756,15.411135259762483,200.0,200.0,U
2525,-61.51464297288423,15.414431331031073,200.0,200.0,U
2526,-61.512787638163466,15.411685738645396,200.0,200.0,U
2527,-61.514070240876286,15.413616601107247,200.0,200.0,U
2528,-61.51203580651698,15.412054762314838,200.0,200.0,U
2529,-61.512072486277745,15.412845070620532,200.0,200.0,U
2530,-61.51177036003142,15.412130534917386,200.0,200.0,U
2531,-61.51224745990045,15.412038515968232,200.0,200.0,U
2532,-61.511150451722344,15.411543460697049,200.0,200.0,U
2533,-61.509212671431804,15.412945918580144,200.0,200.0,U
2534,-61.51457540711207,15.41168090269428,200.0,200.0,U
2535,-61.51149423776699,15.41245555223568,200.0,200.0,U
2536,-61.51031185624728,15.41063764302556,200.0,200.0,U
2537,-61.51190449187849,15.412096080898332,200.0,200.0,U
2538,-61.512778947447586,15.412128832756437,200.0,200.0,U
2539,-61.51261132614765,15.412694722836859,200.0,200.0,U
2540,-61.513131682859196,15.409505264008908,200.0,200.0,U
2541,-61.51181752710052,15.410741740351519,200.0,200.0,U
2542,-61.51159355508221,15.41203577805965,200.0,200.0,U
2543,-61.51027911058269,15.412220887572305,200.0,200.0,U
2544,-61.51038476641171,15.414069479453092,200.0,200.0,U
2545,-61.51125789818157,15.411501587729218,200.0,200.0,U
2546,-61.512527035033244,15.41084052837054,200.0,200.0,U
2547,-61.51382693969963,15.41074162879662,200.0,200.0,U
2548,-61.51181458504659,15.411955179811164,200.0,200.0,U
2549,-61.51092393670848,15.409448367872423,200.0,200.0,U
2550,-61.51184101772185,15.412353854138194,200.0,200.0,U
2551,-61.51076657024875,15.412175451390972,200.0,200.0,U
2552,-61.511844346199304,15.408795646325693,200.0,200.0,U
2553,-61.51181763886512,15.411675437187005,200.0,200.0,U
2554,-61.51121919204568,15.412893352870281,200.0,200.0,U
2555,-61.51264858022249,15.412137306331147,200.0,200.0,U
2556,-61.51250155425511,15.411031001397937,200.0,200.0,U
2557,-61.51206309597804,15.411972862767044,200.0,200.0,U
2558,-61.512302593353745,15.412928240041394,200.0,200.0,U
2559,-61.51114114174715,15.41120563402925,200.0,200.0,U
2560,-61.509449324603786,15.411642307921994,200.0,200.0,U
2561,-61.511625858672964,15.412054259895951,200.0,200.0,U
2562,-61.51106759472152,15.41139321428717,200.0,200.0,U
2563,-61.51306797605138,15.410912414593087,200.0,200.0,U
2564,-61.51093895170466,15.413195860144109,200.0,200.0,U
2565,-61.51142424038912,15.41325632840192,200.0,200.0,U
2566,-61.51255796764739,15.411495378908567,200.0,200.0,U
2567,-61.5105269593532,15.413594092887717,200.0,200.0,U
2568,-61.51164535811013,15.411912408942467,200.0,200.0,U
2569,-61.510097920084725,15.412989018498301,200.0,200.0,U
2570,-61.510087228388976,15.412970593401962,200.0,200.0,U
2571,-61.5112671320253,15.409183147146578,200.0,200.0,U
2572,-61.511808949349536,15.412161043138026,200.0,200.0,U
2573,-61.513511602853356,15.409878561030254,200.0,200.0,U
2574,-61.51018322949816,15.409624980927262,200.0,200.0,U
2575,-61.51177518303514,15.411971291505628,200.0,200.0,U
2576,-61.511745540913886,15.413419292844226,200.0,200.0,U
2577,-61.511874246384096,15.412452950086118,200.0,200.0,U
2578,-61.51066933324011,15.41085809531909,200.0,200.0,U
2579,-61.51153663089008,15.411438007424339,200.0,200.0,U
2580,-61.51182187001624,15.412316787323793,200.0,200.0,U
2581,-61.51142839123721,15.411360509635392,200.0,200.0,U
2582,-61.51257766444838,15.411318555843227,200.0,200.0,U
2583,-61.51169673785427,15.414995364623659,200.0,200.0,U
2584,-61.51304142610596,15.411462684737556,200.0,200.0,U
2585,-61.512188090404834,15.411627870963025,200.0,200.0,U
2586,-61.5114124158832,15.411881594378373,200.0,200.0,U
2587,-61.510053699384734,15.411281173663264,200.0,200.0,U
2588,-61.51690476384224,15.410422587193539,200.0,200.0,U
2589,-61.51180160718316,15.410200206007698,200.0,200.0,U
2590,-61.51153277932044,15.411360385237506,200.0,200.0,U
2591,-61.51265938377968,15.411424632681948,200.0,200.0,U
2592,-61.50959001529332,15.41137930784397,200.0,200.0,U
2593,-61.512961237036556,15.410267327507235,200.0,200.0,U
2594,-61.51375993787154,15.412634097038431,200.0,200.0,U
2595,-61.5157881770129,15.412534216609323,200.0,200.0,U
2596,-61.51269194549664,15.414084063065042,200.0,200.0,U
2597,-61.51047606980742,15.413356801972228,200.0,200.0,U
2598,-61.51199285364482,15.411693264119648,200.0,200.0,U
2599,-61.512470085423445,15.413186657378658,200.0,200.0,U
2600,-61.51190600182227,15.412061737675334,200.0,200.0,U
2601,-61.51321156694769,15.411019535975381,200.0,200.0,U
2602,-61.512272863920344,15.411556693578579,200.0,200.0,U
2603,-61.511881905537855,15.413775587057653,200.0,200.0,U
2604,-61.511629190885635,15.411272782791006,200.0,200.0,U
2605,-61.512017107380295,15.411542241273327,200.0,200.0,U
2606,-61.51249245485301,15.41246604433156,200.0,200.0,U
2607,-61.51126587090223,15.411339916246877,200.0,200.0,U
2608,-61.51177761467024,15.41049752422169,200.0,200.0,U
2609,-61.509360541143,15.41109081752341,200.0,200.0,U
2610,-61.51118176175675,15.411434909195535,200.0,200.0,U
2611,-61.51431298631244,15.41267946716094,200.0,200.0,U
2612,-61.51224229367714,15.411587756570315,200.0,200.0,U
2613,-61.51303445269163,15.406518868770508,200.0,200.0,U
2614,-61.51390813005847,15.410779141272123,200.0,200.0,U
2615,-61.51204770735265,15.411880432861308,200.0,200.0,U
2616,-61.5137253153403,15.41156361058873,200.0,200.0,U
2617,-61.51098492092023,15.41076404920307,200.0,200.0,U
2618,-61.51051176526098,15.410064432037181,200.0,200.0,U
2619,-61.51227912488236,15.411376446559677,200.0,200.0,U
2620,-61.51223584494124,15.41240794538162,200.0,200.0,U
2621,-61.51362938006899,15.411565530579665,200.0,200.0,U
2622,-61.51035428647653,15.413406659395863,200.0,200.0,U
2623,-61.512606834379575,15.410624717512407,200.0,200.0,U
2624,-61.51107431563669,15.41277567247754,200.0,200.0,U
2625,-61.51079504262469,15.410556817698643,200.0,200.0,U
2626,-61.51320767974592,15.412083169371117,200.0,200.0,U
2627,-61.50854035436853,15.412787717309035,200.0,200.0,U
2628,-61.514532510503685,15.408859758224233,200.0,200.0,U
2629,-61.51207042001747,15.412491352737304,200.0,200.0,U
2630,-61.5110745207971,15.411153830441208,200.0,200.0,U
2631,-61.51232099132644,15.411048229117194,200.0,200.0,U
2632,-61.51394315771622,15.412169080193314,200.0,200.0,U
2633,-61.5119916550092,15.411446572364842,200.0,200.0,U
2634,-61.51138168934643,15.412455504578634,200.0,200.0,U
2635,-61.51143721589514,15.411083245220388,200.0,200.0,U
2636,-61.51545342135249,15.41271460987092,200.0,200.0,U
2637,-61.51315071866043,15.408323409754122,200.0,200.0,U
2638,-61.51219130231012,15.411277447300467,200.0,200.0,U
2639,-61.512168725224754,15.41064506935938,200.0,200.0,U
2640,-61.511268157673705,15.414897197311376,200.0,200.0,U
2641,-61.51222456057072,15.414790200184234,200.0,200.0,U
2642,-61.51191812761691,15.410395666302911,200.0,200.0,U
2643,-61.51399054182409,15.413495087208528,200.0,200.0,U
2644,-61.51291343411515,15.410635975113516,200.0,200.0,U
2645,-61.51255178038342,15.411103881682909,200.0,200.0,U
2646,-61.51230357202049,15.411794542233693,200.0,200.0,U
2647,-61.51192239668247,15.410958286045451,200.0,200.0,U
2648,-61.50968317639463,15.412693955782249,200.0,200.0,U
2649,-61.51363187107209,15.413241547432673,200.0,200.0,U
2650,-61.51147480774114,15.413078939867455,200.0,200.0,U
2651,-61.51194717442178,15.412286369604036,200.0,200.0,U
2652,-61.510888900141595,15.411326350086654,200.0,200.0,U
2653,-61.51098698650083,15.411476326910357,200.0,200.0,U
2654,-61.511327862476364,15.413238307132616,200.0,200.0,U
2655,-61.51121487158323,15.411438910480902,200.0,200.0,U
2656,-61.51201933119097,15.411175744491327,200.0,200.0,U
2657,-61.51137282536108,15.412284367993548,200.0,200.0,U
2658,-61.51281264218119,15.409582974105398,200.0,200.0,U
2659,-61.50891386065919,15.410211056715358,200.0,200.0,U
2660,-61.51062491439579,15.41448483351047,200.0,200.0,U
2661,-61.51130309216632,15.411829551238618,200.0,200.0,U
2662,-61.513330787728506,15.409755514302836,200.0,200.0,U
2663,-61.511234429853616,15.412459908294965,200.0,200.0,U
2664,-61.511967911481506,15.411069001568485,200.0,200.0,U
2665,-61.51200716927375,15.411487552809707,200.0,200.0,U
2666,-61.510146455374,15.4104307370557,200.0,200.0,U
2667,-61.5122542826876,15.411925511593644,200.0,200.0,U
2668,-61.51301355942435,15.411635068060274,200.0,200.0,U
2669,-61.50985450139686,15.411268190929238,200.0,200.0,U
2670,-61.5118780986391,15.409225029241062,200.0,200.0,U
2671,-61.51248072077767,15.409977531590282,200.0,200.0,U
2672,-61.51131539650078,15.4095777669268,200.0,200.0,U
2673,-61.51223112579433,15.411025652999392,200.0,200.0,U
2674,-61.511806380223675,15.413595540348092,200.0,200.0,U
2675,-61.51237017560815,15.412719712372816,200.0,200.0,U
2676,-61.511925533993185,15.412177884881341,200.0,200.0,U
2677,-61.5120694467076,15.411069543851768,200.0,200.0,U
2678,-61.51278055324686,15.409486158555412,200.0,200.0,U
2679,-61.51404054522658,15.408999302635554,200.0,200.0,U
2680,-61.512811974935104,15.410255003570123,200.0,200.0,U
2681,-61.5135592103165,15.410800958942017,200.0,200.0,U
2682,-61.51170172472944,15.409157926850648,200.0,200.0,U
2683,-61.513514484261755,15.411021654087829,200.0,200.0,U
2684,-61.50944335840548,15.415249715947471,200.0,200.0,U
2685,-61.51129340668601,15.409888416793045,200.0,200.0,U
2686,-61.513067724542005,15.410772197326107,200.0,200.0,U
2687,-61.513456846796515,15.411083480669491,200.0,200.0,U
2688,-61.5121932072896,15.410293592420741,200.0,200.0,U
2689,-61.51554974214569,15.409179853472924,200.0,200.0,U
2690,-61.51342473782548,15.411112065280529,200.0,200.0,U
2691,-61.511724425496666,15.411369423341267,200.0,200.0,U
2692,-61.51229473976849,15.410504318612956,200.0,200.0,U
2693,-61.512124381933006,15.411120427931873,200.0,200.0,U
2694,-61.51183313744306,15.410698861822445,200.0,200.0,U
2695,-61.51163375187859,15.410667748327084,200.0,200.0,U
2696,-61.507596746518075,15.414674205870922,200.0,200.0,U
2697,-61.51253201635387,15.410529834788203,200.0,200.0,U
2698,-61.51224741043327,15.411477518047926,200.0,200.0,U
2699,-61.511918953189806,15.41187803222803,200.0,200.0,U
2700,-61.51036666284288,15.410744437787613,200.0,200.0,U
2701,-61.51263089603239,15.412841000907706,200.0,200.0,U
2702,-61.51286138288746,15.410302378493173,200.0,200.0,U
2703,-61.51257725458498,15.40953627243434,200.0,200.0,U
2704,-61.51332158026678,15.409655612490015,200.0,200.0,U
2705,-61.511139238203135,15.411453922867551,200.0,200.0,U
2706,-61.51177070667998,15.410246591879988,200.0,200.0,U
2707,-61.511299584232866,15.412956499087821,200.0,200.0,U
2708,-61.51015280848749,15.411920302681601,200.0,200.0,U
2709,-61.51195547233599,15.410898727035702,200.0,200.0,U
2710,-61.512916755843506,15.409781114747283,200.0,200.0,U
2711,-61.51231599620155,15.408740730703878,200.0,200.0,U
2712,-61.510471425352016,15.410309734449239,200.0,200.0,U
2713,-61.51207695973386,15.410665564870053,200.0,200.0,U
2714,-61.5104101314936,15.40854020428018,200.0,200.0,U
2715,-61.51052862581703,15.409833503708802,200.0,200.0,U
2716,-61.512991453443085,15.410757021576746,200.0,200.0,U
2717,-61.5125361832238,15.410219639753764,200.0,200.0,U
2718,-61.51130045468942,15.407664610749071,200.0,200.0,U
2719,-61.51290040317553,15.41011472178085,200.0,200.0,U
2720,-61.51218417794041,15.410493742343233,200.0,200.0,U
2721,-61.51368254632351,15.410821362581123,200.0,200.0,U
2722,-61.51184629781834,15.410737673226771,200.0,200.0,U
2723,-61.511920231618376,15.410540976003132,200.0,200.0,U
2724,-61.51145753652359,15.409866276192817,200.0,200.0,U
2725,-61.51330735770529,15.409461723985485,200.0,200.0,U
2726,-61.50962379507181,15.409499199688995,200.0,200.0,U
2727,-61.511551820014944,15.411416246529845,200.0,200.0,U
2728,-61.51321913448924,15.407796681739057,200.0,200.0,U
2729,-61.512178056827345,15.410733779678715,200.0,200.0,U
2730,-61.512071854823745,15.410352347468853,200.0,200.0,U
2731,-61.51225864205772,15.410193028948697,200.0,200.0,U
2732,-61.512688290238394,15.409745056633604,200.0,200.0,U
2733,-61.51258350700288,15.410811275668081,200.0,200.0,U
2734,-61.51131545337862,15.410379330720987,200.0,200.0,U
2735,-61.51373978559406,15.410325342625633,200.0,200.0,U
2736,-61.512378711026095,15.410376972718888,200.0,200.0,U
2737,-61.51310801629301,15.406653103523148,200.0,200.0,U
2738,-61.511151181338576,15.410075341358517,200.0,200.0,U
2739,-61.51015493190555,15.410496115115436,200.0,200.0,U
2740,-61.51192259738492,15.410481431322147,200.0,200.0,U
2741,-61.51429752878274,15.412343911681495,200.0,200.0,U
2742,-61.51094322049804,15.411360524703568,200.0,200.0,U
2743,-61.511779194719246,15.4098178525308,200.0,200.0,U
2744,-61.511747040158674,15.410348896509383,200.0,200.0,U
2745,-61.512735786879695,15.410468007141437,200.0,200.0,U
2746,-61.51323352109567,15.410504928070752,200.0,200.0,U
2747,-61.509764372181884,15.40882569635862,200.0,200.0,U
2748,-61.511390405980464,15.410654825841455,200.0,200.0,U
2749,-61.51118272395514,15.409876034957602,200.0,200.0,U
2750,-61.51236067378784,15.412547625312053,200.0,200.0,U
2751,-61.511229215256705,15.411356535529146,200.0,200.0,U
2752,-61.51137057219442,15.41009225381862,200.0,200.0,U
2753,-61.512524014132815,15.410941170792004,200.0,200.0,U
2754,-61.512278285691714,15.41027019921501,200.0,200.0,U
2755,-61.5115356038712,15.411589441769628,200.0,200.0,U
2756,-61.51341502058811,15.41035180307105,200.0,200.0,U
2757,-61.51326591371879,15.409946142062934,200.0,200.0,U
2758,-61.5121811707675,15.410406366527482,200.0,200.0,U
2759,-61.51217357681172,15.408063361016714,200.0,200.0,U
2760,-61.51255862322877,15.410598818644445,200.0,200.0,U
2761,-61.50893954583,15.412577481377086,200.0,200.0,U
2762,-61.512371940421026,15.412334154804368,200.0,200.0,U
2763,-61.51205599471175,15.410109004271364,200.0,200.0,U
2764,-61.512141634245104,15.410041066789226,200.0,200.0,U
2765,-61.51123126397294,15.409318868037237,200.0,200.0,U
2766,-61.51217942762559,15.409410061526378,200.0,200.0,U
2767,-61.51322781216215,15.412377414514397,200.0,200.0,U
2768,-61.51224922805712,15.40944447317052,200.0,200.0,U
2769,-61.51182242768677,15.410208402061926,200.0,200.0,U
2770,-61.51187899271099,15.410211904515421,200.0,200.0,U
2771,-61.51169197427559,15.410266573250302,200.0,200.0,U
2772,-61.51123646240964,15.409862158039765,200.0,200.0,U
2773,-61.51220334044446,15.409592527094693,200.0,200.0,U
2774,-61.51016059761518,15.409801910474869,200.0,200.0,U
2775,-61.511478775607564,15.410150169846403,200.0,200.0,U
2776,-61.51093178300046,15.413573664750313,200.0,200.0,U
2777,-61.51386453284302,15.41074813123429,200.0,200.0,U
2778,-61.51319420920243,15.410148407128743,200.0,200.0,U
2779,-61.50955127684995,15.409491346935795,200.0,200.0,U
2780,-61.51312575431309,15.409769890900348,200.0,200.0,U
2781,-61.512096180656116,15.411348443110729,200.0,200.0,U
2782,-61.51307122006721,15.410028947678844,200.0,200.0,U
2783,-61.50951093708411,15.409005790444855,200.0,200.0,U
2784,-61.51214840370187,15.409972943804595,200.0,200.0,U
2785,-61.51195668962989,15.41017152822358,200.0,200.0,U
2786,-61.510470668493014,15.4090842570358,200.0,200.0,U
2787,-61.51456278432418,15.407445960281683,200.0,200.0,U
2788,-61.5089425699336,15.408895804247296,200.0,200.0,U
2789,-61.51330320479935,15.409111173763035,200.0,200.0,U
2790,-61.51188931423746,15.410100294354347,200.0,200.0,U
2791,-61.51163616856772,15.410132192659402,200.0,200.0,U
2792,-61.51304798671644,15.410076465843767,200.0,200.0,U
2793,-61.51067960471271,15.408591645090885,200.0,200.0,U
2794,-61.510422314404806,15.410550465818869,200.0,200.0,U
2795,-61.51056712967256,15.41036732076729,200.0,200.0,U
2796,-61.51198442252043,15.410780713847075,200.0,200.0,U
2797,-61.512175305909494,15.409700716903338,200.0,200.0,U
2798,-61.510550399721346,15.409034489089427,200.0,200.0,U
2799,-61.51117095186805,15.410687954118075,200.0,200.0,U
2800,-61.51069475317625,15.412263819402162,200.0,200.0,U
2801,-61.51171157998604,15.41225957289958,200.0,200.0,U
2802,-61.512329028958874,15.408839833800467,200.0,200.0,U
2803,-61.512223812083036,15.409821284191919,200.0,200.0,U
2804,-61.51078381310449,15.412082777456796,200.0,200.0,U
2805,-61.510546734211026,15.410148551932469,200.0,200.0,U
2806,-61.51142061863815,15.41091289333825,200.0,200.0,U
2807,-61.51219417399373,15.407824768286769,200.0,200.0,U
2808,-61.509728172162994,15.409315380051243,200.0,200.0,U
2809,-61.51175583552936,15.409138086522582,200.0,200.0,U
2810,-61.512064539914554,15.408803162404972,200.0,200.0,U
2811,-61.509986704381134,15.409390657644646,200.0,200.0,U
2812,-61.512839595272055,15.410462921262761,200.0,200.0,U
2813,-61.51198827697655,15.409631896794878,200.0,200.0,U
2814,-61.51452230961088,15.411891277673652,200.0,200.0,U
2815,-61.511297498411935,15.410778529564297,200.0,200.0,U
2816,-61.511257538349575,15.412975360179008,200.0,200.0,U
2817,-61.51318365231192,15.408865380481263,200.0,200.0,U
2818,-61.5118756898893,15.40985812772642,200.0,200.0,U
2819,-61.51101081938468,15.408883946699538,200.0,200.0,U
2820,-61.51230644801445,15.409940628742504,200.0,200.0,U
2821,-61.512641515288166,15.40808219113239,200.0,200.0,U
2822,-61.51238591105652,15.409617664343374,200.0,200.0,U
2823,-61.51192775032851,15.409799294368948,200.0,200.0,U
2824,-61.513641998618866,15.411165109416071,200.0,200.0,U
2825,-61.51282742894053,15.409668946442421,200.0,200.0,U
2826,-61.51260025957774,15.410408638384645,200.0,200.0,U
2827,-61.5120271469778,15.41089498927769,200.0,200.0,U
2828,-61.51230831340647,15.409529188136577,200.0,200.0,U
2829,-61.51233621541743,15.406932904663632,200.0,200.0,U
2830,-61.51397481593349,15.408490192565354,200.0,200.0,U
2831,-61.51236398913692,15.410520558238245,200.0,200.0,U
2832,-61.511954745646385,15.409789202539269,200.0,200.0,U
2833,-61.51427827256603,15.41199538704529,200.0,200.0,U
2834,-61.510545925146005,15.410017997543594,200.0,200.0,U
2835,-61.51153159807716,15.409246514390283,200.0,200.0,U
2836,-61.512727804528836,15.41461192648221,200.0,200.0,U
2837,-61.50941260515078,15.409245471202556,200.0,200.0,U
2838,-61.511215686682235,15.410468586850854,200.0,200.0,U
2839,-61.50935774305249,15.407512932193859,200.0,200.0,U
2840,-61.51188833402064,15.40956332118996,200.0,200.0,U
2841,-61.511819154171825,15.409162894680184,200.0,200.0,U
2842,-61.51091915354066,15.41000321568966,200.0,200.0,U
2843,-61.51239195442986,15.41098789049198,200.0,200.0,U
2844,-61.51291744609005,15.410174374826449,200.0,200.0,U
2845,-61.51320379843986,15.40912717517411,200.0,200.0,U
2846,-61.51131825074105,15.408460998784495,200.0,200.0,U
2847,-61.511946604803256,15.409673371238318,200.0,200.0,U
2848,-61.51084440551245,15.41164958446678,200.0,200.0,U
2849,-61.51131544494719,15.408931950558863,200.0,200.0,U
2850,-61.50975799844872,15.408292365910588,200.0,200.0,U
2851,-61.51480529938877,15.413044579877075,200.0,200.0,U
2852,-61.51190947318104,15.408474778107458,200.0,200.0,U
2853,-61.510358214244356,15.411038832651831,200.0,200.0,U
2854,-61.51179590564982,15.409445931571641,200.0,200.0,U
2855,-61.51228038957754,15.40959841921543,200.0,200.0,U
2856,-61.51219174923803,15.408910896592769,200.0,200.0,U
2857,-61.51123975411202,15.410604251442155,200.0,200.0,U
2858,-61.5111693246041,15.408691779328963,200.0,200.0,U
2859,-61.51196271499131,15.408919238443557,200.0,200.0,U
2860,-61.51153284545604,15.409648979601027,200.0,200.0,U
2861,-61.5141814097404,15.409533312463392,200.0,200.0,U
2862,-61.5121208094707,15.410303976315326,200.0,200.0,U
2863,-61.51436045368791,15.410560428296447,200.0,200.0,U
2864,-61.51201470434063,15.410993602603474,200.0,200.0,U
2865,-61.51244355829771,15.410028247659406,200.0,200.0,U
2866,-61.51314610402521,15.412139341328805,200.0,200.0,U
2867,-61.51435011377257,15.40720405983556,200.0,200.0,U
2868,-61.51185312673598,15.409468873997715,200.0,200.0,U
2869,-61.50981611347922,15.411354446791123,200.0,200.0,U
2870,-61.51223396455984,15.410514642073428,200.0,200.0,U
2871,-61.51204955360551,15.409605004885375,200.0,200.0,U
2872,-61.51282393180991,15.41101595214809,200.0,200.0,U
2873,-61.513034705891506,15.407252763574656,200.0,200.0,U
2874,-61.512127440014694,15.407332120020927,200.0,200.0,U
2875,-61.51187776313201,15.409383788612844,200.0,200.0,U
2876,-61.511133206083954,15.40935272278053,200.0,200.0,U
2877,-61.51316940702461,15.41003660161785,200.0,200.0,U
2878,-61.51334045166558,15.408246762337606,200.0,200.0,U
2879,-61.512708051633346,15.408623570946848,200.0,200.0,U
2880,-61.5119613437526,15.408689540566987,200.0,200.0,U
2881,-61.51362965745179,15.408605579844139,200.0,200.0,U
2882,-61.51199735331182,15.409479231509208,200.0,200.0,U
2883,-61.513467205457246,15.407667504001383,200.0,200.0,U
2884,-61.512508140161934,15.409596170261423,200.0,200.0,U
2885,-61.511795574129955,15.40944472763966,200.0,200.0,U
2886,-61.512012742374864,15.409300170506526,200.0,200.0,U
2887,-61.51133793459995,15.40825535149972,200.0,200.0,U
2888,-61.511817066739276,15.409343388493193,200.0,200.0,U
2889,-61.513272602849426,15.410476320752608,200.0,200.0,U
2890,-61.51147810231436,15.410154167122176,200.0,200.0,U
2891,-61.51096349337048,15.409193679840543,200.0,200.0,U
2892,-61.51059107332054,15.408475254798898,200.0,200.0,U
2893,-61.51178027870298,15.409275846645146,200.0,200.0,U
2894,-61.510939639631395,15.410127152070855,200.0,200.0,U
2895,-61.51285833524546,15.408552402387855,200.0,200.0,U
2896,-61.51380900710247,15.405561093337726,200.0,200.0,U
2897,-61.51167934242158,15.408677181284423,200.0,200.0,U
2898,-61.51019100705804,15.411969524776286,200.0,200.0,U
2899,-61.51079978546029,15.408915023594805,200.0,200.0,U
2900,-61.51288867578779,15.411110980694595,200.0,200.0,U
2901,-61.511025578342384,15.409051440725067,200.0,200.0,U
2902,-61.511830956418805,15.409247544824327,200.0,200.0,U
2903,-61.51118069916048,15.407134862825787,200.0,200.0,U
2904,-61.51334332266412,15.410545448858219,200.0,200.0,U
2905,-61.5104760618621,15.408910440032939,200.0,200.0,U
2906,-61.51185005106283,15.408954312268657,200.0,200.0,U
2907,-61.51174358928627,15.406362759798302,200.0,200.0,U
2908,-61.511461256431964,15.412743790609966,200.0,200.0,U
2909,-61.51384315599567,15.410428986046478,200.0,200.0,U
2910,-61.51407791895556,15.409372703134778,200.0,200.0,U
2911,-61.5117159447979,15.408866963581982,200.0,200.0,U
2912,-61.50911682305733,15.40695211943049,200.0,200.0,U
2913,-61.51151768827627,15.409011824507843,200.0,200.0,U
2914,-61.513116520569945,15.410914635307,200.0,200.0,U
2915,-61.511795483431726,15.40913874174764,200.0,200.0,U
2916,-61.5122299043802,15.407648481999779,200.0,200.0,U
2917,-61.511869550283386,15.408813939448594,200.0,200.0,U
2918,-61.51551712703406,15.412541433274212,200.0,200.0,U
2919,-61.51212260972748,15.409621504810456,200.0,200.0,U
2920,-61.51295231785305,15.409480632265502,200.0,200.0,U
2921,-61.509576383002404,15.410202107836446,200.0,200.0,U
2922,-61.513565435417135,15.410460988412927,200.0,200.0,U
2923,-61.50917170964795,15.408640043380466,200.0,200.0,U
2924,-61.51185415296538,15.409003977903257,200.0,200.0,U
2925,-61.51215619737256,15.40914294194346,200.0,200.0,U
2926,-61.51067610913992,15.41008348328007,200.0,200.0,U
2927,-61.5119696532045,15.408881589682737,200.0,200.0,U
2928,-61.5109656208988,15.407698183390083,200.0,200.0,U
2929,-61.51137835034483,15.409817906880109,200.0,200.0,U
2930,-61.510682904784346,15.408331348256377,200.0,200.0,U
2931,-61.5083006313872,15.40928167462002,200.0,200.0,U
2932,-61.51370615293047,15.409691838706804,200.0,200.0,U
2933,-61.50986179880841,15.408804249966073,200.0,200.0,U
2934,-61.51174726255579,15.408578712590108,200.0,200.0,U
2935,-61.51420322166541,15.409251415385615,200.0,200.0,U
2936,-61.51272598775718,15.411517644552047,200.0,200.0,U
2937,-61.512096427826634,15.408660013439837,200.0,200.0,U
2938,-61.51202033024728,15.405498022087311,200.0,200.0,U
2939,-61.51165985059436,15.407480142004715,200.0,200.0,U
2940,-61.51172897954765,15.408922725263183,200.0,200.0,U
2941,-61.511071753089695,15.40862009506864,200.0,200.0,U
2942,-61.51190293334323,15.409032290775091,200.0,200.0,U
2943,-61.51010944818877,15.409186119020939,200.0,200.0,U
2944,-61.51192036688826,15.404811623236272,200.0,200.0,U
2945,-61.51253214652737,15.40983458101442,200.0,200.0,U
2946,-61.51142304993826,15.408610780790223,200.0,200.0,U
2947,-61.5135025941772,15.407154082419936,200.0,200.0,U
2948,-61.51001527774203,15.410572596485416,200.0,200.0,U
2949,-61.51240624974019,15.407728450694016,200.0,200.0,U
2950,-61.51168543657689,15.408593786662493,200.0,200.0,U
2951,-61.51150743564338,15.408557598692342,200.0,200.0,U
2952,-61.51143848036053,15.408984969635835,200.0,200.0,U
2953,-61.51187974889101,15.408283770830675,200.0,200.0,U
2954,-61.51032212560872,15.406583541477312,200.0,200.0,U
2955,-61.51210923276426,15.408347582584891,200.0,200.0,U
2956,-61.51485867927925,15.406608850348515,200.0,200.0,U
2957,-61.51329157895176,15.407014067971016,200.0,200.0,U
2958,-61.51194195022379,15.410396021563091,200.0,200.0,U
2959,-61.511908386536156,15.408071638066266,200.0,200.0,U
2960,-61.51176313309338,15.408651366627515,200.0,200.0,U
2961,-61.512150089739286,15.409536726218496,200.0,200.0,U
2962,-61.51228153572263,15.407112152980213,200.0,200.0,U
2963,-61.51174047589207,15.408530495767714,200.0,200.0,U
2964,-61.51429982012818,15.408871561019232,200.0,200.0,U
2965,-61.510317021309795,15.409409294434274,200.0,200.0,U
2966,-61.512701629771485,15.40755858585092,200.0,200.0,U
2967,-61.51053129912548,15.409860390735568,200.0,200.0,U
2968,-61.5112489202915,15.408883324958754,200.0,200.0,U
2969,-61.512104694049135,15.41016972409247,200.0,200.0,U
2970,-61.513272666976384,15.408764040917543,200.0,200.0,U
2971,-61.512812413833124,15.410529010236413,200.0,200.0,U
2972,-61.51146726365927,15.408716821887692,200.0,200.0,U
2973,-61.51180841516894,15.408359153985066,200.0,200.0,U
2974,-61.511684497057075,15.408732322762738,200.0,200.0,U
2975,-61.511255799002704,15.409586481969065,200.0,200.0,U
2976,-61.511420169736816,15.409990666120112,200.0,200.0,U
2977,-61.512864828560545,15.409206958191671,200.0,200.0,U
2978,-61.51416083734216,15.409770455123695,200.0,200.0,U
2979,-61.51189901709348,15.408775886456386,200.0,200.0,U
2980,-61.511943687262296,15.408560111016875,200.0,200.0,U
2981,-61.511171231062626,15.408776979511892,200.0,200.0,U
2982,-61.51030063080679,15.410315481271583,200.0,200.0,U
2983,-61.51054481880601,15.409510998669294,200.0,200.0,U
2984,-61.51312307505247,15.40553326984943,200.0,200.0,U
2985,-61.51236758022231,15.407846373887748,200.0,200.0,U
2986,-61.510856773823065,15.409842044994983,200.0,200.0,U
2987,-61.51100637264726,15.40855204358198,200.0,200.0,U
2988,-61.51360980055653,15.40788216492792,200.0,200.0,U
2989,-61.5117780653306,15.409323262638491,200.0,200.0,U
2990,-61.51253636059271,15.40832400024671,200.0,200.0,U
2991,-61.511521525437004,15.4080507292245,200.0,200.0,U
2992,-61.511734506741,15.40838552765716,200.0,200.0,U
2993,-61.51199848462208,15.40957461645085,200.0,200.0,U
2994,-61.51169745573509,15.408388404632111,200.0,200.0,U
2995,-61.50969024679225,15.406636054975854,200.0,200.0,U
2996,-61.5117115010393,15.407782045309226,200.0,200.0,U
2997,-61.51241381528828,15.408654847443179,200.0,200.0,U
2998,-61.51392304014174,15.407079164999383,200.0,200.0,U
2999,-61.51168114342635,15.408265655503925,200.0,200.0,U
3000,-61.51105206173377,15.407953976654461,200.0,200.0,U
3001,-61.51174795360733,15.408351891155721,200.0,200.0,U
3002,-61.51358508540084,15.40881530021494,200.0,200.0,U
3003,-61.51166937807058,15.408392367764419,200.0,200.0,U
3004,-61.51233653850254,15.407794346136146,200.0,200.0,U
3005,-61.51058170677234,15.408563138220984,200.0,200.0,U
3006,-61.51319290100647,15.408905527458014,200.0,200.0,U
3007,-61.51169136347958,15.40833589446798,200.0,200.0,U
3008,-61.51105226811796,15.408518448368017,200.0,200.0,U
3009,-61.51235006080693,15.405404307001001,200.0,200.0,U
3010,-61.51194993218427,15.405515325675434,200.0,200.0,U
3011,-61.51190693089288,15.409720128155227,200.0,200.0,U
3012,-61.51228929641691,15.406389550969518,200.0,200.0,U
3013,-61.510088638283264,15.409620499807525,200.0,200.0,U
3014,-61.51156379067473,15.406306680690594,200.0,200.0,U
3015,-61.51314975393727,15.40722175037267,200.0,200.0,U
3016,-61.511915530590784,15.406894159486377,200.0,200.0,U
3017,-61.51119595843884,15.4084669492266,200.0,200.0,U
3018,-61.513202436118725,15.407637453147757,200.0,200.0,U
3019,-61.51235813344428,15.408270517853731,200.0,200.0,U
3020,-61.511606888840994,15.408347381307053,200.0,200.0,U
3021,-61.51143956456106,15.405859336962669,200.0,200.0,U
3022,-61.5122450785451,15.407356443272986,200.0,200.0,U
3023,-61.51464281809336,15.405438214536945,200.0,200.0,U
3024,-61.51238076918505,15.408379255330246,200.0,200.0,U
3025,-61.5115154052763,15.40735923495042,200.0,200.0,U
3026,-61.51138615841514,15.408192284278153,200.0,200.0,U
3027,-61.51057289283708,15.40537138122442,200.0,200.0,U
3028,-61.51296295458581,15.40648702636866,200.0,200.0,U
3029,-61.511749837311854,15.408383687245628,200.0,200.0,U
3030,-61.51160309124845,15.408281059603832,200.0,200.0,U
3031,-61.510871727749496,15.40872883236242,200.0,200.0,U
3032,-61.51136372832396,15.406630251341277,200.0,200.0,U
3033,-61.51303577347887,15.408362465084599,200.0,200.0,U
3034,-61.51358512195282,15.404857910617789,200.0,200.0,U
3035,-61.51204472566328,15.407990887097888,200.0,200.0,U
3036,-61.511440158530526,15.408452705948648,200.0,200.0,U
3037,-61.511277867802974,15.406842427073887,200.0,200.0,U
3038,-61.511612468536406,15.408079424033081,200.0,200.0,U
3039,-61.511090069654884,15.408089346130323,200.0,200.0,U
3040,-61.51099968384411,15.409169113086067,200.0,200.0,U
3041,-61.51214540335792,15.4071932944518,200.0,200.0,U
3042,-61.51090316573439,15.40988749321594,200.0,200.0,U
3043,-61.511598114852816,15.407908594374822,200.0,200.0,U
3044,-61.509917390801846,15.40755291424679,200.0,200.0,U
3045,-61.51325270549054,15.407570481426706,200.0,200.0,U
3046,-61.50849305449,15.4080971090905,200.0,200.0,U
3047,-61.51175185926256,15.408439859135365,200.0,200.0,U
3048,-61.51170093722699,15.408464933546647,200.0,200.0,U
3049,-61.51367471473541,15.406924509558083,200.0,200.0,U
3050,-61.512177502441425,15.409849651988258,200.0,200.0,U
3051,-61.51238956316762,15.406848535115428,200.0,200.0,U
3052,-61.513782184087546,15.408258243510089,200.0,200.0,U
3053,-61.51084713879769,15.406493399963399,200.0,200.0,U
3054,-61.51175283346114,15.406962436402829,200.0,200.0,U
3055,-61.51620020206784,15.407828028490247,200.0,200.0,U
3056,-61.510372659261925,15.40917805284341,200.0,200.0,U
3057,-61.50924046647151,15.406187673236573,200.0,200.0,U
3058,-61.51417767578294,15.408613694235664,200.0,200.0,U
3059,-61.51072881905735,15.406420255982036,200.0,200.0,U
3060,-61.51084124170016,15.407947033818012,200.0,200.0,U
3061,-61.50918596231492,15.40864091011772,200.0,200.0,U
3062,-61.51077490864541,15.406676790813444,200.0,200.0,U
3063,-61.51134124480463,15.410112169313628,200.0,200.0,U
3064,-61.51209143309013,15.406481714287873,200.0,200.0,U
3065,-61.5109715014165,15.408138503580561,200.0,200.0,U
3066,-61.51154235809858,15.40756047929095,200.0,200.0,U
3067,-61.50939619100611,15.409127829825527,200.0,200.0,U
3068,-61.51360736412677,15.406623964600069,200.0,200.0,U
3069,-61.51129479503355,15.408334776731712,200.0,200.0,U
3070,-61.51048841531838,15.407817417519723,200.0,200.0,U
3071,-61.51224104284931,15.405176324477843,200.0,200.0,U
3072,-61.509564107125826,15.407261179499404,200.0,200.0,U
3073,-61.511977166734106,15.409585946311585,200.0,200.0,U
3074,-61.51248979192109,15.408515392082311,200.0,200.0,U
3075,-61.51169421015623,15.405895348767494,200.0,200.0,U
3076,-61.51132905715149,15.407544953217265,200.0,200.0,U
3077,-61.51299126844789,15.403638047788952,200.0,200.0,U
3078,-61.51132159940263,15.407153544329935,200.0,200.0,U
3079,-61.510521821902074,15.40831547771701,200.0,200.0,U
3080,-61.51290027413613,15.408596411495381,200.0,200.0,U
3081,-61.51085164181848,15.407707232593404,200.0,200.0,U
3082,-61.511937094045386,15.40660888687401,200.0,200.0,U
3083,-61.5097188232622,15.407290658212874,200.0,200.0,U
3084,-61.51007906282376,15.409919193618745,200.0,200.0,U
3085,-61.511500455567,15.407657164555015,200.0,200.0,U
3086,-61.51138960202073,15.407916428146551,200.0,200.0,U
3087,-61.51150637083036,15.407673702904708,200.0,200.0,U
3088,-61.510962364912885,15.408265425742172,200.0,200.0,U
3089,-61.51207736242255,15.40750693445916,200.0,200.0,U
3090,-61.51252068578022,15.404992002188516,200.0,200.0,U
3091,-61.51051164568241,15.404297452724144,200.0,200.0,U
3092,-61.5096348793901,15.407841309973511,200.0,200.0,U
3093,-61.50986096762774,15.40644032268208,200.0,200.0,U
3094,-61.51154236382578,15.408392333705752,200.0,200.0,U
3095,-61.51036102364748,15.407025078470308,200.0,200.0,U
3096,-61.50915755850873,15.407716868710754,200.0,200.0,U
3097,-61.510613024309066,15.409820752697874,200.0,200.0,U
3098,-61.511911725658,15.408409382454632,200.0,200.0,U
3099,-61.511547291807865,15.407868017695911,200.0,200.0,U
3100,-61.5108054538436,15.4060418088724,200.0,200.0,U
3101,-61.510472330693844,15.405900895346813,200.0,200.0,U
3102,-61.51107766058499,15.407257094249106,200.0,200.0,U
3103,-61.51275821027988,15.406970499854637,200.0,200.0,U
3104,-61.51199714794377,15.406329925398646,200.0,200.0,U
3105,-61.51153002134834,15.407403200894422,200.0,200.0,U
3106,-61.50966685133739,15.407390933450545,200.0,200.0,U
3107,-61.512177685754786,15.410307812516383,200.0,200.0,U
3108,-61.511301299356695,15.405586737586368,200.0,200.0,U
3109,-61.51207827001992,15.406003590665831,200.0,200.0,U
3110,-61.508835801786574,15.406006883527127,200.0,200.0,U
3111,-61.51249706472722,15.40554135107107,200.0,200.0,U
3112,-61.51269825350973,15.407231208282962,200.0,200.0,U
3113,-61.51167197143298,15.408337135829408,200.0,200.0,U
3114,-61.509884356556256,15.407255671950947,200.0,200.0,U
3115,-61.51176286113017,15.407146457854324,200.0,200.0,U
3116,-61.51129282697735,15.408560509582003,200.0,200.0,U
3117,-61.51358811721547,15.408541927988232,200.0,200.0,U
3118,-61.51214134129536,15.41087023792625,200.0,200.0,U
3119,-61.51197969681385,15.406754278516633,200.0,200.0,U
3120,-61.51121679017775,15.40553793612792,200.0,200.0,U
3121,-61.51101737234183,15.406450969751285,200.0,200.0,U
3122,-61.512871051205735,15.406145683027658,200.0,200.0,U
3123,-61.51083614539432,15.407646017966162,200.0,200.0,U
3124,-61.51022268536169,15.405805080081883,200.0,200.0,U
3125,-61.512706909789244,15.40375707338562,200.0,200.0,U
3126,-61.5107460417407,15.406114185859494,200.0,200.0,U
3127,-61.509062481268906,15.405963780163871,200.0,200.0,U
3128,-61.516304659073455,15.409467826830806,200.0,200.0,U
3129,-61.510883019020845,15.407733313957843,200.0,200.0,U
3130,-61.509060514017435,15.40586775796669,200.0,200.0,U
3131,-61.51116113131313,15.40579061828453,200.0,200.0,U
3132,-61.51573133840117,15.411899656890684,200.0,200.0,U
3133,-61.50929162129333,15.40901073998638,200.0,200.0,U
3134,-61.51172338741508,15.406843836134948,200.0,200.0,U
3135,-61.513201213902086,15.40484037871042,200.0,200.0,U
3136,-61.510009562802374,15.408030907333403,200.0,200.0,U
3137,-61.51090856586863,15.407958104238869,200.0,200.0,U
3138,-61.51175245229233,15.407549556920173,200.0,200.0,U
3139,-61.510991306898305,15.407218970090051,200.0,200.0,U
3140,-61.51160473449633,15.407022058067392,200.0,200.0,U
3141,-61.511155983588,15.407465083437696,200.0,200.0,U
3142,-61.51235076932963,15.404694093562966,200.0,200.0,U
3143,-61.50672831411791,15.407136889402414,200.0,200.0,U
3144,-61.510872468508,15.408643944545098,200.0,200.0,U
3145,-61.51316808238179,15.405351888673755,200.0,200.0,U
3146,-61.510700646477915,15.405826457151285,200.0,200.0,U
3147,-61.5115660608231,15.407427067592486,200.0,200.0,U
3148,-61.50934129026267,15.407072928856216,200.0,200.0,U
3149,-61.51128807986063,15.407392369184521,200.0,200.0,U
3150,-61.5132511455166,15.408485702980029,200.0,200.0,U
3151,-61.5105413345089,15.404130767346958,200.0,200.0,U
3152,-61.51113875639443,15.408771200834861,200.0,200.0,U
3153,-61.51099100108053,15.40713166234757,200.0,200.0,U
3154,-61.51160608615447,15.407304930374384,200.0,200.0,U
3155,-61.510029992181785,15.405656701521465,200.0,200.0,U
3156,-61.51067243726112,15.407238705675729,200.0,200.0,U
3157,-61.509640430227506,15.404714995513746,200.0,200.0,U
3158,-61.51226479030956,15.407756255882383,200.0,200.0,U
3159,-61.51132477942046,15.406629191221006,200.0,200.0,U
3160,-61.51085793566172,15.405959637068582,200.0,200.0,U
3161,-61.510410367732156,15.406728900132327,200.0,200.0,U
3162,-61.51199236731111,15.40628610755186,200.0,200.0,U
3163,-61.514264946348945,15.40406713393884,200.0,200.0,U
3164,-61.511929861190254,15.406817746861936,200.0,200.0,U
3165,-61.51151546854019,15.403817088751454,200.0,200.0,U
3166,-61.51312834051562,15.407494895266343,200.0,200.0,U
3167,-61.511397138187675,15.405674307134555,200.0,200.0,U
3168,-61.511434690091264,15.40798325489438,200.0,200.0,U
3169,-61.51157713474144,15.406686788711703,200.0,200.0,U
3170,-61.5115853728799,15.4070241595528,200.0,200.0,U
3171,-61.51417109998071,15.406414541769617,200.0,200.0,U
3172,-61.510704787288674,15.406365857703415,200.0,200.0,U
3173,-61.51174934331909,15.409516935228131,200.0,200.0,U
3174,-61.5114553619035,15.406947851495696,200.0,200.0,U
3175,-61.51192339132589,15.407588348619386,200.0,200.0,U
3176,-61.509968226120726,15.407199520035832,200.0,200.0,U
3177,-61.510106388173014,15.407963717854459,200.0,200.0,U
3178,-61.5090073877219,15.408329510373287,200.0,200.0,U
3179,-61.511538750110546,15.406608322400484,200.0,200.0,U
3180,-61.512895370791846,15.405645535079008,200.0,200.0,U
3181,-61.51345011898934,15.404848689503915,200.0,200.0,U
3182,-61.51130831512718,15.410350893866557,200.0,200.0,U
3183,-61.51181458139777,15.407490463571198,200.0,200.0,U
3184,-61.51053357373468,15.405735188153114,200.0,200.0,U
3185,-61.51077640313236,15.407194161639044,200.0,200.0,U
3186,-61.50974894189088,15.404788565466015,200.0,200.0,U
3187,-61.51109508183958,15.406562503796213,200.0,200.0,U
3188,-61.51104925835288,15.406724551758638,200.0,200.0,U
3189,-61.51117473037465,15.407377177315178,200.0,200.0,U
3190,-61.514081540418786,15.40810586347886,200.0,200.0,U
3191,-61.51287013822697,15.406394168025331,200.0,200.0,U
3192,-61.508666182435626,15.407104159043005,200.0,200.0,U
3193,-61.509890992645715,15.40787767649126,200.0,200.0,U
3194,-61.511059631161864,15.40661102611808,200.0,200.0,U
3195,-61.51407530485372,15.408812715933793,200.0,200.0,U
3196,-61.51137578634779,15.407321320264536,200.0,200.0,U
3197,-61.51166080434587,15.407147406098698,200.0,200.0,U
3198,-61.511034269394024,15.40775798400893,200.0,200.0,U
3199,-61.511274565262546,15.404838671653156,200.0,200.0,U
3200,-61.51211936462319,15.40692592753856,200.0,200.0,U
3201,-61.50957330685487,15.407478788602958,200.0,200.0,U
3202,-61.509865344077895,15.407252420706163,200.0,200.0,U
3203,-61.5120862565901,15.407952526173965,200.0,200.0,U
3204,-61.51138664236088,15.406692833529064,200.0,200.0,U
3205,-61.51040684135848,15.40573579577725,200.0,200.0,U
3206,-61.512191161299604,15.40662308788685,200.0,200.0,U
3207,-61.51107270115513,15.405736479375545,200.0,200.0,U
3208,-61.51338843504803,15.40767527067269,200.0,200.0,U
3209,-61.51131990384671,15.406647921967764,200.0,200.0,U
3210,-61.5109758170832,15.40588132049504,200.0,200.0,U
3211,-61.51055476359646,15.405638559818064,200.0,200.0,U
3212,-61.51137653692358,15.406482147629076,200.0,200.0,U
3213,-61.510007232596344,15.406786035939556,200.0,200.0,U
3214,-61.50972424120284,15.406632541742361,200.0,200.0,U
3215,-61.50868960566745,15.40489542954588,200.0,200.0,U
3216,-61.51324107597891,15.406206227711982,200.0,200.0,U
3217,-61.51131263205712,15.40657493977391,200.0,200.0,U
3218,-61.51047249469127,15.408375247659311,200.0,200.0,U
3219,-61.51205489735806,15.409631088753711,200.0,200.0,U
3220,-61.51199372202313,15.405882529395894,200.0,200.0,U
3221,-61.51209899845291,15.408309327100804,200.0,200.0,U
3222,-61.51221832710292,15.406819076868066,200.0,200.0,U
3223,-61.511151510751034,15.407581268303547,200.0,200.0,U
3224,-61.51121515488323,15.406615764853195,200.0,200.0,U
3225,-61.51168514324787,15.405970062676397,200.0,200.0,U
3226,-61.5112938485199,15.406385307906575,200.0,200.0,U
3227,-61.51261145877052,15.40525754225058,200.0,200.0,U
3228,-61.511218043674845,15.406862858490928,200.0,200.0,U
3229,-61.51365327011651,15.406317945514205,200.0,200.0,U
3230,-61.513275417311625,15.408903483218857,200.0,200.0,U
3231,-61.511230306113546,15.406381446135697,200.0,200.0,U
3232,-61.51202783494062,15.406342897851207,200.0,200.0,U
3233,-61.51079196882285,15.407035848226329,200.0,200.0,U
3234,-61.514941608542514,15.40640373506499,200.0,200.0,U
3235,-61.513258255669335,15.405104076746696,200.0,200.0,U
3236,-61.51122199203122,15.406328535441904,200.0,200.0,U
3237,-61.51099945227426,15.404523019237345,200.0,200.0,U
3238,-61.51019610807187,15.405867985187507,200.0,200.0,U
3239,-61.51270144910934,15.406133163707352,200.0,200.0,U
3240,-61.50962565953359,15.405944596973432,200.0,200.0,U
3241,-61.51064183092358,15.407060224810122,200.0,200.0,U
3242,-61.51320646523261,15.40776474891577,200.0,200.0,U
3243,-61.511521029378116,15.40524265260748,200.0,200.0,U
3244,-61.51507932331068,15.404269400815098,200.0,200.0,U
3245,-61.512500471110954,15.405615680849392,200.0,200.0,U
3246,-61.510860362155334,15.40601795950327,200.0,200.0,U
3247,-61.511363198292635,15.406246697827042,200.0,200.0,U
3248,-61.50810425082271,15.402672322314643,200.0,200.0,U
3249,-61.51106527296457,15.406521963605911,200.0,200.0,U
3250,-61.511283247898724,15.406296429319518,200.0,200.0,U
3251,-61.512795792641306,15.406944583811404,200.0,200.0,U
3252,-61.50901513305008,15.406785102654851,200.0,200.0,U
3253,-61.508286763204815,15.405634575997906,200.0,200.0,U
3254,-61.51073977736217,15.405708598239167,200.0,200.0,U
3255,-61.510209114772024,15.407064432365722,200.0,200.0,U
3256,-61.51265566396084,15.405896385086766,200.0,200.0,U
3257,-61.511694957406355,15.406540673363388,200.0,200.0,U
3258,-61.51231842227745,15.406234256397035,200.0,200.0,U
3259,-61.51130276130633,15.406270052886793,200.0,200.0,U
3260,-61.512404666265226,15.406044157711849,200.0,200.0,U
3261,-61.51174313242013,15.407141611996016,200.0,200.0,U
3262,-61.51051178984083,15.405558213608817,200.0,200.0,U
3263,-61.51107913822929,15.406274113626829,200.0,200.0,U
3264,-61.51166722534382,15.40614644952186,200.0,200.0,U
3265,-61.5122923330943,15.406992479536623,200.0,200.0,U
3266,-61.51259041592519,15.406157426926317,200.0,200.0,U
3267,-61.51197614646693,15.408751988370465,200.0,200.0,U
3268,-61.51356491803515,15.40748159157221,200.0,200.0,U
3269,-61.51383605977312,15.408331817798471,200.0,200.0,U
3270,-61.510443106091124,15.405554397526956,200.0,200.0,U
3271,-61.51057100166314,15.40698285870061,200.0,200.0,U
3272,-61.5117568009872,15.4060330600099,200.0,200.0,U
3273,-61.5139441026125,15.407722955910568,200.0,200.0,U
3274,-61.510939700089274,15.406219986413703,200.0,200.0,U
3275,-61.51138381763698,15.405287961916798,200.0,200.0,U
3276,-61.51142037449656,15.408607412758917,200.0,200.0,U
3277,-61.510576342942784,15.40568944216871,200.0,200.0,U
3278,-61.513022318283,15.404756203187727,200.0,200.0,U
3279,-61.511507865646756,15.40630180408413,200.0,200.0,U
3280,-61.5120763950076,15.406139838192795,200.0,200.0,U
3281,-61.512945469713465,15.404959016434088,200.0,200.0,U
3282,-61.51101567139758,15.405982468528402,200.0,200.0,U
3283,-61.512587257609695,15.406391285682943,200.0,200.0,U
3284,-61.510553844552774,15.405068113345788,200.0,200.0,U
3285,-61.51125954762715,15.406036498110398,200.0,200.0,U
3286,-61.51115336377478,15.405618076344428,200.0,200.0,U
3287,-61.50840449624853,15.40229605259335,200.0,200.0,U
3288,-61.51124128821004,15.40581982612957,200.0,200.0,U
3289,-61.511537380075,15.403324358008804,200.0,200.0,U
3290,-61.511360846588104,15.405721150377907,200.0,200.0,U
3291,-61.513358288799,15.407287134755961,200.0,200.0,U
3292,-61.511240208415686,15.405928305466281,200.0,200.0,U
3293,-61.51237133812989,15.410084260159042,200.0,200.0,U
3294,-61.509486936327875,15.40597270991802,200.0,200.0,U
3295,-61.51210059933876,15.405797319463069,200.0,200.0,U
3296,-61.51179298765315,15.407952881298664,200.0,200.0,U
3297,-61.51226872285206,15.407178970474238,200.0,200.0,U
3298,-61.513044309967405,15.407049823414221,200.0,200.0,U
3299,-61.51170295322957,15.405430066577239,200.0,200.0,U
3300,-61.511622420441135,15.406416249898793,200.0,200.0,U
3301,-61.51038540167031,15.405902123636974,200.0,200.0,U
3302,-61.51088719887139,15.404470958140967,200.0,200.0,U
3303,-61.511702578330684,15.40521353866074,200.0,200.0,U
3304,-61.51123389015574,15.405806356761877,200.0,200.0,U
3305,-61.51017080077582,15.40678512546396,200.0,200.0,U
3306,-61.5109960350529,15.40579482220207,200.0,200.0,U
3307,-61.51261434492498,15.407043418137125,200.0,200.0,U
3308,-61.511714013584346,15.407133931063498,200.0,200.0,U
3309,-61.51030611138976,15.406874201970409,200.0,200.0,U
3310,-61.5096300197626,15.405917239475828,200.0,200.0,U
3311,-61.511343723664154,15.40352777310987,200.0,200.0,U
3312,-61.51189979001363,15.405239430858126,200.0,200.0,U
3313,-61.511104704396125,15.405513851515323,200.0,200.0,U
3314,-61.51040636209832,15.4054590811324,200.0,200.0,U
3315,-61.51000723796453,15.405992317258045,200.0,200.0,U
3316,-61.510883975170835,15.405553638616706,200.0,200.0,U
3317,-61.507929013788804,15.403572454308906,200.0,200.0,U
3318,-61.50852380392934,15.403315526149928,200.0,200.0,U
3319,-61.51100891141628,15.405715109906415,200.0,200.0,U
3320,-61.51150900082059,15.405256866030435,200.0,200.0,U
3321,-61.51099572233011,15.405447405984622,200.0,200.0,U
3322,-61.51125762712806,15.405201005434822,200.0,200.0,U
3323,-61.50995535856193,15.40252480938238,200.0,200.0,U
3324,-61.51285801802046,15.406877301500993,200.0,200.0,U
3325,-61.50957908473919,15.407173623493202,200.0,200.0,U
3326,-61.511221304659536,15.407125797203717,200.0,200.0,U
3327,-61.51001481984774,15.405762152898125,200.0,200.0,U
3328,-61.51185320403613,15.405757136146747,200.0,200.0,U
3329,-61.51302475108637,15.407431648300342,200.0,200.0,U
3330,-61.51071449949212,15.40536223443158,200.0,200.0,U
3331,-61.514089700587554,15.407545303852084,200.0,200.0,U
3332,-61.51137046036661,15.40670107312718,200.0,200.0,U
3333,-61.51085432328052,15.40150761518873,200.0,200.0,U
3334,-61.50953599756864,15.404747763238388,200.0,200.0,U
3335,-61.511281822110085,15.405712638866145,200.0,200.0,U
3336,-61.50931357823717,15.403848645214655,200.0,200.0,U
3337,-61.511002357816906,15.406971020116817,200.0,200.0,U
3338,-61.5112671270493,15.405374817500274,200.0,200.0,U
3339,-61.510793505354634,15.405154410617921,200.0,200.0,U
3340,-61.513641099357194,15.404977776544115,200.0,200.0,U
3341,-61.51168535369692,15.40650703349664,200.0,200.0,U
3342,-61.510191367262294,15.405525421790102,200.0,200.0,U
3343,-61.51082453506804,15.40653728224113,200.0,200.0,U
3344,-61.511767119191184,15.404754670273812,200.0,200.0,U
3345,-61.5112310791559,15.405420615856697,200.0,200.0,U
3346,-61.511444148123424,15.404861454461894,200.0,200.0,U
3347,-61.51009765218607,15.40693074628392,200.0,200.0,U
3348,-61.51273148601896,15.405435967456128,200.0,200.0,U
3349,-61.51048738201374,15.4044264659553,200.0,200.0,U
3350,-61.510956373638905,15.406754882387007,200.0,200.0,U
3351,-61.50995117382359,15.405576378348895,200.0,200.0,U
3352,-61.5119248246654,15.405604500712,200.0,200.0,U
3353,-61.51010123168629,15.404679360602955,200.0,200.0,U
3354,-61.511572536204916,15.403773129529645,200.0,200.0,U
3355,-61.50965125720804,15.405565853755235,200.0,200.0,U
3356,-61.51214217457853,15.405368922089663,200.0,200.0,U
3357,-61.510384668370925,15.404122580612036,200.0,200.0,U
3358,-61.51132930141533,15.40606861139201,200.0,200.0,U
3359,-61.51132828315906,15.403330224679232,200.0,200.0,U
3360,-61.51037236133369,15.406602712225396,200.0,200.0,U
3361,-61.51084689118329,15.405759361028043,200.0,200.0,U
3362,-61.51108078723072,15.405349361226456,200.0,200.0,U
3363,-61.510550372035816,15.404357033154946,200.0,200.0,U
3364,-61.511181351823836,15.406574138955703,200.0,200.0,U
3365,-61.51261780904162,15.404456444897772,200.0,200.0,U
3366,-61.50952894793846,15.407894047636425,200.0,200.0,U
3367,-61.5105179861081,15.40496516474358,200.0,200.0,U
3368,-61.51055961932075,15.405500412195568,200.0,200.0,U
3369,-61.5105448964298,15.405549724202203,200.0,200.0,U
3370,-61.51121742524931,15.404461225868575,200.0,200.0,U
3371,-61.51013664923114,15.407455693263922,200.0,200.0,U
3372,-61.51045801931446,15.403851030805086,200.0,200.0,U
3373,-61.512287965577805,15.405926630333733,200.0,200.0,U
3374,-61.51034825793348,15.404165688973643,200.0,200.0,U
3375,-61.51113463843,15.405659669150323,200.0,200.0,U
3376,-61.51191232267272,15.405169377310438,200.0,200.0,U
3377,-61.50894960781653,15.406796491458513,200.0,200.0,U
3378,-61.51164796573732,15.4053542605223,200.0,200.0,U
3379,-61.51335409478437,15.405596172650169,200.0,200.0,U
3380,-61.50947082595806,15.404770349104968,200.0,200.0,U
3381,-61.51161820046022,15.403364027532229,200.0,200.0,U
3382,-61.50611203268042,15.404459772318642,200.0,200.0,U
3383,-61.50876483054825,15.4066926536257,200.0,200.0,U
3384,-61.511924171511744,15.4043202567732,200.0,200.0,U
3385,-61.511586053577545,15.404518963984652,200.0,200.0,U
3386,-61.51073545642292,15.404759612675207,200.0,200.0,U
3387,-61.51164186364719,15.405840601933424,200.0,200.0,U
3388,-61.511170195354346,15.405576107492871,200.0,200.0,U
3389,-61.508312692516064,15.405492035271557,200.0,200.0,U
3390,-61.51384551533506,15.404327713484749,200.0,200.0,U
3391,-61.51089748366931,15.406413885188815,200.0,200.0,U
3392,-61.51146508053634,15.404342229441587,200.0,200.0,U
3393,-61.513575877147545,15.408830651264473,200.0,200.0,U
3394,-61.51042764274804,15.403953817450681,200.0,200.0,U
3395,-61.509981274428114,15.404396435528202,200.0,200.0,U
3396,-61.5108232327123,15.40488394693693,200.0,200.0,U
3397,-61.512440945095925,15.406522389371007,200.0,200.0,U
3398,-61.51099538846947,15.405014044777701,200.0,200.0,U
3399,-61.51071813003698,15.406236894853059,200.0,200.0,U
3400,-61.51007688616867,15.404452926480971,200.0,200.0,U
3401,-61.51037609164454,15.403914002185092,200.0,200.0,U
3402,-61.51203744607288,15.406647656394377,200.0,200.0,U
3403,-61.50761040277034,15.402414053751123,200.0,200.0,U
3404,-61.51063378847095,15.404516603968798,200.0,200.0,U
3405,-61.50994339268707,15.40679203071486,200.0,200.0,U
3406,-61.5106480999462,15.404797451920961,200.0,200.0,U
3407,-61.510813953943675,15.40408813822548,200.0,200.0,U
3408,-61.511430527818135,15.405611804680214,200.0,200.0,U
3409,-61.51098307931115,15.405763132600656,200.0,200.0,U
3410,-61.50887636364682,15.407145281555792,200.0,200.0,U
3411,-61.51107715391909,15.404758379217764,200.0,200.0,U
3412,-61.506187043886314,15.40617420249796,200.0,200.0,U
3413,-61.51341113616909,15.405385594296305,200.0,200.0,U
3414,-61.51337730508865,15.404670907136483,200.0,200.0,U
3415,-61.51255699320544,15.401948368102754,200.0,200.0,U
3416,-61.51208240145587,15.404869715823816,200.0,200.0,U
3417,-61.51114683371772,15.40474132835479,200.0,200.0,U
3418,-61.51173912373027,15.404175825810125,200.0,200.0,U
3419,-61.51085340395431,15.406143026877182,200.0,200.0,U
3420,-61.510576727165656,15.406179809087023,200.0,200.0,U
3421,-61.51123643175117,15.404962421885367,200.0,200.0,U
3422,-61.50981369792111,15.405762071442382,200.0,200.0,U
3423,-61.512350746483584,15.40598226226041,200.0,200.0,U
3424,-61.51040289645839,15.406915133578886,200.0,200.0,U
3425,-61.51038257766093,15.404819776737414,200.0,200.0,U
3426,-61.51027364913108,15.404474273675554,200.0,200.0,U
3427,-61.50769052400658,15.399319271835465,200.0,200.0,U
3428,-61.51023569368494,15.404869026332527,200.0,200.0,U
3429,-61.50903882843784,15.403592365866544,200.0,200.0,U
3430,-61.5101272509765,15.406791011261149,200.0,200.0,U
3431,-61.50943985919251,15.403117930261946,200.0,200.0,U
3432,-61.50961328462517,15.406442878764201,200.0,200.0,U
3433,-61.509665370326594,15.405162518169028,200.0,200.0,U
3434,-61.511066165124575,15.404092867598276,200.0,200.0,U
3435,-61.51128844438362,15.40456190230614,200.0,200.0,U
3436,-61.51176237163804,15.404402201163812,200.0,200.0,U
3437,-61.511433622893065,15.404415588658296,200.0,200.0,U
3438,-61.511421511685796,15.404780680532618,200.0,200.0,U
3439,-61.51165479894591,15.405105822830336,200.0,200.0,U
3440,-61.510200288881144,15.408261106708729,200.0,200.0,U
3441,-61.51151456102732,15.406457065637749,200.0,200.0,U
3442,-61.511126403423404,15.404480688485103,200.0,200.0,U
3443,-61.51068806767202,15.404929316548978,200.0,200.0,U
3444,-61.50951990535102,15.403563288770378,200.0,200.0,U
3445,-61.51102784279955,15.40463489344747,200.0,200.0,U
3446,-61.51094073116604,15.404761059442027,200.0,200.0,U
3447,-61.50972824510798,15.40411429679501,200.0,200.0,U
3448,-61.51159534059805,15.40224436271366,200.0,200.0,U
3449,-61.510849726107836,15.404815980025138,200.0,200.0,U
3450,-61.51414261597474,15.407414933964226,200.0,200.0,U
3451,-61.510279000854744,15.404521543002396,200.0,200.0,U
3452,-61.51051309288172,15.4031065289014,200.0,200.0,U
3453,-61.5139683865732,15.40344967049433,200.0,200.0,U
3454,-61.51219588341852,15.40448614389087,200.0,200.0,U
3455,-61.51141273759738,15.405351789542355,200.0,200.0,U
3456,-61.512574255681635,15.404347654675849,200.0,200.0,U
3457,-61.51210245871462,15.404414100111067,200.0,200.0,U
3458,-61.51121749960929,15.40456072699928,200.0,200.0,U
3459,-61.5107113092884,15.404516599965637,200.0,200.0,U
3460,-61.51121698737339,15.40225895018572,200.0,200.0,U
3461,-61.50808538098814,15.404809053387641,200.0,200.0,U
3462,-61.51112809297564,15.402211170652373,200.0,200.0,U
3463,-61.51263749792684,15.404248933594198,200.0,200.0,U
3464,-61.50848025564002,15.403008762944884,200.0,200.0,U
3465,-61.51149628003907,15.403974258365576,200.0,200.0,U
3466,-61.51084775832972,15.404390766577455,200.0,200.0,U
3467,-61.51086948680971,15.405046405803116,200.0,200.0,U
3468,-61.511520809343544,15.403629336832706,200.0,200.0,U
3469,-61.510866720444916,15.405574015792775,200.0,200.0,U
3470,-61.51146934720813,15.403626346098118,200.0,200.0,U
3471,-61.50939982193495,15.40516611453213,200.0,200.0,U
3472,-61.509710197838466,15.402542501001953,200.0,200.0,U
3473,-61.510723666064514,15.405834022561585,200.0,200.0,U
3474,-61.50914467305935,15.40391020511426,200.0,200.0,U
3475,-61.51105310787235,15.40335741721899,200.0,200.0,U
3476,-61.510885026962924,15.404351634798763,200.0,200.0,U
3477,-61.51221611422509,15.403559502643288,200.0,200.0,U
3478,-61.51091499277156,15.405627778933376,200.0,200.0,U
3479,-61.51072050038637,15.404360106747967,200.0,200.0,U
3480,-61.509386769729154,15.404177971612263,200.0,200.0,U
3481,-61.51060463069921,15.404601418552229,200.0,200.0,U
3482,-61.51194014627313,15.40347000415715,200.0,200.0,U
3483,-61.50882165801326,15.403117908516618,200.0,200.0,U
3484,-61.510720639162344,15.4043641442547,200.0,200.0,U
3485,-61.51051400619515,15.404942889043168,200.0,200.0,U
3486,-61.51117709618442,15.404922775427863,200.0,200.0,U
3487,-61.510737524141874,15.404353231118824,200.0,200.0,U
3488,-61.51113229095326,15.405119751471982,200.0,200.0,U
3489,-61.51124893153773,15.403928874120233,200.0,200.0,U
3490,-61.51026397297003,15.402879849834093,200.0,200.0,U
3491,-61.51072003502008,15.403575332750755,200.0,200.0,U
3492,-61.51193849736675,15.405822203047707,200.0,200.0,U
3493,-61.51312091325469,15.405745742934942,200.0,200.0,U
3494,-61.51029987637147,15.404711484039884,200.0,200.0,U
3495,-61.51237295173823,15.40412824738125,200.0,200.0,U
3496,-61.51175242241437,15.40338917545708,200.0,200.0,U
3497,-61.510183191371816,15.403394924145863,200.0,200.0,U
3498,-61.510510091987925,15.404284339958538,200.0,200.0,U
3499,-61.5105514805506,15.403878714412022,200.0,200.0,U
3500,-61.510709023791975,15.40363331512317,200.0,200.0,U
3501,-61.50943845671266,15.40475145614419,200.0,200.0,U
3502,-61.50977804619446,15.40532496987446,200.0,200.0,U
3503,-61.511022551038366,15.403981321182107,200.0,200.0,U
3504,-61.5125007102889,15.405204936382633,200.0,200.0,U
3505,-61.50905228221303,15.40139912178315,200.0,200.0,U
3506,-61.51629678064725,15.406624483538382,200.0,200.0,U
3507,-61.511408788467286,15.4045724590629,200.0,200.0,U
3508,-61.51076693241566,15.40408387479202,200.0,200.0,U
3509,-61.50813707498505,15.40590932160891,200.0,200.0,U
3510,-61.510461661835066,15.403794432653084,200.0,200.0,U
3511,-61.51137792430195,15.401906179288348,200.0,200.0,U
3512,-61.512220782866116,15.405458082251617,200.0,200.0,U
3513,-61.513284722891875,15.403429833341457,200.0,200.0,U
3514,-61.509685987751126,15.406353186184406,200.0,200.0,U
3515,-61.510281825421686,15.403767026003923,200.0,200.0,U
3516,-61.50898972770878,15.407013218100438,200.0,200.0,U
3517,-61.51093219079636,15.40376650518463,200.0,200.0,U
3518,-61.510524555975785,15.404232447209694,200.0,200.0,U
3519,-61.510519354967535,15.404423493087519,200.0,200.0,U
3520,-61.51216889981461,15.40418702702696,200.0,200.0,U
3521,-61.511779793659045,15.405690081132438,200.0,200.0,U
3522,-61.50941858681872,15.404406839084515,200.0,200.0,U
3523,-61.51016506379019,15.40403726159869,200.0,200.0,U
3524,-61.50961528465173,15.404287757245989,200.0,200.0,U
3525,-61.509302464120914,15.402135967349674,200.0,200.0,U
3526,-61.51076454572683,15.403877384605938,200.0,200.0,U
3527,-61.50874806568532,15.405622672756836,200.0,200.0,U
3528,-61.510624113146775,15.404024006480247,200.0,200.0,U
3529,-61.51133160530248,15.403338559893191,200.0,200.0,U
3530,-61.512685223228516,15.405897514629652,200.0,200.0,U
3531,-61.51138848097217,15.405333412741397,200.0,200.0,U
3532,-61.51078925823375,15.403313123611563,200.0,200.0,U
3533,-61.51043100785451,15.403756525247923,200.0,200.0,U
3534,-61.510070663959056,15.403946169949483,200.0,200.0,U
3535,-61.51287695310532,15.4020322801542,200.0,200.0,U
3536,-61.51294508762637,15.405984305358132,200.0,200.0,U
3537,-61.51077414260532,15.404240263424553,200.0,200.0,U
3538,-61.51145823328836,15.404856167160714,200.0,200.0,U
3539,-61.507549218238935,15.401547849159057,200.0,200.0,U
3540,-61.51058356009137,15.403190392369096,200.0,200.0,U
3541,-61.51058163735069,15.403543300975885,200.0,200.0,U
3542,-61.51047957501712,15.40359497929685,200.0,200.0,U
3543,-61.5111332557731,15.40097004714823,200.0,200.0,U
3544,-61.509289019907904,15.40367331917691,200.0,200.0,U
3545,-61.51184757417098,15.405702143799326,200.0,200.0,U
3546,-61.510244174160874,15.403049062693514,200.0,200.0,U
3547,-61.512198685686926,15.405487433062659,200.0,200.0,U
3548,-61.50952860128952,15.404462323508916,200.0,200.0,U
3549,-61.51163816317045,15.404404375772554,200.0,200.0,U
3550,-61.5093536553829,15.40234850636057,200.0,200.0,U
3551,-61.510585693345575,15.402428053466853,200.0,200.0,U
3552,-61.510935638836976,15.401959902649494,200.0,200.0,U
3553,-61.50938865119678,15.400033039729822,200.0,200.0,U
3554,-61.50971649048951,15.40601656714346,200.0,200.0,U
3555,-61.510579299743284,15.40380831850918,200.0,200.0,U
3556,-61.510399262557975,15.40401022616383,200.0,200.0,U
3557,-61.50998648201557,15.403277614779489,200.0,200.0,U
3558,-61.511431346493765,15.401002800699354,200.0,200.0,U
3559,-61.510599442574986,15.403578005129955,200.0,200.0,U
3560,-61.50925183046199,15.406515404018403,200.0,200.0,U
3561,-61.51138062182689,15.403599801646587,200.0,200.0,U
3562,-61.50999074458679,15.40299545004698,200.0,200.0,U
3563,-61.511645636084694,15.402445282894762,200.0,200.0,U
3564,-61.51136421052339,15.40468056921646,200.0,200.0,U
3565,-61.50974044970851,15.403953603207293,200.0,200.0,U
3566,-61.51080200653906,15.403454193127004,200.0,200.0,U
3567,-61.51102345945589,15.404983613886593,200.0,200.0,U
3568,-61.510544953550415,15.40332632649761,200.0,200.0,U
3569,-61.51062188855261,15.403536976179003,200.0,200.0,U
3570,-61.511378373626215,15.40168869337485,200.0,200.0,U
3571,-61.51269540867743,15.403147628667453,200.0,200.0,U
3572,-61.511026829944875,15.40360463176976,200.0,200.0,U
3573,-61.51006272644122,15.403501836232897,200.0,200.0,U
3574,-61.51047822023451,15.403314868823305,200.0,200.0,U
3575,-61.50994675915372,15.403503060297652,200.0,200.0,U
3576,-61.50981091078997,15.403775798971983,200.0,200.0,U
3577,-61.50986017521621,15.40406086440877,200.0,200.0,U
3578,-61.508274846172256,15.405378681483768,200.0,200.0,U
3579,-61.51043708092893,15.403720641293996,200.0,200.0,U
3580,-61.51075085687468,15.403624882542365,200.0,200.0,U
3581,-61.511209017179695,15.403391224019728,200.0,200.0,U
3582,-61.5110752767841,15.403954469320398,200.0,200.0,U
3583,-61.511516199566934,15.403225612715113,200.0,200.0,U
3584,-61.50745658488705,15.401611858625584,200.0,200.0,U
3585,-61.51269652450955,15.405324213602388,200.0,200.0,U
3586,-61.51009846128277,15.402339473278907,200.0,200.0,U
3587,-61.51055740760634,15.40335446034763,200.0,200.0,U
3588,-61.51052457710352,15.401961343288951,200.0,200.0,U
3589,-61.51047496815577,15.402593097410245,200.0,200.0,U
3590,-61.51132931422468,15.402586259114626,200.0,200.0,U
3591,-61.51054752085828,15.403302033745671,200.0,200.0,U
3592,-61.51001367524017,15.403882184639189,200.0,200.0,U
3593,-61.510262353692234,15.403283563907852,200.0,200.0,U
3594,-61.50818401550739,15.401994607038077,200.0,200.0,U
3595,-61.5092475862517,15.404523805918705,200.0,200.0,U
3596,-61.51048988279498,15.39949689577608,200.0,200.0,U
3597,-61.509285825169975,15.401603616202467,200.0,200.0,U
3598,-61.511476097767826,15.403900448235023,200.0,200.0,U
3599,-61.51027937362258,15.403349773020862,200.0,200.0,U
3600,-61.51054593747654,15.402260460688806,200.0,200.0,U
3971,-61.50970983301792,15.399561579840922,200.0,200.0,U
3972,-61.50943960181931,15.399832293689016,200.0,200.0,U
3973,-61.509378056518365,15.399024972022024,200.0,200.0,U
3974,-61.509081927096716,15.400179984652127,200.0,200.0,U
3975,-61.50829299215491,15.400952821942418,200.0,200.0,U
3976,-61.50955841206691,15.398676527210677,200.0,200.0,U
3977,-61.50874057652759,15.40212002360491,200.0,200.0,U
3978,-61.51038258522269,15.398648967589697,200.0,200.0,U
3979,-61.50967054013996,15.401494977838608,200.0,200.0,U
3980,-61.50854334026247,15.401267372439035,200.0,200.0,U
3981,-61.506688188804475,15.401443854411292,200.0,200.0,U
3982,-61.508842401470076,15.399481609754597,200.0,200.0,U
3983,-61.5104738655324,15.401373171639284,200.0,200.0,U
3984,-61.511108954401536,15.401282517995117,200.0,200.0,U
3985,-61.50790203578783,15.402377332951707,200.0,200.0,U
3986,-61.50937511608628,15.399857215036654,200.0,200.0,U
3987,-61.5076657290012,15.398039228229498,200.0,200.0,U
3988,-61.508911862551635,15.401004540602884,200.0,200.0,U
3989,-61.51031354460697,15.39863427047087,200.0,200.0,U
3990,-61.50947234123757,15.400706699262466,200.0,200.0,U
3991,-61.508769030152415,15.399431564481628,200.0,200.0,U
3992,-61.50883604813993,15.402754415425756,200.0,200.0,U
3993,-61.50932034379497,15.399649160139978,200.0,200.0,U
3994,-61.508409593832724,15.40248352461091,200.0,200.0,U
3995,-61.51014783684738,15.399478346076135,200.0,200.0,U
3996,-61.50907190120533,15.398881943190265,200.0,200.0,U
3997,-61.509340173463066,15.399314212524525,200.0,200.0,U
3998,-61.50844442941929,15.400528206314357,200.0,200.0,U
3999,-61.511239993768214,15.398551769036766,200.0,200.0,U
4000,-61.50779418184029,15.399715151070545,200.0,200.0,U
4001,-61.50953322047937,15.398835376717658,200.0,200.0,U
4002,-61.5090090267247,15.399145885272508,200.0,200.0,U
4003,-61.50930382391352,15.399501198362088,200.0,200.0,U
4004,-61.509289039572224,15.40047026440507,200.0,200.0,U
4005,-61.509454530875516,15.399657842594307,200.0,200.0,U
4006,-61.51226446337609,15.403933032721437,200.0,200.0,U
4007,-61.50881590628984,15.398656615495529,200.0,200.0,U
4008,-61.50947915226375,15.401347999454801,200.0,200.0,U
4009,-61.506753195573204,15.401034732351317,200.0,200.0,U
4010,-61.51210837681266,15.396244136633971,200.0,200.0,U
4011,-61.50913565537066,15.3999918518886,200.0,200.0,U
4012,-61.5092521954512,15.399642954690874,200.0,200.0,U
4013,-61.509384376702116,15.399507966008564,200.0,200.0,U
4014,-61.51110668059457,15.397785032761597,200.0,200.0,U
4015,-61.509082047158564,15.399618154502969,200.0,200.0,U
4016,-61.50817396965709,15.399296253846066,200.0,200.0,U
4017,-61.511209423596334,15.4010865153139,200.0,200.0,U
4018,-61.50919812011743,15.399737711490603,200.0,200.0,U
4019,-61.50541716455224,15.394947603976082,200.0,200.0,U
4020,-61.51044070790862,15.397617594753832,200.0,200.0,U
4021,-61.50826350902386,15.400248869132733,200.0,200.0,U
4022,-61.50791138675712,15.399930836720094,200.0,200.0,U
4023,-61.51008169582716,15.399770049151515,200.0,200.0,U
4024,-61.509223338956794,15.399371789237533,200.0,200.0,U
4025,-61.50838939356166,15.398294323788628,200.0,200.0,U
4026,-61.50992971899378,15.398774293073577,200.0,200.0,U
4027,-61.51095255666626,15.397105294646874,200.0,200.0,U
4028,-61.50881709362926,15.399136983165606,200.0,200.0,U
4029,-61.50915667871439,15.399345657276204,200.0,200.0,U
4030,-61.505351650005146,15.39852641001186,200.0,200.0,U
4031,-61.50929955047067,15.40142036893068,200.0,200.0,U
4032,-61.5103874270862,15.399657372138057,200.0,200.0,U
4033,-61.51176695728079,15.399713648516153,200.0,200.0,U
4034,-61.50886390379498,15.398074947490567,200.0,200.0,U
4035,-61.51136434170684,15.397013818182067,200.0,200.0,U
4036,-61.512047205813026,15.398964186291362,200.0,200.0,U
4037,-61.5079351787367,15.400393216802483,200.0,200.0,U
4038,-61.51010763184305,15.397863578004904,200.0,200.0,U
4039,-61.50983643931904,15.39722591096014,200.0,200.0,U
4040,-61.50924865644986,15.399054418871252,200.0,200.0,U
4041,-61.509736444036434,15.398823579330621,200.0,200.0,U
4042,-61.50927951806973,15.399301423862672,200.0,200.0,U
4043,-61.5105150184618,15.398172159386501,200.0,200.0,U
4044,-61.50919742208499,15.400234112283538,200.0,200.0,U
4045,-61.508583902695754,15.399005531479968,200.0,200.0,U
4046,-61.50832092383403,15.400678997902865,200.0,200.0,U
4047,-61.509556971596155,15.398085212385979,200.0,200.0,U
4048,-61.508929646350744,15.398352301240092,200.0,200.0,U
4049,-61.51019168990685,15.39929009858294,200.0,200.0,U
4050,-61.509049500924114,15.399502249838768,200.0,200.0,U
4051,-61.51110208936979,15.398469910520777,200.0,200.0,U
4052,-61.51142419158957,15.398777247235385,200.0,200.0,U
4053,-61.50976707902767,15.399918136295797,200.0,200.0,U
4054,-61.50797021557803,15.397796530518384,200.0,200.0,U
4055,-61.513056675295005,15.401086112227164,200.0,200.0,U
4056,-61.50830330792976,15.398771601046844,200.0,200.0,U
4057,-61.510031318025646,15.397985765525391,200.0,200.0,U
4058,-61.50996785772406,15.399257371792855,200.0,200.0,U
4059,-61.508703388519535,15.3985064727727,200.0,200.0,U
4060,-61.51071942513095,15.398373591771076,200.0,200.0,U
4061,-61.509797288070914,15.396905280021066,200.0,200.0,U
4062,-61.51106381081816,15.399307790792959,200.0,200.0,U
4063,-61.508802064677745,15.39614722303565,200.0,200.0,U
4064,-61.51103591148365,15.399460372262118,200.0,200.0,U
4065,-61.507760255178304,15.401206076825643,200.0,200.0,U
4066,-61.50595347574328,15.395578713707026,200.0,200.0,U
4067,-61.50919570708392,15.39794089759383,200.0,200.0,U
4068,-61.50898220403679,15.398330405277974,200.0,200.0,U
4069,-61.508922134637096,15.398906133808197,200.0,200.0,U
4070,-61.50893281904737,15.398515334306962,200.0,200.0,U
4071,-61.51024043407214,15.40020836913062,200.0,200.0,U
4072,-61.510771310392876,15.399961665751583,200.0,200.0,U
4073,-61.51193918283594,15.39637983869483,200.0,200.0,U
4074,-61.50930526404491,15.399169572875673,200.0,200.0,U
4075,-61.507034263318886,15.399324618227299,200.0,200.0,U
4076,-61.511654794341915,15.396358940674343,200.0,200.0,U
4077,-61.508353402100255,15.397005405901599,200.0,200.0,U
4078,-61.50743246923447,15.39754842141113,200.0,200.0,U
4079,-61.50761908533161,15.397786507232432,200.0,200.0,U
4080,-61.50964788672221,15.398737292152578,200.0,200.0,U
4081,-61.508934534088,15.399125914276903,200.0,200.0,U
4082,-61.50465060112957,15.395883350680922,200.0,200.0,U
4083,-61.509836928134085,15.397798920260232,200.0,200.0,U
4084,-61.50673363062832,15.398404272301903,200.0,200.0,U
4085,-61.50821589401262,15.398139521471883,200.0,200.0,U
4086,-61.510105647208384,15.398836452849476,200.0,200.0,U
4087,-61.50956723271068,15.398670135116385,200.0,200.0,U
4088,-61.508391525540844,15.399185459323528,200.0,200.0,U
4089,-61.51035465844139,15.396289440530492,200.0,200.0,U
4090,-61.510841121254714,15.397636914176413,200.0,200.0,U
4091,-61.509621673018835,15.397310524389244,200.0,200.0,U
4092,-61.508240188454344,15.394478327583561,200.0,200.0,U
4093,-61.508993166778694,15.398402749419855,200.0,200.0,U
4094,-61.50740583976809,15.397960152616031,200.0,200.0,U
4095,-61.50928446710673,15.398717558297664,200.0,200.0,U
4096,-61.511518849655324,15.399262627907142,200.0,200.0,U
4097,-61.50660759705722,15.398150560495239,200.0,200.0,U
4098,-61.50887956756525,15.40023970406134,200.0,200.0,U
4099,-61.5088972003005,15.398410587963996,200.0,200.0,U
4100,-61.51017042850272,15.39641150681302,200.0,200.0,U
4101,-61.509079869111154,15.398681683136004,200.0,200.0,U
4102,-61.5091184041691,15.398267621250278,200.0,200.0,U
4103,-61.51008115276602,15.39720961692203,200.0,200.0,U
4104,-61.50922288974698,15.398305801650238,200.0,200.0,U
4105,-61.51008409937601,15.400022131494522,200.0,200.0,U
4106,-61.509123027104124,15.397243727327679,200.0,200.0,U
4107,-61.50952507945814,15.401757728003417,200.0,200.0,U
4108,-61.50910786521927,15.398247253227902,200.0,200.0,U
4109,-61.50933917762737,15.398961599280641,200.0,200.0,U
4110,-61.50872625552585,15.399239340673784,200.0,200.0,U
4111,-61.50890987173062,15.396617665548776,200.0,200.0,U
4112,-61.51029960790767,15.397866476900536,200.0,200.0,U
4113,-61.509598633951846,15.397692696881155,200.0,200.0,U
4114,-61.50993499008858,15.399223130975223,200.0,200.0,U
4115,-61.50814525914169,15.398188784262443,200.0,200.0,U
4116,-61.51038424756693,15.396850609574932,200.0,200.0,U
4117,-61.511443890302786,15.394686592147178,200.0,200.0,U
4118,-61.5086461399273,15.399840185601636,200.0,200.0,U
4119,-61.511333298439965,15.397082894334739,200.0,200.0,U
4120,-61.50910303006163,15.397282919976046,200.0,200.0,U
4121,-61.508223341312835,15.398304299866949,200.0,200.0,U
4122,-61.50668256929239,15.399535712111447,200.0,200.0,U
4123,-61.50911625621584,15.399866605985693,200.0,200.0,U
4124,-61.50912366181296,15.398518794319488,200.0,200.0,U
4125,-61.50888025552732,15.398321074314278,200.0,200.0,U
4126,-61.50770548028799,15.401937185638591,200.0,200.0,U
4127,-61.50928111529391,15.397015543066445,200.0,200.0,U
4128,-61.509165812229064,15.398638098119847,200.0,200.0,U
4129,-61.50965012561382,15.3998746588782,200.0,200.0,U
4130,-61.50825910117857,15.3995981636273,200.0,200.0,U
4131,-61.506483653590244,15.399272020745956,200.0,200.0,U
4132,-61.50958184320522,15.401743511753505,200.0,200.0,U
4133,-61.50854965140968,15.398454235225863,200.0,200.0,U
4134,-61.50861127278794,15.398413416943155,200.0,200.0,U
4135,-61.50995941007881,15.39685109959712,200.0,200.0,U
4136,-61.50771067224074,15.398348094174526,200.0,200.0,U
4137,-61.509714586491505,15.399539582536521,200.0,200.0,U
4138,-61.50799311290413,15.399190376884798,200.0,200.0,U
4139,-61.5116636536498,15.397935822393965,200.0,200.0,U
4140,-61.51024966813996,15.398140002562059,200.0,200.0,U
4141,-61.50820523735491,15.39694711235198,200.0,200.0,U
4142,-61.51026055090445,15.397244207003547,200.0,200.0,U
4143,-61.50816991712695,15.398339118149604,200.0,200.0,U
4144,-61.5107658037249,15.397759566817173,200.0,200.0,U
4145,-61.50773383508633,15.394621249633197,200.0,200.0,U
4146,-61.50884946869855,15.398226608097744,200.0,200.0,U
4147,-61.509301005789034,15.397636567527265,200.0,200.0,U
4148,-61.50811968023816,15.39861282893344,200.0,200.0,U
4149,-61.50615882768275,15.398597126098037,200.0,200.0,U
4150,-61.508894662114876,15.398162497393711,200.0,200.0,U
4151,-61.50581900629829,15.39779819862136,200.0,200.0,U
4152,-61.50770344628971,15.395237627301329,200.0,200.0,U
4153,-61.510163181894455,15.39711362797027,200.0,200.0,U
4154,-61.50687341049586,15.39593263156617,200.0,200.0,U
4155,-61.50990170816476,15.399126201283007,200.0,200.0,U
4156,-61.50822651209111,15.398185067800194,200.0,200.0,U
4157,-61.50850149488851,15.397107158670257,200.0,200.0,U
4158,-61.50799158982664,15.397449887624768,200.0,200.0,U
4159,-61.50831086256623,15.39873430120971,200.0,200.0,U
4160,-61.51027008186592,15.396636397682798,200.0,200.0,U
4161,-61.50913260605656,15.401172665300578,200.0,200.0,U
4162,-61.508866771495484,15.398031217987558,200.0,200.0,U
4163,-61.51012118892076,15.398761140406876,200.0,200.0,U
4164,-61.51034045784521,15.397659653785446,200.0,200.0,U
4165,-61.50749954593162,15.39730393786549,200.0,200.0,U
4166,-61.50870955826613,15.39719968763023,200.0,200.0,U
4167,-61.508734503486046,15.397973423842002,200.0,200.0,U
4168,-61.50782703960253,15.3972335465123,200.0,200.0,U
4169,-61.50821814626172,15.395896423405476,200.0,200.0,U
4170,-61.50893886361155,15.397946495882374,200.0,200.0,U
4171,-61.508924571967576,15.399227976468906,200.0,200.0,U
4172,-61.50843667628311,15.39768626500848,200.0,200.0,U
4173,-61.5087150824042,15.398489712511868,200.0,200.0,U
4174,-61.50906219352234,15.397818944162635,200.0,200.0,U
4175,-61.51009682296378,15.39754448908566,200.0,200.0,U
4176,-61.50843592255513,15.400045423092742,200.0,200.0,U
4177,-61.507800103908004,15.39871714044213,200.0,200.0,U
4178,-61.50944329687206,15.397595277774624,200.0,200.0,U
4179,-61.50733461096495,15.399873950589466,200.0,200.0,U
4180,-61.508972204933016,15.397259069294915,200.0,200.0,U
4181,-61.50914541959874,15.397957335832015,200.0,200.0,U
4182,-61.50729971370022,15.3967864434706,200.0,200.0,U
4183,-61.507312772774554,15.396394964554057,200.0,200.0,U
4184,-61.51004479231626,15.396141177475917,200.0,200.0,U
4185,-61.50775577868992,15.398102589475393,200.0,200.0,U
4186,-61.51098995556847,15.39545111775001,200.0,200.0,U
4187,-61.50640616719745,15.39607500285148,200.0,200.0,U
4188,-61.50941188105135,15.398008605646217,200.0,200.0,U
4189,-61.50906783595853,15.399428551721144,200.0,200.0,U
4190,-61.50614385203822,15.398040681217276,200.0,200.0,U
4191,-61.50817370609878,15.396847332678718,200.0,200.0,U
4192,-61.5088024651671,15.397465367456793,200.0,200.0,U
4193,-61.50757172474528,15.397623587956065,200.0,200.0,U
4194,-61.506829569012694,15.396400044396568,200.0,200.0,U
4195,-61.508777652427845,15.397850763288291,200.0,200.0,U
4196,-61.508571458510296,15.39720740050855,200.0,200.0,U
4197,-61.50876132024288,15.398059341384657,200.0,200.0,U
4198,-61.50719882891534,15.39781743761296,200.0,200.0,U
4199,-61.50717013313177,15.398356888362926,200.0,200.0,U
4200,-61.50820914100914,15.396925977711192,200.0,200.0,U
4201,-61.50832322692731,15.400290984933076,200.0,200.0,U
4202,-61.50847327353377,15.398247096498224,200.0,200.0,U
4203,-61.50861435876367,15.39772610176634,200.0,200.0,U
4204,-61.50761246057945,15.394850683618559,200.0,200.0,U
4205,-61.509058274291256,15.398013088639411,200.0,200.0,U
4206,-61.50673527635749,15.396330836966992,200.0,200.0,U
4207,-61.504790523343594,15.397218294151523,200.0,200.0,U
4208,-61.50980177831303,15.397733161299348,200.0,200.0,U
4209,-61.508392716003215,15.39780382891311,200.0,200.0,U
4210,-61.50818885836823,15.397697776116866,200.0,200.0,U
4211,-61.509589837994305,15.3962083560792,200.0,200.0,U
4212,-61.50848808216223,15.39757588598043,200.0,200.0,U
4213,-61.50865007401276,15.39553699222539,200.0,200.0,U
4214,-61.510171194366706,15.39837883815466,200.0,200.0,U
4215,-61.50647216130314,15.396913326680636,200.0,200.0,U
4216,-61.5091781733195,15.397476572506735,200.0,200.0,U
4217,-61.50900686557367,15.394671383198794,200.0,200.0,U
4218,-61.508017937412134,15.396246944522527,200.0,200.0,U
4219,-61.509221343624674,15.3970102434095,200.0,200.0,U
4220,-61.511814663715334,15.394446399818182,200.0,200.0,U
4221,-61.50969130276751,15.395601968353308,200.0,200.0,U
4222,-61.50794843197981,15.397632267484546,200.0,200.0,U
4223,-61.50835429169389,15.396319672301512,200.0,200.0,U
4224,-61.50848859224144,15.397420133582468,200.0,200.0,U
4225,-61.50936670961163,15.397681424166043,200.0,200.0,U
4226,-61.5084643027844,15.397341896246346,200.0,200.0,U
4227,-61.50665605617996,15.394011621255364,200.0,200.0,U
4228,-61.50913876831266,15.397764259242955,200.0,200.0,U
4229,-61.511222245565435,15.397912266102761,200.0,200.0,U
4230,-61.51133084598845,15.39669806406161,200.0,200.0,U
4231,-61.50857387726441,15.397321570573483,200.0,200.0,U
4232,-61.508984273674066,15.39737019324511,200.0,200.0,U
4233,-61.50884624343684,15.398719985796557,200.0,200.0,U
4234,-61.50781321819277,15.397988102039998,200.0,200.0,U
4235,-61.50822899897526,15.396690979927488,200.0,200.0,U
4236,-61.507513979160215,15.398849111374199,200.0,200.0,U
4237,-61.509535941869984,15.397277270367818,200.0,200.0,U
4238,-61.50702535682545,15.396202928903696,200.0,200.0,U
4239,-61.50947423901885,15.397270184715655,200.0,200.0,U
4240,-61.50817966082049,15.3950368977263,200.0,200.0,U
4241,-61.51016135521626,15.397390335796889,200.0,200.0,U
4242,-61.511151172583425,15.398225820106331,200.0,200.0,U
4243,-61.508856270988815,15.394548597384805,200.0,200.0,U
4244,-61.50749586189687,15.39831355264939,200.0,200.0,U
4245,-61.508727305902624,15.396894118088444,200.0,200.0,U
4246,-61.50882608416045,15.394772578273633,200.0,200.0,U
4247,-61.5082942308842,15.396773727723328,200.0,200.0,U
4248,-61.50731219105937,15.397528330997565,200.0,200.0,U
4249,-61.50938130422673,15.400801841522533,200.0,200.0,U
4250,-61.508395552794504,15.397604989843025,200.0,200.0,U
4251,-61.5069569259352,15.396675584698883,200.0,200.0,U
4252,-61.50775415807928,15.395447608754434,200.0,200.0,U
4253,-61.50673512409712,15.397163546268523,200.0,200.0,U
4254,-61.508415342207364,15.397287213825804,200.0,200.0,U
4255,-61.507914424921076,15.396415122410033,200.0,200.0,U
4256,-61.50838005426681,15.396119636605405,200.0,200.0,U
4257,-61.509530179976416,15.396530898179666,200.0,200.0,U
4258,-61.50879881142245,15.397305669519163,200.0,200.0,U
4259,-61.50847487998159,15.394093030562562,200.0,200.0,U
4260,-61.50979769040682,15.396314371237477,200.0,200.0,U
4261,-61.510631926321125,15.398762592030124,200.0,200.0,U
4262,-61.508375842311494,15.397066468680585,200.0,200.0,U
4263,-61.51210774365604,15.39692782745352,200.0,200.0,U
4264,-61.50821150982557,15.397018826622105,200.0,200.0,U
4265,-61.50975669013283,15.397431016956421,200.0,200.0,U
4266,-61.506212939157614,15.398995986170139,200.0,200.0,U
4267,-61.50865499457666,15.396987699100153,200.0,200.0,U
4268,-61.50731128452378,15.396625256477776,200.0,200.0,U
4269,-61.50915362161649,15.397592397556874,200.0,200.0,U
4270,-61.50788882129414,15.397356008516997,200.0,200.0,U
4271,-61.50785044828807,15.396689906400493,200.0,200.0,U
4272,-61.50774419037932,15.398937622787113,200.0,200.0,U
4273,-61.50623934715998,15.398649989394201,200.0,200.0,U
4274,-61.506478370338,15.39581840261136,200.0,200.0,U
4275,-61.508382042984486,15.392134736042168,200.0,200.0,U
4276,-61.50760443878489,15.396686544164014,200.0,200.0,U
4277,-61.50855400320922,15.396993548801163,200.0,200.0,U
4278,-61.50734742718384,15.399495975950988,200.0,200.0,U
4279,-61.50705498432858,15.396053019436964,200.0,200.0,U
4280,-61.50788368394168,15.397852145849019,200.0,200.0,U
4281,-61.50785724085672,15.39798235978801,200.0,200.0,U
4282,-61.50660096593829,15.39739408923811,200.0,200.0,U
4283,-61.509757055862025,15.396756484709336,200.0,200.0,U
4284,-61.5074789789094,15.398174662959512,200.0,200.0,U
4285,-61.50927320645781,15.397408061241153,200.0,200.0,U
4286,-61.50856234838719,15.397416934443081,200.0,200.0,U
4287,-61.51155210312576,15.399647250646346,200.0,200.0,U
4288,-61.50946430896832,15.395588203609778,200.0,200.0,U
4289,-61.50732310644934,15.395682018381978,200.0,200.0,U
4290,-61.506914327767625,15.398368328273715,200.0,200.0,U
4291,-61.50989128911702,15.396832252426206,200.0,200.0,U
4292,-61.508281758732565,15.39785217270526,200.0,200.0,U
4293,-61.50725153571288,15.397524057516037,200.0,200.0,U
4294,-61.50842678501994,15.395132860101347,200.0,200.0,U
4295,-61.50800729838471,15.396238266198585,200.0,200.0,U
4296,-61.50864174024399,15.396093513251092,200.0,200.0,U
4297,-61.50979779369599,15.399723360126712,200.0,200.0,U
4298,-61.50864725660792,15.400856401557286,200.0,200.0,U
4299,-61.50690413420303,15.396082274862096,200.0,200.0,U
4300,-61.509510412756214,15.39696972442506,200.0,200.0,U
4301,-61.508408055381416,15.39778796534676,200.0,200.0,U
4302,-61.50783604187965,15.396160837742029,200.0,200.0,U
4303,-61.50589356603481,15.40027003376256,200.0,200.0,U
4304,-61.508106764214794,15.395490052457397,200.0,200.0,U
4305,-61.50754312804478,15.397146474556239,200.0,200.0,U
4306,-61.507828891917065,15.396838150007786,200.0,200.0,U
4307,-61.50923453253228,15.396044056862497,200.0,200.0,U
4308,-61.50789620018897,15.396533163115478,200.0,200.0,U
4309,-61.50697140366944,15.397334169737965,200.0,200.0,U
4310,-61.50771745607535,15.393872564396336,200.0,200.0,U
4311,-61.50800702489725,15.396416971280107,200.0,200.0,U
4312,-61.508133785292046,15.396543230255627,200.0,200.0,U
4313,-61.50838623928867,15.39625459998736,200.0,200.0,U
4314,-61.50811110406669,15.396299952275713,200.0,200.0,U
4315,-61.51061065088517,15.39950713656829,200.0,200.0,U
4316,-61.50799481626012,15.39464663582091,200.0,200.0,U
4317,-61.50968025690651,15.39754052588275,200.0,200.0,U
4318,-61.50907211740236,15.395732587563216,200.0,200.0,U
4319,-61.50757228441341,15.396832832215877,200.0,200.0,U
4320,-61.50806109193345,15.396948905901347,200.0,200.0,U
4321,-61.51180521347104,15.396938181727153,200.0,200.0,U
4322,-61.50709370359505,15.39474649653287,200.0,200.0,U
4323,-61.508697884647496,15.396212079759595,200.0,200.0,U
4324,-61.50781763913263,15.397102809071157,200.0,200.0,U
4325,-61.507363141387174,15.395680478052528,200.0,200.0,U
4326,-61.50864019818896,15.395169443738677,200.0,200.0,U
4327,-61.50864704457819,15.393308443434345,200.0,200.0,U
4328,-61.50836145284589,15.396340397945641,200.0,200.0,U
4329,-61.507742127134215,15.396727870760419,200.0,200.0,U
4330,-61.50777645102201,15.3970773201171,200.0,200.0,U
4331,-61.50766277631226,15.396480928063305,200.0,200.0,U
4332,-61.507909916797146,15.397675761271467,200.0,200.0,U
4333,-61.506362733159314,15.395335317239317,200.0,200.0,U
4334,-61.50930269812024,15.395817377177803,200.0,200.0,U
4335,-61.50939580281215,15.395660515120452,200.0,200.0,U
4336,-61.50810216629676,15.39646749945785,200.0,200.0,U
4337,-61.50808368937029,15.396340028344351,200.0,200.0,U
4338,-61.50778658658196,15.397369171351235,200.0,200.0,U
4339,-61.508548740358066,15.396636643789027,200.0,200.0,U
4340,-61.50616536662929,15.396217853950168,200.0,200.0,U
4341,-61.50768561267759,15.395133903444377,200.0,200.0,U
4342,-61.50849099155121,15.3959289297559,200.0,200.0,U
4343,-61.50641551382361,15.394351721721863,200.0,200.0,U
4344,-61.506049987647266,15.393729871178996,200.0,200.0,U
4345,-61.50760655942732,15.39686810681189,200.0,200.0,U
4346,-61.50707448641385,15.394573813005778,200.0,200.0,U
4347,-61.507625184054014,15.39660767562838,200.0,200.0,U
4348,-61.509263493743994,15.396804114857213,200.0,200.0,U
4349,-61.50804472326824,15.396230632938897,200.0,200.0,U
4350,-61.509414881216664,15.394571340606554,200.0,200.0,U
4351,-61.50778529194834,15.395516810556783,200.0,200.0,U
4352,-61.51025266659593,15.395318731973571,200.0,200.0,U
4353,-61.50832737472982,15.395619006728545,200.0,200.0,U
4354,-61.50873464180142,15.39466332437697,200.0,200.0,U
4355,-61.5081398469315,15.396110847587899,200.0,200.0,U
4356,-61.50765464085246,15.395499478125979,200.0,200.0,U
4357,-61.50648681609236,15.397372158997047,200.0,200.0,U
4358,-61.507334673986946,15.396677538069778,200.0,200.0,U
4359,-61.50646467000566,15.397416046497597,200.0,200.0,U
4360,-61.506995261436494,15.396250240758247,200.0,200.0,U
4361,-61.50908387935739,15.39696508088329,200.0,200.0,U
4362,-61.50653893027321,15.393396593982397,200.0,200.0,U
4363,-61.508070449002446,15.397075160442272,200.0,200.0,U
4364,-61.50641009724154,15.39503880318519,200.0,200.0,U
4365,-61.505778210791625,15.394743029718379,200.0,200.0,U
4366,-61.507826345795394,15.395295535666321,200.0,200.0,U
4367,-61.507013484214674,15.394807107827175,200.0,200.0,U
4368,-61.50301995051323,15.39687353324139,200.0,200.0,U
4369,-61.50737673619832,15.395994749834985,200.0,200.0,U
4370,-61.509891639024545,15.395359952301273,200.0,200.0,U
4371,-61.50776546474551,15.395845934845914,200.0,200.0,U
4372,-61.50890325464241,15.396132434068697,200.0,200.0,U
4373,-61.50264872041195,15.395646893073874,200.0,200.0,U
4374,-61.508093205937506,15.396174491474632,200.0,200.0,U
4375,-61.507615669936534,15.394796200632246,200.0,200.0,U
4376,-61.50818487104075,15.39549457708611,200.0,200.0,U
4377,-61.50921850630049,15.39618759281159,200.0,200.0,U
4378,-61.50863835998692,15.396465427403736,200.0,200.0,U
4379,-61.5069381802404,15.39695467360967,200.0,200.0,U
4380,-61.507869207830126,15.39572121782426,200.0,200.0,U
4381,-61.508268694345304,15.394542104220319,200.0,200.0,U
4382,-61.507038380171565,15.396060187270683,200.0,200.0,U
4383,-61.50872897264952,15.395020070664065,200.0,200.0,U
4384,-61.50850987577885,15.395630996214011,200.0,200.0,U
4385,-61.50728663312546,15.396894894138114,200.0,200.0,U
4386,-61.50554711698099,15.396874962489852,200.0,200.0,U
4387,-61.508776625124526,15.396875584644523,200.0,200.0,U
4388,-61.50835348911668,15.395136974270612,200.0,200.0,U
4389,-61.507906202155226,15.393364771710715,200.0,200.0,U
4390,-61.50904677073758,15.39565039406536,200.0,200.0,U
4391,-61.5065422879656,15.397777279766565,200.0,200.0,U
4392,-61.5090844463668,15.39548652123285,200.0,200.0,U
4393,-61.50978506107314,15.396231221577613,200.0,200.0,U
4394,-61.50780228611854,15.395753859849657,200.0,200.0,U
4395,-61.50764039385949,15.395402699719703,200.0,200.0,U
4396,-61.508789908573426,15.394263511477984,200.0,200.0,U
4397,-61.50840868987078,15.393898187882817,200.0,200.0,U
4398,-61.50698822228332,15.395074972806267,200.0,200.0,U
4399,-61.5077992648956,15.395766230799715,200.0,200.0,U
4400,-61.5085140817543,15.396274710124501,200.0,200.0,U
4401,-61.507425561474726,15.38975633950205,200.0,200.0,U
4402,-61.508136191340185,15.396023238741371,200.0,200.0,U
4403,-61.506036359460545,15.397515060107736,200.0,200.0,U
4404,-61.5079231917391,15.395167507730873,200.0,200.0,U
4405,-61.507858527667025,15.395792921009114,200.0,200.0,U
4406,-61.507792977149165,15.395622845086645,200.0,200.0,U
4407,-61.5085256450567,15.395493004915762,200.0,200.0,U
4408,-61.50745696980765,15.395301385495202,200.0,200.0,U
4409,-61.5076494729403,15.399329373326704,200.0,200.0,U
4410,-61.50771153844506,15.395324459915019,200.0,200.0,U
4411,-61.50734522536818,15.397085094947322,200.0,200.0,U
4412,-61.50540682918063,15.393530119326817,200.0,200.0,U
4413,-61.50743353235933,15.39507769119562,200.0,200.0,U
4414,-61.50778871792156,15.395332821351404,200.0,200.0,U
4415,-61.509628557413905,15.395997590777887,200.0,200.0,U
4416,-61.50925889303105,15.395634917370767,200.0,200.0,U
4417,-61.507501403245406,15.396109940530051,200.0,200.0,U
4418,-61.50766670750866,15.395545450274216,200.0,200.0,U
4419,-61.50625844874656,15.396249461383935,200.0,200.0,U
4420,-61.50959307608762,15.395794276135245,200.0,200.0,U
4421,-61.50808597550988,15.395652526968025,200.0,200.0,U
4422,-61.50794831802991,15.395743634189323,200.0,200.0,U
4423,-61.50727932596796,15.395758171984923,200.0,200.0,U
4424,-61.507811548785725,15.395423897025296,200.0,200.0,U
4425,-61.50754628431053,15.3959014091875,200.0,200.0,U
4426,-61.508031552924244,15.396141608690336,200.0,200.0,U
4427,-61.50596218750314,15.393700895488971,200.0,200.0,U
4428,-61.507789802984774,15.395674860067457,200.0,200.0,U
4429,-61.507395846362485,15.394873721674228,200.0,200.0,U
4430,-61.50767249253101,15.39551067358675,200.0,200.0,U
4431,-61.50771145588573,15.39533671553056,200.0,200.0,U
4432,-61.50760616305047,15.394957753081082,200.0,200.0,U
4433,-61.507147166756866,15.394425480549609,200.0,200.0,U
4434,-61.50796526678983,15.396286598121904,200.0,200.0,U
4435,-61.50796283224435,15.395562808889235,200.0,200.0,U
4436,-61.50803582017103,15.395540073402572,200.0,200.0,U
4437,-61.50668508849319,15.394627131608596,200.0,200.0,U
4438,-61.50842133606969,15.396953339145329,200.0,200.0,U
4439,-61.50539966946188,15.395787036903153,200.0,200.0,U
4440,-61.506395969571756,15.39568790586409,200.0,200.0,U
4441,-61.51133161869169,15.394790250864096,200.0,200.0,U
4442,-61.50739158764555,15.39653074977391,200.0,200.0,U
4443,-61.5072316357682,15.39151650085855,200.0,200.0,U
4444,-61.506905273283735,15.395790976181093,200.0,200.0,U
4445,-61.506065707654386,15.393510657109106,200.0,200.0,U
4446,-61.50410303281873,15.396669301299939,200.0,200.0,U
4447,-61.50499049253296,15.398111741859893,200.0,200.0,U
4448,-61.50746641712621,15.395315668974344,200.0,200.0,U
4449,-61.50763770804214,15.395881715991678,200.0,200.0,U
4450,-61.508259493199695,15.39532122249783,200.0,200.0,U
4451,-61.51282183925162,15.397100257400544,200.0,200.0,U
4452,-61.50596938831429,15.395251933713457,200.0,200.0,U
4453,-61.50694472723369,15.396510356546235,200.0,200.0,U
4454,-61.50726232518742,15.395048416372232,200.0,200.0,U
4455,-61.50715557602865,15.395472036112498,200.0,200.0,U
4456,-61.5090432653706,15.396314208620277,200.0,200.0,U
4457,-61.50812819286338,15.395792084638101,200.0,200.0,U
4458,-61.508433185508586,15.397260498315458,200.0,200.0,U
4459,-61.50854451860424,15.397428585984247,200.0,200.0,U
4460,-61.50601819535861,15.392956583604539,200.0,200.0,U
4461,-61.50795405510861,15.395158193080121,200.0,200.0,U
4462,-61.50779907250705,15.394779642157445,200.0,200.0,U
4463,-61.50899273667717,15.396423784690805,200.0,200.0,U
4464,-61.5073209020509,15.394812282420656,200.0,200.0,U
4465,-61.502678986120515,15.393641810200815,200.0,200.0,U
4466,-61.507536522887214,15.392571877674873,200.0,200.0,U
4467,-61.506492930676984,15.394484808381836,200.0,200.0,U
4468,-61.50872631458697,15.394683894436675,200.0,200.0,U
4469,-61.50750213222169,15.394649366007526,200.0,200.0,U
4470,-61.504054763954834,15.399348277398616,200.0,200.0,U
4471,-61.50751994135438,15.394213172524442,200.0,200.0,U
4472,-61.506894026292365,15.39323712528094,200.0,200.0,U
4473,-61.508410541842714,15.397354999556079,200.0,200.0,U
4474,-61.506899973935994,15.393887853612537,200.0,200.0,U
4475,-61.5059872274096,15.396995462741423,200.0,200.0,U
4476,-61.50870840534067,15.39715110013589,200.0,200.0,U
4477,-61.50890352394208,15.396494597190346,200.0,200.0,U
4478,-61.50790884631475,15.39317652484536,200.0,200.0,U
4479,-61.50611096211749,15.396383238599606,200.0,200.0,U
4480,-61.508608579536975,15.394139607057308,200.0,200.0,U
4481,-61.50617223752896,15.394642028456174,200.0,200.0,U
4482,-61.508984160094066,15.392726474144089,200.0,200.0,U
4483,-61.50647114321061,15.394301150207006,200.0,200.0,U
4484,-61.507398484728014,15.394164866330653,200.0,200.0,U
4485,-61.50957872652577,15.394160333983777,200.0,200.0,U
4486,-61.50843826473048,15.393839852384847,200.0,200.0,U
4487,-61.50699580075957,15.394278457876412,200.0,200.0,U
4488,-61.50704459333186,15.392615968833901,200.0,200.0,U
4489,-61.50748698523014,15.394908408918994,200.0,200.0,U
4490,-61.50723701118377,15.396356697143476,200.0,200.0,U
4491,-61.50668757634288,15.395701019497553,200.0,200.0,U
4492,-61.507624928180455,15.395032436634704,200.0,200.0,U
4493,-61.507321122079965,15.395110341319949,200.0,200.0,U
4494,-61.507575141431474,15.394233200782578,200.0,200.0,U
4495,-61.50806385540846,15.394204325795956,200.0,200.0,U
4496,-61.507181927678644,15.39480402407119,200.0,200.0,U
4497,-61.50686970922233,15.394984693295385,200.0,200.0,U
4498,-61.50651760875478,15.395918090608145,200.0,200.0,U
4499,-61.50668739278818,15.396834018937321,200.0,200.0,U
4500,-61.50813727219479,15.392141793071655,200.0,200.0,U
4501,-61.505973114702485,15.395044898902116,200.0,200.0,U
4502,-61.50705234096521,15.395494963886314,200.0,200.0,U
4503,-61.50919790146374,15.393045797451437,200.0,200.0,U
4504,-61.51161698934421,15.393571520763723,200.0,200.0,U
4505,-61.50737065033815,15.39469327316671,200.0,200.0,U
4506,-61.50241385516105,15.3948593150125,200.0,200.0,U
4507,-61.50766260566147,15.396990744470415,200.0,200.0,U
4508,-61.504934345568884,15.396647402546689,200.0,200.0,U
4509,-61.507255161495856,15.394286474540356,200.0,200.0,U
4510,-61.5077108638333,15.394094274393446,200.0,200.0,U
4511,-61.50648274068947,15.395625945472707,200.0,200.0,U
4512,-61.50936876202828,15.397046860736651,200.0,200.0,U
4513,-61.5067518720302,15.392998838686285,200.0,200.0,U
4514,-61.508300362651084,15.395422642339616,200.0,200.0,U
4515,-61.50686236412845,15.393188374954027,200.0,200.0,U
4516,-61.50694667908272,15.395072626897466,200.0,200.0,U
4517,-61.507416395114504,15.394347850851181,200.0,200.0,U
4518,-61.50625606236934,15.394816531282707,200.0,200.0,U
4519,-61.50708318793415,15.391614933478653,200.0,200.0,U
4520,-61.50735454594934,15.39447076966284,200.0,200.0,U
4521,-61.50686108124405,15.395293489320803,200.0,200.0,U
4522,-61.50779397665752,15.394970913024853,200.0,200.0,U
4523,-61.5071220261678,15.394246924654675,200.0,200.0,U
4524,-61.50642038972315,15.39410348018151,200.0,200.0,U
4525,-61.50837736494974,15.39458458219036,200.0,200.0,U
4526,-61.50611530285523,15.394502054409315,200.0,200.0,U
4527,-61.505451196904836,15.394388194896722,200.0,200.0,U
4528,-61.50748191377692,15.394212121220313,200.0,200.0,U
4529,-61.51221054926238,15.39502156481291,200.0,200.0,U
4530,-61.50706758354963,15.393057486476062,200.0,200.0,U
4531,-61.50519103484245,15.393282893281931,200.0,200.0,U
4532,-61.50734255494683,15.395202116016762,200.0,200.0,U
4533,-61.506554596077116,15.397311534351067,200.0,200.0,U
4534,-61.507133084461536,15.395083524803345,200.0,200.0,U
4535,-61.507234111543745,15.394379310366833,200.0,200.0,U
4536,-61.50778521220897,15.394257477491463,200.0,200.0,U
4537,-61.50771091665017,15.394767027424706,200.0,200.0,U
4538,-61.50732958985336,15.393563863944044,200.0,200.0,U
4539,-61.507509115453914,15.393712054203686,200.0,200.0,U
4540,-61.50783493106237,15.394532210234798,200.0,200.0,U
4541,-61.507920261740466,15.395523499657148,200.0,200.0,U
4542,-61.50674965464714,15.397234202855897,200.0,200.0,U
4543,-61.50728541558471,15.395226836739692,200.0,200.0,U
4544,-61.50659394563554,15.394679430030527,200.0,200.0,U
4545,-61.50697672679936,15.394911893089747,200.0,200.0,U
4546,-61.505100136733894,15.394147074748316,200.0,200.0,U
4547,-61.50851559485374,15.394332440083293,200.0,200.0,U
4548,-61.5071721642218,15.394274832664822,200.0,200.0,U
4549,-61.506527626119286,15.394120602767886,200.0,200.0,U
4550,-61.50508164289696,15.39420335932816,200.0,200.0,U
4551,-61.50824771311229,15.393677090205058,200.0,200.0,U
4552,-61.506838890213416,15.394488090951926,200.0,200.0,U
4553,-61.50687696927408,15.396335261285298,200.0,200.0,U
4554,-61.508027544476114,15.39416432973911,200.0,200.0,U
4555,-61.50313252622333,15.396252490820721,200.0,200.0,U
4556,-61.50764150613913,15.393567191573732,200.0,200.0,U
4557,-61.50712490415485,15.394170254356553,200.0,200.0,U
4558,-61.50795566329351,15.394206045352057,200.0,200.0,U
4559,-61.507101709436704,15.394298530331385,200.0,200.0,U
4560,-61.50733466138517,15.393698447105102,200.0,200.0,U
4561,-61.50715314270222,15.394129342235368,200.0,200.0,U
4562,-61.506797616747704,15.393284484403255,200.0,200.0,U
4563,-61.50660347931939,15.39345577368088,200.0,200.0,U
4564,-61.50683594580963,15.394000496035716,200.0,200.0,U
4565,-61.506400744781374,15.394434266028322,200.0,200.0,U
4566,-61.50864676263675,15.396510587385164,200.0,200.0,U
4567,-61.5072218417586,15.39544237174585,200.0,200.0,U
4568,-61.50536234172671,15.397019124827391,200.0,200.0,U
4569,-61.50706309418205,15.394043609769614,200.0,200.0,U
4570,-61.507719028332545,15.392776848155668,200.0,200.0,U
4571,-61.507067499457406,15.394483030997327,200.0,200.0,U
4572,-61.50693497504951,15.394101170887938,200.0,200.0,U
4573,-61.508073058599116,15.391873148421384,200.0,200.0,U
4574,-61.506176251644106,15.394603835819801,200.0,200.0,U
4575,-61.50722390174426,15.39339196550324,200.0,200.0,U
4576,-61.50981457075954,15.393339537078429,200.0,200.0,U
4577,-61.507106358619815,15.394063653264798,200.0,200.0,U
4578,-61.50358951313432,15.393290714442847,200.0,200.0,U
4579,-61.50787532713017,15.39458359912098,200.0,200.0,U
4580,-61.50806567156574,15.391068998613816,200.0,200.0,U
4581,-61.50747972037006,15.393488454106574,200.0,200.0,U
4582,-61.5078844212258,15.393913856934287,200.0,200.0,U
4583,-61.50607721062852,15.3953134594244,200.0,200.0,U
4584,-61.508521488971574,15.392750742224955,200.0,200.0,U
4585,-61.507976278694926,15.392073282851973,200.0,200.0,U
4586,-61.50725630729303,15.391321740958434,200.0,200.0,U
4587,-61.50677964026173,15.394408826298012,200.0,200.0,U
4588,-61.50796855666471,15.394054646018752,200.0,200.0,U
4589,-61.505671903893294,15.392128479821274,200.0,200.0,U
4590,-61.50700696814158,15.393866853930438,200.0,200.0,U
4591,-61.504705929898996,15.391939568907395,200.0,200.0,U
4592,-61.506652708301154,15.392962878786424,200.0,200.0,U
4593,-61.506519243042675,15.392665861789773,200.0,200.0,U
4594,-61.50707829204075,15.393823230935945,200.0,200.0,U
4595,-61.507655649591705,15.39338363297694,200.0,200.0,U
4596,-61.507188129697504,15.394267444954115,200.0,200.0,U
4597,-61.507668580460866,15.393633468559372,200.0,200.0,U
4598,-61.50822899935265,15.392023379953727,200.0,200.0,U
4599,-61.50696298659703,15.394890443043144,200.0,200.0,U
4600,-61.50683726227409,15.393472612694287,200.0,200.0,U
4601,-61.507373199156575,15.394914041110374,200.0,200.0,U
4602,-61.50809016697272,15.393833290062132,200.0,200.0,U
4603,-61.50853997096077,15.392118867967033,200.0,200.0,U
4604,-61.506549616171306,15.394229763625834,200.0,200.0,U
4605,-61.50714772379434,15.394348545803187,200.0,200.0,U
4606,-61.51097731516158,15.395518236781768,200.0,200.0,U
4607,-61.50693319293304,15.393192928908912,200.0,200.0,U
4608,-61.5071619294464,15.391537026112847,200.0,200.0,U
4609,-61.50579964065982,15.394101680732714,200.0,200.0,U
4610,-61.50667631079492,15.393650429268348,200.0,200.0,U
4611,-61.50554815636627,15.393782811254312,200.0,200.0,U
4612,-61.50689076367901,15.393686514087246,200.0,200.0,U
4613,-61.507274203565764,15.394303349654557,200.0,200.0,U
4614,-61.504851061491145,15.392259957982251,200.0,200.0,U
4615,-61.50496017203098,15.391645852937911,200.0,200.0,U
4616,-61.50550403897921,15.39427086699569,200.0,200.0,U
4617,-61.50797027860641,15.393881427519633,200.0,200.0,U
4618,-61.50703904434862,15.39263291786968,200.0,200.0,U
4619,-61.50907653660238,15.393090304837104,200.0,200.0,U
4620,-61.50968912919102,15.39374376155116,200.0,200.0,U
4621,-61.5061156247677,15.393605539233217,200.0,200.0,U
4622,-61.5074294023315,15.394650849456891,200.0,200.0,U
4623,-61.5070902247529,15.394311861694176,200.0,200.0,U
4624,-61.50983134876844,15.392484075565129,200.0,200.0,U
4625,-61.506554075802335,15.393621209977626,200.0,200.0,U
4626,-61.50850128822231,15.392485373419067,200.0,200.0,U
4627,-61.50696893409932,15.393493177628246,200.0,200.0,U
4628,-61.507277064961535,15.393072104590992,200.0,200.0,U
4629,-61.50686409130504,15.3931835643381,200.0,200.0,U
4630,-61.504975539582745,15.389733868805571,200.0,200.0,U
4631,-61.50817603132075,15.393643483819089,200.0,200.0,U
4632,-61.50549706407595,15.394042644099603,200.0,200.0,U
4633,-61.50662612747125,15.393983243561934,200.0,200.0,U
4634,-61.50746829354612,15.392213681457354,200.0,200.0,U
4635,-61.505785965679415,15.391795159326383,200.0,200.0,U
4636,-61.507759566227016,15.391952202237416,200.0,200.0,U
4637,-61.506668763136425,15.393351423652845,200.0,200.0,U
4638,-61.506417602700154,15.394648296256058,200.0,200.0,U
4639,-61.5078221258402,15.389108664401274,200.0,200.0,U
4640,-61.50513304751894,15.394528123182477,200.0,200.0,U
4641,-61.50678535565004,15.39360413334759,200.0,200.0,U
4642,-61.506955041791876,15.394365108598349,200.0,200.0,U
4643,-61.50619037575194,15.393874633511674,200.0,200.0,U
4644,-61.50670515039827,15.393574169616997,200.0,200.0,U
4645,-61.507966579167544,15.393522318975672,200.0,200.0,U
4646,-61.503890235547516,15.392710368102408,200.0,200.0,U
4647,-61.505343512437015,15.39379257591895,200.0,200.0,U
4648,-61.50758300617826,15.394944731524998,200.0,200.0,U
4649,-61.507766315769054,15.39360541143744,200.0,200.0,U
4650,-61.508099233868,15.393483939692066,200.0,200.0,U
4651,-61.50547184807166,15.392505880200135,200.0,200.0,U
4652,-61.50609225725709,15.393543895410398,200.0,200.0,U
4653,-61.50799620218822,15.393531498562501,200.0,200.0,U
4654,-61.5062375774463,15.397513224450686,200.0,200.0,U
4655,-61.50665109996832,15.3932838666839,200.0,200.0,U
4656,-61.50742847137465,15.39334292452933,200.0,200.0,U
4657,-61.506618501365345,15.393100182874372,200.0,200.0,U
4658,-61.50735070956329,15.393318002724138,200.0,200.0,U
4659,-61.50564322091305,15.394530133255863,200.0,200.0,U
4660,-61.50646988586563,15.39402383687932,200.0,200.0,U
4661,-61.506559179363556,15.392901691186555,200.0,200.0,U
4662,-61.506584472895895,15.393123335281237,200.0,200.0,U
4663,-61.50638046302692,15.39248325875864,200.0,200.0,U
4664,-61.506317316063246,15.393315707041085,200.0,200.0,U
4665,-61.507759855104574,15.392379275031798,200.0,200.0,U
4666,-61.50663594872571,15.393037899104504,200.0,200.0,U
4667,-61.506275818474656,15.393523028237324,200.0,200.0,U
4668,-61.50656893436865,15.392664690722077,200.0,200.0,U
4669,-61.506237530515165,15.391703001719186,200.0,200.0,U
4670,-61.507705994206134,15.390946843441503,200.0,200.0,U
4671,-61.508073210566046,15.389719616570947,200.0,200.0,U
4672,-61.5063119959555,15.391579236097492,200.0,200.0,U
4673,-61.506436824955024,15.392953875350933,200.0,200.0,U
4674,-61.50701260503171,15.393312722913526,200.0,200.0,U
4675,-61.50670294925332,15.39247592200565,200.0,200.0,U
4676,-61.507728248405336,15.391174416248328,200.0,200.0,U
4677,-61.505093056157534,15.391800356692073,200.0,200.0,U
4678,-61.50619578962206,15.393153677411123,200.0,200.0,U
4679,-61.50691854201131,15.39236517152064,200.0,200.0,U
4680,-61.50516364197841,15.392098761404535,200.0,200.0,U
4681,-61.5043532494967,15.394540877580573,200.0,200.0,U
4682,-61.50528628400927,15.390806128885936,200.0,200.0,U
4683,-61.50690383246576,15.392963602427153,200.0,200.0,U
4684,-61.50883131895077,15.392693854526511,200.0,200.0,U
4685,-61.50533225716633,15.390182820574658,200.0,200.0,U
4686,-61.50824759526263,15.394112516203437,200.0,200.0,U
4687,-61.5068064895031,15.39339557398314,200.0,200.0,U
4688,-61.50618553547734,15.393251304671884,200.0,200.0,U
4689,-61.50457210653186,15.391921397380083,200.0,200.0,U
4690,-61.506857417677416,15.391672889376503,200.0,200.0,U
4691,-61.507596844169775,15.391839413842478,200.0,200.0,U
4692,-61.50651980482303,15.392756419697625,200.0,200.0,U
4693,-61.506517010462076,15.39316644044437,200.0,200.0,U
4694,-61.5062087418512,15.392748912610365,200.0,200.0,U
4695,-61.50747278443935,15.391849882801276,200.0,200.0,U
4696,-61.50664620244689,15.393378211076502,200.0,200.0,U
4697,-61.508288101484375,15.392831647716369,200.0,200.0,U
4698,-61.506911194536606,15.392015066420415,200.0,200.0,U
4699,-61.50923692459009,15.392373834358708,200.0,200.0,U
4700,-61.505816990796006,15.3934127771223,200.0,200.0,U
4701,-61.506263505420435,15.392721362601073,200.0,200.0,U
4702,-61.50846721464463,15.39424350041786,200.0,200.0,U
4703,-61.50815726633092,15.39274269500695,200.0,200.0,U
4704,-61.50649523794104,15.392543166760195,200.0,200.0,U
4705,-61.50619299516085,15.392406327313065,200.0,200.0,U
4706,-61.506919681718244,15.392288384512222,200.0,200.0,U
4707,-61.50568434719944,15.392341529106764,200.0,200.0,U
4708,-61.505670818815865,15.392014947477564,200.0,200.0,U
4709,-61.50609930568912,15.391103893674517,200.0,200.0,U
4710,-61.507941614245674,15.391120454996528,200.0,200.0,U
4711,-61.50640263980478,15.392676270473508,200.0,200.0,U
4712,-61.506342892879594,15.395101043947275,200.0,200.0,U
4713,-61.50657169590981,15.392762587499904,200.0,200.0,U
4714,-61.50593933039391,15.392377964314356,200.0,200.0,U
4715,-61.50627360630685,15.392801171871637,200.0,200.0,U
4716,-61.50537551591576,15.392152456608885,200.0,200.0,U
4717,-61.510814656703594,15.392963682297191,200.0,200.0,U
4718,-61.506162816731475,15.391691374573181,200.0,200.0,U
4719,-61.50631157787236,15.394480227025145,200.0,200.0,U
4720,-61.50554408760027,15.393825335200448,200.0,200.0,U
4721,-61.506187514888616,15.394839833061997,200.0,200.0,U
4722,-61.507684514049984,15.392397205125109,200.0,200.0,U
4723,-61.507136673198886,15.39147909543918,200.0,200.0,U
4724,-61.508631160880704,15.391464345835873,200.0,200.0,U
4725,-61.507307264799266,15.388416353419874,200.0,200.0,U
4726,-61.50656010874014,15.393808946754417,200.0,200.0,U
4727,-61.50582657016228,15.392406431371326,200.0,200.0,U
4728,-61.50543589489948,15.390422413647935,200.0,200.0,U
4729,-61.50644431879322,15.39282530395085,200.0,200.0,U
4730,-61.50603291346961,15.39219048192812,200.0,200.0,U
4731,-61.50605638744195,15.392718094096177,200.0,200.0,U
4732,-61.504859049896424,15.391471511180583,200.0,200.0,U
4733,-61.505897800847734,15.392598080386652,200.0,200.0,U
4734,-61.50780036340384,15.39166509418409,200.0,200.0,U
4735,-61.50890780424712,15.394982261207774,200.0,200.0,U
4736,-61.5055340635352,15.393509380703163,200.0,200.0,U
4737,-61.50732806514161,15.394994648887382,200.0,200.0,U
4738,-61.506786321862094,15.392380342422628,200.0,200.0,U
4739,-61.5060131945341,15.391694941839093,200.0,200.0,U
4740,-61.506526570727516,15.392016887925623,200.0,200.0,U
4741,-61.5039458361671,15.392021157804153,200.0,200.0,U
4742,-61.5063930741871,15.39142853385933,200.0,200.0,U
4743,-61.50622690099874,15.392269589536067,200.0,200.0,U
4744,-61.50700604586824,15.392989025689797,200.0,200.0,U
4745,-61.50715782178288,15.393781638390832,200.0,200.0,U
4746,-61.50638416448758,15.391882320239693,200.0,200.0,U
4747,-61.506654737989834,15.391448317690399,200.0,200.0,U
4748,-61.50658111113972,15.392774825685365,200.0,200.0,U
4749,-61.506182470678695,15.39190377620914,200.0,200.0,U
4750,-61.50357194022238,15.39050587773329,200.0,200.0,U
4751,-61.50826854308343,15.393580708080295,200.0,200.0,U
4752,-61.50636139820279,15.394663681019994,200.0,200.0,U
4753,-61.50630455865322,15.391509877955524,200.0,200.0,U
4754,-61.50568128993165,15.394281307286521,200.0,200.0,U
4755,-61.50509328019053,15.39140762924589,200.0,200.0,U
4756,-61.503917960098036,15.391121667541695,200.0,200.0,U
4757,-61.50609878588562,15.392398588860887,200.0,200.0,U
4758,-61.50581139557986,15.39232767702961,200.0,200.0,U
4759,-61.5045964669552,15.394097325977054,200.0,200.0,U
4760,-61.50454250377733,15.391586632237917,200.0,200.0,U
4761,-61.505760578453504,15.392017368821085,200.0,200.0,U
4762,-61.504833971730285,15.38897956465563,200.0,200.0,U
4763,-61.507928901625164,15.39222373363346,200.0,200.0,U
4764,-61.508946762068554,15.393059330889429,200.0,200.0,U
4765,-61.50798095930668,15.392315112094938,200.0,200.0,U
4766,-61.507564301868115,15.392936136369036,200.0,200.0,U
4767,-61.50883296724458,15.391490280040738,200.0,200.0,U
4768,-61.50585782167135,15.392384969345702,200.0,200.0,U
4769,-61.50689853478311,15.393746982899215,200.0,200.0,U
4770,-61.50758732507022,15.390920563724107,200.0,200.0,U
4771,-61.50615092484409,15.392012931714648,200.0,200.0,U
4772,-61.506800108360345,15.392053942556146,200.0,200.0,U
4773,-61.50605651443299,15.391899629769208,200.0,200.0,U
4774,-61.50578792102023,15.392295667201564,200.0,200.0,U
4775,-61.50706166353229,15.392072026376963,200.0,200.0,U
4776,-61.50509927878942,15.391144800413004,200.0,200.0,U
4777,-61.505730144610624,15.392256604999615,200.0,200.0,U
4778,-61.506047576707346,15.393380926783232,200.0,200.0,U
4779,-61.506919675650835,15.391496779730822,200.0,200.0,U
4780,-61.506911448571984,15.391598905649415,200.0,200.0,U
4781,-61.508482142212245,15.390016098837059,200.0,200.0,U
4782,-61.50616201667166,15.391475291727417,200.0,200.0,U
4783,-61.50609693587061,15.390608826672356,200.0,200.0,U
4784,-61.50616466694047,15.391849422380291,200.0,200.0,U
4785,-61.503975361922166,15.390242065740903,200.0,200.0,U
4786,-61.50413047947154,15.39075003125043,200.0,200.0,U
4787,-61.50671417413231,15.391251582175867,200.0,200.0,U
4788,-61.506803679314906,15.392348947966981,200.0,200.0,U
4789,-61.50741181377598,15.3886225627445,200.0,200.0,U
4790,-61.50461020566124,15.39173659347707,200.0,200.0,U
4791,-61.50705642158741,15.392123940941305,200.0,200.0,U
4792,-61.50663066591514,15.39235231694311,200.0,200.0,U
4793,-61.505997135713436,15.391760360855605,200.0,200.0,U
4794,-61.5059112468694,15.39178558715616,200.0,200.0,U
4795,-61.50690654315985,15.391161201003706,200.0,200.0,U
4796,-61.50576985433938,15.391510158822147,200.0,200.0,U
4797,-61.50317447657944,15.392188673370244,200.0,200.0,U
4798,-61.50644533607596,15.392875925611143,200.0,200.0,U
4799,-61.50463595957992,15.389993247829585,200.0,200.0,U
4800,-61.50572547143484,15.391481820797846,200.0,200.0,U
4801,-61.504355110439924,15.391919893081,200.0,200.0,U
4802,-61.504792739588375,15.39241256293735,200.0,200.0,U
4803,-61.505842506793876,15.391665644836683,200.0,200.0,U
4804,-61.50582839344987,15.392605240805493,200.0,200.0,U
4805,-61.50666528566472,15.391276675011763,200.0,200.0,U
4806,-61.505604332901704,15.391446870540888,200.0,200.0,U
4807,-61.506432619768226,15.394051536815848,200.0,200.0,U
4808,-61.505469108996806,15.393373553161467,200.0,200.0,U
4809,-61.50425724451048,15.391682401158183,200.0,200.0,U
4810,-61.505176260233156,15.390416979947243,200.0,200.0,U
4811,-61.50339713107946,15.391430760203008,200.0,200.0,U
4812,-61.50139353761465,15.392514000734913,200.0,200.0,U
4813,-61.50582235468149,15.39313636827188,200.0,200.0,U
4814,-61.50596173891134,15.392080818256646,200.0,200.0,U
4815,-61.505315355073385,15.39085113368017,200.0,200.0,U
4816,-61.50419659161963,15.392981189693296,200.0,200.0,U
4817,-61.504445167076554,15.39330327772636,200.0,200.0,U
4818,-61.50807295443875,15.391020219423924,200.0,200.0,U
4819,-61.50574739610781,15.39144775009192,200.0,200.0,U
4820,-61.50378933385499,15.391048213461003,200.0,200.0,U
4821,-61.50732842183279,15.392258941169608,200.0,200.0,U
4822,-61.50656264274751,15.388992379697369,200.0,200.0,U
4823,-61.50499492972533,15.390478636174409,200.0,200.0,U
4824,-61.505008242227355,15.392684266591965,200.0,200.0,U
4825,-61.505578492090756,15.390995769407628,200.0,200.0,U
4826,-61.50747479749122,15.391046337344232,200.0,200.0,U
4827,-61.50594288400528,15.391819590682728,200.0,200.0,U
4828,-61.50577827620566,15.391490662490286,200.0,200.0,U
4829,-61.504123698465506,15.390946844341139,200.0,200.0,U
4830,-61.50717176525005,15.389781820663531,200.0,200.0,U
4831,-61.505550391456694,15.391453374427535,200.0,200.0,U
4832,-61.50628297254129,15.393252288308695,200.0,200.0,U
4833,-61.505576513503776,15.390986179199908,200.0,200.0,U
4834,-61.50518704422193,15.391307333275112,200.0,200.0,U
4835,-61.5043417134935,15.391734159493819,200.0,200.0,U
4836,-61.506626007207046,15.390888193089333,200.0,200.0,U
4837,-61.5080934674377,15.393320196628096,200.0,200.0,U
4838,-61.5028548769762,15.3894705525356,200.0,200.0,U
4839,-61.505641777323774,15.389297398282906,200.0,200.0,U
4840,-61.50575983384882,15.390625534519291,200.0,200.0,U
4841,-61.50639170217173,15.391380538295591,200.0,200.0,U
4842,-61.50577640172294,15.391284968561122,200.0,200.0,U
4843,-61.506362112845665,15.392439078951075,200.0,200.0,U
4844,-61.50539491760247,15.391627402185929,200.0,200.0,U
4845,-61.505912542531895,15.391275800343626,200.0,200.0,U
4846,-61.50452634474911,15.389380115285098,200.0,200.0,U
4847,-61.504975509854475,15.390422233086271,200.0,200.0,U
4848,-61.50570903866202,15.391221645713768,200.0,200.0,U
4849,-61.50568519738384,15.39119178213009,200.0,200.0,U
4850,-61.50586473706552,15.390749055099672,200.0,200.0,U
4851,-61.50717008047833,15.39029859531902,200.0,200.0,U
4852,-61.50467327824683,15.389453520805437,200.0,200.0,U
4853,-61.505432114607196,15.391766633401925,200.0,200.0,U
4854,-61.505924703389795,15.391195099762584,200.0,200.0,U
4855,-61.509210744192856,15.391478008733461,200.0,200.0,U
4856,-61.50572608953319,15.389359543637196,200.0,200.0,U
4857,-61.50561194438844,15.391222239166147,200.0,200.0,U
4858,-61.50724555670898,15.390907950649737,200.0,200.0,U
4859,-61.5061444276331,15.39195432548864,200.0,200.0,U
4860,-61.50422862749201,15.391388550343423,200.0,200.0,U
4861,-61.506703312798344,15.391563404383099,200.0,200.0,U
4862,-61.50491300417111,15.391195786117674,200.0,200.0,U
4863,-61.50529054870521,15.393620234616085,200.0,200.0,U
4864,-61.50572131753202,15.391224571166497,200.0,200.0,U
4865,-61.50470767889142,15.390146828898501,200.0,200.0,U
4866,-61.506039214024156,15.391253004568055,200.0,200.0,U
4867,-61.50242865198947,15.391679560730733,200.0,200.0,U
4868,-61.505474780224816,15.390375971657898,200.0,200.0,U
4869,-61.5053083304239,15.391710442977029,200.0,200.0,U
4870,-61.50465273317467,15.390054017740534,200.0,200.0,U
4871,-61.505204221186546,15.390432480585753,200.0,200.0,U
4872,-61.504062601829084,15.3895669423632,200.0,200.0,U
4873,-61.505631496246714,15.390951427790581,200.0,200.0,U
4874,-61.50675635789858,15.391531528793877,200.0,200.0,U
4875,-61.50633029573008,15.389881336645331,200.0,200.0,U
4876,-61.50406351078342,15.38917261318621,200.0,200.0,U
4877,-61.50597886112901,15.390835370190242,200.0,200.0,U
4878,-61.50207648285742,15.390152788278911,200.0,200.0,U
4879,-61.50531198442163,15.391528428693412,200.0,200.0,U
4880,-61.50471750611972,15.390001120518848,200.0,200.0,U
4881,-61.50608650782381,15.391607612922323,200.0,200.0,U
4882,-61.50584531378277,15.390564339195718,200.0,200.0,U
4883,-61.505499783540415,15.392738543300496,200.0,200.0,U
4884,-61.507767749269156,15.390016647160314,200.0,200.0,U
4885,-61.50782054394376,15.3930840524227,200.0,200.0,U
4886,-61.50476675517605,15.38932993433563,200.0,200.0,U
4887,-61.505420638729795,15.390922636745534,200.0,200.0,U
4888,-61.505752479605235,15.390605024246133,200.0,200.0,U
4889,-61.506165667975424,15.391390684933487,200.0,200.0,U
4890,-61.50724917787546,15.389750469537484,200.0,200.0,U
4891,-61.506593176692746,15.389312583681285,200.0,200.0,U
4892,-61.50327799438279,15.391120005391706,200.0,200.0,U
4893,-61.50490784608607,15.392208352562957,200.0,200.0,U
4894,-61.50686214473057,15.39104313300943,200.0,200.0,U
4895,-61.50465965656569,15.390307222604285,200.0,200.0,U
4896,-61.50410362516961,15.389250707706738,200.0,200.0,U
4897,-61.50657267137126,15.391222952831583,200.0,200.0,U
4898,-61.50702736079643,15.389243293605848,200.0,200.0,U
4899,-61.50544601558844,15.39068315449595,200.0,200.0,U
4900,-61.50535380751376,15.39014152254555,200.0,200.0,U
4901,-61.50698476574503,15.389091997260472,200.0,200.0,U
4902,-61.505082814874925,15.391744739812808,200.0,200.0,U
4903,-61.50557277449169,15.391083148594463,200.0,200.0,U
4904,-61.50841011857571,15.390115442682314,200.0,200.0,U
4905,-61.50583386338503,15.389830608370337,200.0,200.0,U
4906,-61.50453919894756,15.389997038145856,200.0,200.0,U
4907,-61.50577260018928,15.390563871692589,200.0,200.0,U
4908,-61.50510824806603,15.389596805179957,200.0,200.0,U
4909,-61.506864528526584,15.391692776354711,200.0,200.0,U
4910,-61.504953735126506,15.390700593658378,200.0,200.0,U
4911,-61.5049045039231,15.387536635008063,200.0,200.0,U
4912,-61.50537420529448,15.389453691579549,200.0,200.0,U
4913,-61.50412954341224,15.390584789483372,200.0,200.0,U
4914,-61.50539700183483,15.390628014357386,200.0,200.0,U
4915,-61.50614157586226,15.392990682910165,200.0,200.0,U
4916,-61.50544945402361,15.39188568455049,200.0,200.0,U
4917,-61.50528131711296,15.390374964075445,200.0,200.0,U
4918,-61.505087478259384,15.391044691424723,200.0,200.0,U
4919,-61.50701316453025,15.389061485239157,200.0,200.0,U
4920,-61.50261861742612,15.393547501634764,200.0,200.0,U
4921,-61.50522075562574,15.3904928574063,200.0,200.0,U
4922,-61.50547269984895,15.387815164154876,200.0,200.0,U
4923,-61.50466002465285,15.390054166606173,200.0,200.0,U
4924,-61.505715052997495,15.389727983010983,200.0,200.0,U
4925,-61.505071002205455,15.38918863241814,200.0,200.0,U
4926,-61.507025741442426,15.38995016274794,200.0,200.0,U
4927,-61.50522440466468,15.390985380217302,200.0,200.0,U
4928,-61.50572591347291,15.390806750836719,200.0,200.0,U
4929,-61.50605049908647,15.39386408332764,200.0,200.0,U
4930,-61.50316880874365,15.393234227368234,200.0,200.0,U
4931,-61.505840843368226,15.390601244212395,200.0,200.0,U
4932,-61.503612761228645,15.391706150317402,200.0,200.0,U
4933,-61.50537762371082,15.39020343422015,200.0,200.0,U
4934,-61.50409973766581,15.390376860816707,200.0,200.0,U
4935,-61.50512997558649,15.3888611142266,200.0,200.0,U
4936,-61.5052940729098,15.391558646676884,200.0,200.0,U
4937,-61.50477998439281,15.390310276507089,200.0,200.0,U
4938,-61.50808735774328,15.389739501326902,200.0,200.0,U
4939,-61.50343123680383,15.389920710894684,200.0,200.0,U
4940,-61.50359487095461,15.389702468019882,200.0,200.0,U
4941,-61.50573955222691,15.390261196504504,200.0,200.0,U
4942,-61.50452718329278,15.388770704296816,200.0,200.0,U
4943,-61.5036135217374,15.391402052061292,200.0,200.0,U
4944,-61.50370694287467,15.3896720401146,200.0,200.0,U
4945,-61.505854893880304,15.390219410071555,200.0,200.0,U
4946,-61.502704893307346,15.390097148097178,200.0,200.0,U
4947,-61.50166978326781,15.391360724370347,200.0,200.0,U
4948,-61.504569407209296,15.390164410502237,200.0,200.0,U
4949,-61.5043862836893,15.391453051456955,200.0,200.0,U
4950,-61.50967990634563,15.392326361885566,200.0,200.0,U
4951,-61.50626485716925,15.38858237337473,200.0,200.0,U
4952,-61.50505913924704,15.388120287390032,200.0,200.0,U
4953,-61.50529059499169,15.388545931057033,200.0,200.0,U
4954,-61.50431661738562,15.389623297485633,200.0,200.0,U
4955,-61.50511657266381,15.391033802751698,200.0,200.0,U
4956,-61.505540867239766,15.389544379092225,200.0,200.0,U
4957,-61.50434950811938,15.391123018048017,200.0,200.0,U
4958,-61.50483016822424,15.390026381860151,200.0,200.0,U
4959,-61.505017560947365,15.38982907113679,200.0,200.0,U
4960,-61.505107971289455,15.39041829087105,200.0,200.0,U
4961,-61.50405923006002,15.389100687569286,200.0,200.0,U
4962,-61.504408462209575,15.390904185588823,200.0,200.0,U
4963,-61.503541253561146,15.388247679062689,200.0,200.0,U
4964,-61.504820609836194,15.390942765172419,200.0,200.0,U
4965,-61.50531144605496,15.390031840005609,200.0,200.0,U
4966,-61.50549360433835,15.388768235357412,200.0,200.0,U
4967,-61.50510768450539,15.388978614758056,200.0,200.0,U
4968,-61.50532591985041,15.391702206911809,200.0,200.0,U
4969,-61.50552447000685,15.389582839809613,200.0,200.0,U
4970,-61.506776894513735,15.388990901095397,200.0,200.0,U
4971,-61.50418528010726,15.389045910012802,200.0,200.0,U
4972,-61.504943386906106,15.391445141776158,200.0,200.0,U
4973,-61.50504660668495,15.389909703046987,200.0,200.0,U
4974,-61.50612176064692,15.391879074744171,200.0,200.0,U
4975,-61.50799006579042,15.388452211152803,200.0,200.0,U
4976,-61.505674550041306,15.389476584207406,200.0,200.0,U
4977,-61.504255023169314,15.388561735830972,200.0,200.0,U
4978,-61.505186887722544,15.390185659178517,200.0,200.0,U
4979,-61.50321541171049,15.389895693968205,200.0,200.0,U
4980,-61.50326949291796,15.389954309897993,200.0,200.0,U
4981,-61.50607017674256,15.390303581011002,200.0,200.0,U
4982,-61.505019412131574,15.389931506624587,200.0,200.0,U
4983,-61.505050106177016,15.389349858542692,200.0,200.0,U
4984,-61.505964854801235,15.389873794815959,200.0,200.0,U
4985,-61.5037295624488,15.391973406925315,200.0,200.0,U
4986,-61.50251595738489,15.389300865490513,200.0,200.0,U
4987,-61.50939329864772,15.389471188230997,200.0,200.0,U
4988,-61.50559179410352,15.389681785024441,200.0,200.0,U
4989,-61.506483430421575,15.390440178188216,200.0,200.0,U
4990,-61.5042663466042,15.389302544363568,200.0,200.0,U
4991,-61.50315186252739,15.390248013963676,200.0,200.0,U
4992,-61.50311254448795,15.387349283373922,200.0,200.0,U
4993,-61.505015710324756,15.389661160960081,200.0,200.0,U
4994,-61.504016596264314,15.392967642717004,200.0,200.0,U
4995,-61.50407152403928,15.389381062068695,200.0,200.0,U
4996,-61.502728505178005,15.389762925351368,200.0,200.0,U
4997,-61.50560004157892,15.393284514412684,200.0,200.0,U
4998,-61.503529688428685,15.39015388303381,200.0,200.0,U
4999,-61.50438483853909,15.393795396660762,200.0,200.0,U
5000,-61.5051744508605,15.388735536162146,200.0,200.0,U
5001,-61.505654968402304,15.388894950248671,200.0,200.0,U
5002,-61.50577646937334,15.389029186428727,200.0,200.0,U
5003,-61.50574798316507,15.387071153400267,200.0,200.0,U
5004,-61.50517802661447,15.39020979797719,200.0,200.0,U
5005,-61.50489271623551,15.38884742967975,200.0,200.0,U
5006,-61.50553791410056,15.388562501818917,200.0,200.0,U
5007,-61.503741742675224,15.389133538673356,200.0,200.0,U
5008,-61.50486454684896,15.389431768295083,200.0,200.0,U
5009,-61.505364249023046,15.39062648715678,200.0,200.0,U
5010,-61.50324161023963,15.390190287730444,200.0,200.0,U
5011,-61.50506330947711,15.389348615669185,200.0,200.0,U
5012,-61.50455474274267,15.38978213658374,200.0,200.0,U
5013,-61.50606589875878,15.388622963328748,200.0,200.0,U
5014,-61.50482761599597,15.388951827833491,200.0,200.0,U
5015,-61.50439909907855,15.390306392156159,200.0,200.0,U
5016,-61.506531915931696,15.390232430984366,200.0,200.0,U
5017,-61.50476241639569,15.390649492821495,200.0,200.0,U
5018,-61.50477029035886,15.387175894149049,200.0,200.0,U
5019,-61.50655846855192,15.388174368812964,200.0,200.0,U
5020,-61.50704871511417,15.388794422626752,200.0,200.0,U
5021,-61.50513817688845,15.389998005269385,200.0,200.0,U
5022,-61.504484998478965,15.391155306277238,200.0,200.0,U
5023,-61.50477252542482,15.389425952604908,200.0,200.0,U
5024,-61.50448223247972,15.389099608284864,200.0,200.0,U
5025,-61.5047235245432,15.389209893398052,200.0,200.0,U
5026,-61.50443485907496,15.389418190068708,200.0,200.0,U
5027,-61.50374803443999,15.387546015537621,200.0,200.0,U
5028,-61.50503046210042,15.392084817233156,200.0,200.0,U
5029,-61.503768138054866,15.388367044372217,200.0,200.0,U
5030,-61.50308451266544,15.387590716984057,200.0,200.0,U
5031,-61.50469291993506,15.389285760192978,200.0,200.0,U
5032,-61.50317072468211,15.388893692958975,200.0,200.0,U
5033,-61.50247995232565,15.388151154678168,200.0,200.0,U
5034,-61.50635747659756,15.389013075406906,200.0,200.0,U
5035,-61.50284926738526,15.39202975407933,200.0,200.0,U
5036,-61.50558504349844,15.389676389724336,200.0,200.0,U
5037,-61.503951932578346,15.39156331719356,200.0,200.0,U
5038,-61.50459494777974,15.389057686440001,200.0,200.0,U
5039,-61.50561893588741,15.38900244540296,200.0,200.0,U
5040,-61.50448505069267,15.388356589175014,200.0,200.0,U
5041,-61.50420263619321,15.390553626017502,200.0,200.0,U
5042,-61.504028787595175,15.38881408709356,200.0,200.0,U
5043,-61.50545040672072,15.388828543614045,200.0,200.0,U
5044,-61.50389537118181,15.387277531589863,200.0,200.0,U
5045,-61.503636077577625,15.388228456660046,200.0,200.0,U
5046,-61.50238750882593,15.389459317059432,200.0,200.0,U
5047,-61.50430214896875,15.390083978173763,200.0,200.0,U
5048,-61.50463630315238,15.389534214077148,200.0,200.0,U
5049,-61.50374089717539,15.388764730114403,200.0,200.0,U
5050,-61.50429341109294,15.389997832400304,200.0,200.0,U
5051,-61.502646839123976,15.389311994352413,200.0,200.0,U
5052,-61.503734416002295,15.390377718751587,200.0,200.0,U
5053,-61.50379159005893,15.389566619377629,200.0,200.0,U
5054,-61.50160998980373,15.387947681700217,200.0,200.0,U
5055,-61.502719622491114,15.39102146605195,200.0,200.0,U
5056,-61.50496326655175,15.38999067019771,200.0,200.0,U
5057,-61.50308727758095,15.38983566779554,200.0,200.0,U
5058,-61.4983076526221,15.389961200334149,200.0,200.0,U
5059,-61.50434456312761,15.388152375018718,200.0,200.0,U
5060,-61.50529472680642,15.389895196370015,200.0,200.0,U
5061,-61.50382329401706,15.389242485094535,200.0,200.0,U
5062,-61.504252650437806,15.38776445010384,200.0,200.0,U
5063,-61.505231265614675,15.39304868388864,200.0,200.0,U
5064,-61.50390289478134,15.388602567082376,200.0,200.0,U
5065,-61.5029341076587,15.390188307968277,200.0,200.0,U
5066,-61.50234358212973,15.38864073818238,200.0,200.0,U
5067,-61.50453133004563,15.389495696143666,200.0,200.0,U
5068,-61.50463370058558,15.388773047589329,200.0,200.0,U
5069,-61.50585957147801,15.388588605246044,200.0,200.0,U
5070,-61.503841093480155,15.388337496537916,200.0,200.0,U
5071,-61.504424682461625,15.388789359098247,200.0,200.0,U
5072,-61.50640918663745,15.388985340249564,200.0,200.0,U
5073,-61.50651611054792,15.38982608612579,200.0,200.0,U
5074,-61.50465718265929,15.388562899259743,200.0,200.0,U
5075,-61.50255768170329,15.38997827901591,200.0,200.0,U
5076,-61.50456510047774,15.388924568556485,200.0,200.0,U
5077,-61.504712924957666,15.388408838872913,200.0,200.0,U
5078,-61.505089031982365,15.387739411655115,200.0,200.0,U
5079,-61.50601142263584,15.388506530334595,200.0,200.0,U
5080,-61.50418986298632,15.388093871103587,200.0,200.0,U
5081,-61.50565534231576,15.389232339263195,200.0,200.0,U
5082,-61.50475223588502,15.387650937090926,200.0,200.0,U
5083,-61.50468575825259,15.388666049378314,200.0,200.0,U
5084,-61.5030421946314,15.390046254514962,200.0,200.0,U
5085,-61.50554350806146,15.389217392099734,200.0,200.0,U
5086,-61.503213832646296,15.389867688639828,200.0,200.0,U
5087,-61.50612193798671,15.389053877892298,200.0,200.0,U
5088,-61.505556080953994,15.385355452134045,200.0,200.0,U
5089,-61.50371438446884,15.389820659274662,200.0,200.0,U
5090,-61.5048717176602,15.388408772711726,200.0,200.0,U
5091,-61.504442749156354,15.389016671604615,200.0,200.0,U
5092,-61.50446262166953,15.388406755056568,200.0,200.0,U
5093,-61.5041575922827,15.388371446752119,200.0,200.0,U
5094,-61.50424675066019,15.38857565868643,200.0,200.0,U
5095,-61.50621695129994,15.38779763712765,200.0,200.0,U
5096,-61.50440079446184,15.388546001484862,200.0,200.0,U
5097,-61.50438976796177,15.388158498144689,200.0,200.0,U
5098,-61.50444709891502,15.388767773892381,200.0,200.0,U
5099,-61.50413079379768,15.388608298085575,200.0,200.0,U
5100,-61.503176029671664,15.390083995754997,200.0,200.0,U
5101,-61.506183448051154,15.389318291033547,200.0,200.0,U
5102,-61.504536093645,15.388709689737073,200.0,200.0,U
5103,-61.50422646569582,15.388524869513557,200.0,200.0,U
5104,-61.50513240822459,15.386867103453527,200.0,200.0,U
5105,-61.504366842521854,15.388572836341169,200.0,200.0,U
5106,-61.50483760762012,15.38505141880488,200.0,200.0,U
5107,-61.50522014719105,15.388678743977138,200.0,200.0,U
5108,-61.50461403922292,15.38712370605608,200.0,200.0,U
5109,-61.506875148985095,15.387808317118909,200.0,200.0,U
5110,-61.50424767195813,15.38845180823563,200.0,200.0,U
5111,-61.5053487042883,15.387557502204228,200.0,200.0,U
5112,-61.50393234639732,15.386216501958403,200.0,200.0,U
5113,-61.50432727231824,15.387833934909914,200.0,200.0,U
5114,-61.50500054029852,15.387903079599253,200.0,200.0,U
5115,-61.505074339874376,15.388211326006479,200.0,200.0,U
5116,-61.504867711047375,15.387616676867465,200.0,200.0,U
5117,-61.5041718233931,15.388607559654124,200.0,200.0,U
5118,-61.504213176839926,15.388466927076383,200.0,200.0,U
5119,-61.50312351089937,15.387592512469574,200.0,200.0,U
5120,-61.50414904439418,15.387347841484184,200.0,200.0,U
5121,-61.505808007916954,15.388757653004054,200.0,200.0,U
5122,-61.50422126488171,15.38849884455233,200.0,200.0,U
5123,-61.50560236865651,15.386514388545145,200.0,200.0,U
5124,-61.504574229587014,15.387488584527903,200.0,200.0,U
5125,-61.50465001768152,15.3889191130179,200.0,200.0,U
5126,-61.50291587469976,15.389941695081122,200.0,200.0,U
5127,-61.50480489951614,15.390909626826904,200.0,200.0,U
5128,-61.50460911692344,15.39014937888726,200.0,200.0,U
5129,-61.504322915042444,15.387696700370233,200.0,200.0,U
5130,-61.5041112339223,15.386992029459286,200.0,200.0,U
5131,-61.50395307626469,15.387770540380492,200.0,200.0,U
5132,-61.50391120226918,15.386458453460401,200.0,200.0,U
5133,-61.50567103063803,15.389023727064725,200.0,200.0,U
5134,-61.50429467275842,15.388225117664955,200.0,200.0,U
5135,-61.504313807477786,15.387899794456859,200.0,200.0,U
5136,-61.50415412185265,15.388477030283898,200.0,200.0,U
5137,-61.50364534455918,15.387229318908382,200.0,200.0,U
5138,-61.503862231489315,15.387342138217724,200.0,200.0,U
5139,-61.505882434811554,15.38773252759531,200.0,200.0,U
5140,-61.50653960171575,15.388635935667885,200.0,200.0,U
5141,-61.50444392640766,15.389358830861694,200.0,200.0,U
5142,-61.50429398108411,15.389096008916049,200.0,200.0,U
5143,-61.50577662264472,15.38900050992554,200.0,200.0,U
5144,-61.50354995930594,15.387983939456912,200.0,200.0,U
5145,-61.50349513502571,15.391169187808448,200.0,200.0,U
5146,-61.50466771659328,15.387283865443553,200.0,200.0,U
5147,-61.50837057711776,15.386611205738387,200.0,200.0,U
5148,-61.50411625131978,15.388111451962569,200.0,200.0,U
5149,-61.50153439542538,15.386846869949085,200.0,200.0,U
5150,-61.50402304498876,15.38645611840056,200.0,200.0,U
5151,-61.50438196427095,15.386875484408835,200.0,200.0,U
5152,-61.50256503957385,15.38911415232129,200.0,200.0,U
5153,-61.50449179779092,15.388589234517916,200.0,200.0,U
5154,-61.50269298270787,15.387025829568998,200.0,200.0,U
5155,-61.504005227833964,15.388354649356549,200.0,200.0,U
5156,-61.50796957918134,15.39010274982298,200.0,200.0,U
5157,-61.502272859581055,15.389546778860513,200.0,200.0,U
5158,-61.50469064192441,15.389151038864663,200.0,200.0,U
5159,-61.50597228816226,15.389409744718048,200.0,200.0,U
5160,-61.502504038285856,15.386804902485373,200.0,200.0,U
5161,-61.502206885761794,15.387580873430876,200.0,200.0,U
5162,-61.50494887385997,15.387815796409635,200.0,200.0,U
5163,-61.504100906654685,15.38965346264903,200.0,200.0,U
5164,-61.50429932108687,15.388047737464763,200.0,200.0,U
5165,-61.502903729561574,15.388662800296649,200.0,200.0,U
5166,-61.50404807600572,15.390152465173342,200.0,200.0,U
5167,-61.50339505201013,15.388049594309859,200.0,200.0,U
5168,-61.50260007882143,15.38837163440101,200.0,200.0,U
5169,-61.507503117740846,15.38660624562009,200.0,200.0,U
5170,-61.503769369344035,15.387215282121185,200.0,200.0,U
5171,-61.504538769449994,15.387313693591548,200.0,200.0,U
5172,-61.5019749344943,15.389004906705301,200.0,200.0,U
5173,-61.50466887094415,15.386232337689922,200.0,200.0,U
5174,-61.50395627646718,15.3886428046068,200.0,200.0,U
5175,-61.50244435504955,15.390237149818345,200.0,200.0,U
5176,-61.50344584042373,15.388065575202132,200.0,200.0,U
5177,-61.50371884559912,15.385756011711244,200.0,200.0,U
5178,-61.505818888586674,15.386708633544988,200.0,200.0,U
5179,-61.50380388937457,15.388510646863487,200.0,200.0,U
5180,-61.50203740717722,15.38827478158314,200.0,200.0,U
5181,-61.50238841668306,15.387098492806953,200.0,200.0,U
5182,-61.503121255674955,15.38759166107183,200.0,200.0,U
5183,-61.50272873429641,15.385012756779359,200.0,200.0,U
5184,-61.503992461090675,15.38788184159609,200.0,200.0,U
5185,-61.50361147411752,15.388639672498638,200.0,200.0,U
5186,-61.505696915624384,15.38671699866139,200.0,200.0,U
5187,-61.502909622050694,15.38626639140483,200.0,200.0,U
5188,-61.50232642158044,15.38638349183572,200.0,200.0,U
5189,-61.502603203754084,15.386034999826427,200.0,200.0,U
5190,-61.50117983753847,15.38673269513406,200.0,200.0,U
5191,-61.50388625124185,15.386473748746624,200.0,200.0,U
5192,-61.5036641853211,15.387328514872724,200.0,200.0,U
5193,-61.50502065980463,15.388730136615125,200.0,200.0,U
5194,-61.503094861452624,15.387324036551314,200.0,200.0,U
5195,-61.50147528405081,15.389978798630368,200.0,200.0,U
5196,-61.503778357982334,15.387416234766361,200.0,200.0,U
5197,-61.50615587519881,15.387145570214667,200.0,200.0,U
5198,-61.50405790699993,15.38781096933453,200.0,200.0,U
5199,-61.50405372156097,15.38715897712784,200.0,200.0,U
5200,-61.50199309105209,15.388621877491241,200.0,200.0,U
5201,-61.50312779223937,15.386922417818008,200.0,200.0,U
5202,-61.50551468239197,15.387096274465797,200.0,200.0,U
5203,-61.50449695599433,15.388025701089123,200.0,200.0,U
5204,-61.504704854371546,15.38997331124139,200.0,200.0,U
5205,-61.50319095706609,15.384985382949495,200.0,200.0,U
5206,-61.50646857591128,15.387243024469848,200.0,200.0,U
5207,-61.50211858966444,15.388747363816663,200.0,200.0,U
5208,-61.50447727724158,15.38935522384209,200.0,200.0,U
5209,-61.503774442212496,15.38751432012964,200.0,200.0,U
5210,-61.50372481856911,15.385351887141207,200.0,200.0,U
5211,-61.50232219899188,15.387506461780303,200.0,200.0,U
5212,-61.5040679793282,15.386337739735845,200.0,200.0,U
5213,-61.504037768633516,15.388391947511758,200.0,200.0,U
5214,-61.50191418878986,15.389129591815065,200.0,200.0,U
5215,-61.500251063881784,15.388144516437062,200.0,200.0,U
5216,-61.5005378664132,15.39065796722639,200.0,200.0,U
5217,-61.502816808824704,15.388912062216686,200.0,200.0,U
5218,-61.502664352746244,15.38667571979374,200.0,200.0,U
5219,-61.503264811872604,15.387165983438221,200.0,200.0,U
5220,-61.503247564339425,15.384836866640441,200.0,200.0,U
5221,-61.50458849313957,15.38797523183859,200.0,200.0,U
5222,-61.504109619052635,15.387592420848478,200.0,200.0,U
5223,-61.50658584162422,15.38856743234526,200.0,200.0,U
5224,-61.50286577133696,15.385155102883878,200.0,200.0,U
5225,-61.50449258359834,15.383994820822812,200.0,200.0,U
5226,-61.50564284757545,15.388314880747782,200.0,200.0,U
5227,-61.50421493809154,15.38798514441075,200.0,200.0,U
5228,-61.503393135112134,15.387030234257947,200.0,200.0,U
5229,-61.501772911155115,15.385437484578823,200.0,200.0,U
5230,-61.50203240510231,15.385157121727348,200.0,200.0,U
5231,-61.50262407168919,15.387154562502296,200.0,200.0,U
5232,-61.501829834180754,15.384055191720284,200.0,200.0,U
5233,-61.501933606702906,15.385577913435752,200.0,200.0,U
5234,-61.50284176728255,15.389886490442958,200.0,200.0,U
5235,-61.5014414339307,15.386078186118882,200.0,200.0,U
5236,-61.50245403761517,15.387286907905164,200.0,200.0,U
5237,-61.50316509610121,15.390973396476562,200.0,200.0,U
5238,-61.50364318603656,15.387012767119165,200.0,200.0,U
5239,-61.503499393499375,15.387064544860833,200.0,200.0,U
5240,-61.50141688033726,15.387079216143421,200.0,200.0,U
5241,-61.50394894779442,15.390024273153118,200.0,200.0,U
5242,-61.50377583884539,15.386485681504835,200.0,200.0,U
5243,-61.50384585304208,15.387609547516774,200.0,200.0,U
5244,-61.50257803308943,15.385826844006704,200.0,200.0,U
5245,-61.50450058349115,15.387123380779672,200.0,200.0,U
5246,-61.50367081359552,15.386937748477749,200.0,200.0,U
5247,-61.50322653261187,15.387827162806172,200.0,200.0,U
5248,-61.50380302554973,15.38665947257151,200.0,200.0,U
5249,-61.503763866256286,15.388228543650074,200.0,200.0,U
5250,-61.502454953148835,15.387192759628611,200.0,200.0,U
5251,-61.504210057169864,15.386289626119188,200.0,200.0,U
5252,-61.50356449901705,15.38741027825016,200.0,200.0,U
5253,-61.502054701100654,15.384046085752283,200.0,200.0,U
5254,-61.50405640960751,15.386818816045414,200.0,200.0,U
5255,-61.503084941974514,15.387275354739144,200.0,200.0,U
5256,-61.504058057063865,15.387800971798134,200.0,200.0,U
5257,-61.503356711219425,15.386703504424787,200.0,200.0,U
5258,-61.503527762129714,15.386802205247253,200.0,200.0,U
5259,-61.502880549664326,15.387024571773628,200.0,200.0,U
5260,-61.503067173887786,15.387312733190823,200.0,200.0,U
5261,-61.503349114961416,15.38682868627412,200.0,200.0,U
5262,-61.50424225601718,15.38724034947953,200.0,200.0,U
5263,-61.50175831525412,15.388078803922522,200.0,200.0,U
5264,-61.5057235238744,15.387160598932848,200.0,200.0,U
5265,-61.50218554783565,15.385177587371812,200.0,200.0,U
5266,-61.5047671285895,15.385966473838648,200.0,200.0,U
5267,-61.50369629976645,15.38708886495362,200.0,200.0,U
5268,-61.50383454508399,15.384867007618283,200.0,200.0,U
5269,-61.503470631005,15.386850213015503,200.0,200.0,U
5270,-61.50445864723494,15.387162959614322,200.0,200.0,U
5271,-61.500825112547695,15.387387176196523,200.0,200.0,U
5272,-61.502376454166516,15.390562469474803,200.0,200.0,U
5273,-61.50361089502851,15.386269886450897,200.0,200.0,U
5274,-61.5032110625645,15.383620431371448,200.0,200.0,U
5275,-61.5030181701279,15.386047807746348,200.0,200.0,U
5276,-61.50371099917178,15.386096162635416,200.0,200.0,U
5277,-61.5033653291884,15.384754297670165,200.0,200.0,U
5278,-61.50301072200272,15.387875155091049,200.0,200.0,U
5279,-61.50261103786522,15.386439833633048,200.0,200.0,U
5280,-61.50276793379687,15.385410079277799,200.0,200.0,U
5281,-61.501626330814204,15.383736438035216,200.0,200.0,U
5282,-61.50400138338392,15.38639934740613,200.0,200.0,U
5283,-61.50183470118554,15.386259070108137,200.0,200.0,U
5284,-61.5037587547221,15.386275547944695,200.0,200.0,U
5285,-61.50140192868588,15.387359655150961,200.0,200.0,U
5286,-61.50317523203414,15.38679834295757,200.0,200.0,U
5287,-61.50393624810264,15.385965944339638,200.0,200.0,U
5288,-61.502444975570164,15.387910201618519,200.0,200.0,U
5289,-61.50687866310671,15.389861029647468,200.0,200.0,U
5290,-61.50379093370119,15.383535189599709,200.0,200.0,U
5291,-61.50382202727631,15.387190277038906,200.0,200.0,U
5292,-61.50396773249193,15.387675929817473,200.0,200.0,U
5293,-61.50313180930519,15.387196042815606,200.0,200.0,U
5294,-61.50125795113213,15.384773027322247,200.0,200.0,U
5295,-61.50308706618532,15.387970960046955,200.0,200.0,U
5296,-61.50156879115128,15.386216925002897,200.0,200.0,U
5297,-61.503495173832405,15.38664610480506,200.0,200.0,U
5298,-61.50095070876035,15.381725882955584,200.0,200.0,U
5299,-61.504383646084214,15.388855950794275,200.0,200.0,U
5300,-61.503329680668635,15.387977749237141,200.0,200.0,U
5301,-61.500269140125205,15.386783083714542,200.0,200.0,U
5302,-61.50406934888477,15.384761255412961,200.0,200.0,U
5303,-61.50287917329887,15.387551954349417,200.0,200.0,U
5304,-61.504114344202335,15.387769235927419,200.0,200.0,U
5305,-61.50123524049468,15.387100149797801,200.0,200.0,U
5306,-61.50253149592215,15.386459265522358,200.0,200.0,U
5307,-61.502638955937456,15.386611921784484,200.0,200.0,U
5308,-61.503362882637354,15.387063986028425,200.0,200.0,U
5309,-61.50340397941093,15.384647030088674,200.0,200.0,U
5310,-61.50351656845715,15.38703183417443,200.0,200.0,U
5311,-61.50235681790179,15.385928229507515,200.0,200.0,U
5312,-61.50403547656122,15.385359524263361,200.0,200.0,U
5313,-61.50269625156926,15.385606490283562,200.0,200.0,U
5314,-61.502829932277265,15.385732390581559,200.0,200.0,U
5315,-61.50269877188645,15.385603746710567,200.0,200.0,U
5316,-61.50451529124416,15.385410315161678,200.0,200.0,U
5317,-61.50469441221998,15.388412337501274,200.0,200.0,U
5318,-61.505589327963854,15.386477576055166,200.0,200.0,U
5319,-61.50306077658123,15.386210597407452,200.0,200.0,U
5320,-61.502717134053206,15.385177304438544,200.0,200.0,U
5321,-61.50288793080574,15.385964764073364,200.0,200.0,U
5322,-61.505177511432294,15.38496879793598,200.0,200.0,U
5323,-61.503167958098615,15.38588471914824,200.0,200.0,U
5324,-61.5006836757323,15.386557819700357,200.0,200.0,U
5325,-61.50563664714942,15.384075740683274,200.0,200.0,U
5326,-61.50299319867844,15.386134610330759,200.0,200.0,U
5327,-61.50139246773827,15.386576448838946,200.0,200.0,U
5328,-61.50539542010476,15.385841181072346,200.0,200.0,U
5329,-61.502126496192936,15.38812034067782,200.0,200.0,U
5330,-61.50275501536835,15.386009207457304,200.0,200.0,U
5331,-61.50333029677186,15.384535596074622,200.0,200.0,U
5332,-61.50295640883364,15.385441116264872,200.0,200.0,U
5333,-61.502017366272334,15.387716991758639,200.0,200.0,U
5334,-61.50294486456699,15.38604867556581,200.0,200.0,U
5335,-61.50235060136636,15.386331336065572,200.0,200.0,U
5336,-61.502488714858096,15.388701900247717,200.0,200.0,U
5337,-61.50329323001085,15.385233023735426,200.0,200.0,U
5338,-61.503243562067595,15.386189233688468,200.0,200.0,U
5339,-61.503178751098645,15.386680445457028,200.0,200.0,U
5340,-61.50480515108093,15.387631600473187,200.0,200.0,U
5341,-61.503190105635326,15.384081708784644,200.0,200.0,U
5342,-61.50177732507653,15.384670365713996,200.0,200.0,U
5343,-61.502433802433835,15.384186897735429,200.0,200.0,U
5344,-61.50573774412024,15.384059702645727,200.0,200.0,U
5345,-61.50319606463729,15.385964063985368,200.0,200.0,U
5346,-61.50458657240906,15.385479372286271,200.0,200.0,U
5347,-61.50231131062971,15.386297144858931,200.0,200.0,U
5348,-61.50273496278675,15.385902164864273,200.0,200.0,U
5349,-61.50311496234391,15.385515892922083,200.0,200.0,U
5350,-61.502928101110925,15.385897797327186,200.0,200.0,U
5351,-61.50214705394241,15.386067497073677,200.0,200.0,U
5352,-61.50607008063816,15.382999115317153,200.0,200.0,U
5353,-61.502649738233636,15.385143046272931,200.0,200.0,U
5354,-61.50308985918454,15.38570995925216,200.0,200.0,U
5355,-61.502664816458115,15.385821862504612,200.0,200.0,U
5356,-61.503702298440935,15.386552447316479,200.0,200.0,U
5357,-61.50092982998816,15.387241084865268,200.0,200.0,U
5358,-61.50527681954832,15.384002277972316,200.0,200.0,U
5359,-61.50372786613771,15.38601629415692,200.0,200.0,U
5360,-61.50311443632645,15.386264794018821,200.0,200.0,U
5361,-61.50312656365913,15.386833783528102,200.0,200.0,U
5362,-61.50309939257612,15.383209250378512,200.0,200.0,U
5363,-61.5044188796941,15.386710974977152,200.0,200.0,U
5364,-61.502729867603044,15.385672023960717,200.0,200.0,U
5365,-61.50280244749879,15.385793187084877,200.0,200.0,U
5366,-61.5036085326481,15.38349781832776,200.0,200.0,U
5367,-61.50157444198126,15.385452941073918,200.0,200.0,U
5368,-61.50414394452863,15.383620529296138,200.0,200.0,U
5369,-61.502277263951065,15.38422331384505,200.0,200.0,U
5370,-61.50459516904007,15.385450202363494,200.0,200.0,U
5371,-61.503402832555096,15.386395154018734,200.0,200.0,U
5372,-61.502592603439986,15.385387314506026,200.0,200.0,U
5373,-61.501819172874384,15.386214098569509,200.0,200.0,U
5374,-61.502558099974486,15.385245947671711,200.0,200.0,U
5375,-61.50286363419959,15.383830517609358,200.0,200.0,U
5376,-61.50354503300778,15.387208369130429,200.0,200.0,U
5377,-61.50017737820918,15.386560964811077,200.0,200.0,U
5378,-61.50166512269294,15.384158108832619,200.0,200.0,U
5379,-61.50340941502173,15.385813985739073,200.0,200.0,U
5380,-61.504283529179446,15.386141196384935,200.0,200.0,U
5381,-61.5025433524536,15.385832177935796,200.0,200.0,U
5382,-61.50256395803175,15.386013246922472,200.0,200.0,U
5383,-61.5031598879628,15.38536014042535,200.0,200.0,U
5384,-61.50340617728575,15.3842491982612,200.0,200.0,U
5385,-61.503341616802935,15.384834782536432,200.0,200.0,U
5386,-61.50255788083259,15.385531583442024,200.0,200.0,U
5387,-61.50285352434336,15.385217580179614,200.0,200.0,U
5388,-61.504443572414765,15.386712944432569,200.0,200.0,U
5389,-61.502553205063904,15.385194022932417,200.0,200.0,U
5390,-61.503077323081236,15.385447620529526,200.0,200.0,U
5391,-61.50297915511559,15.38544064264647,200.0,200.0,U
5392,-61.50278948863316,15.384102045541356,200.0,200.0,U
5393,-61.5003523910719,15.38741562524018,200.0,200.0,U
5394,-61.50316917276735,15.385312792758203,200.0,200.0,U
5395,-61.50260580240098,15.385337451972758,200.0,200.0,U
5396,-61.501754164036605,15.385648825131312,200.0,200.0,U
5397,-61.503643479392906,15.386607513659587,200.0,200.0,U
5398,-61.502822816149234,15.385936324349315,200.0,200.0,U
5399,-61.501354672021805,15.383592626796467,200.0,200.0,U
5400,-61.50286452683365,15.384461313361847,200.0,200.0,U
5401,-61.50358445273788,15.386561054590432,200.0,200.0,U
5402,-61.503585741299446,15.38626847276478,200.0,200.0,U
5403,-61.5023372924213,15.385243817947988,200.0,200.0,U
5404,-61.502929173450404,15.385513160231408,200.0,200.0,U
5405,-61.50326250558104,15.38495228438717,200.0,200.0,U
5406,-61.50417779156038,15.385499267371614,200.0,200.0,U
5407,-61.504444426526184,15.386447695442065,200.0,200.0,U
5408,-61.50057629793665,15.385083850790945,200.0,200.0,U
5409,-61.503133389233504,15.386439372036294,200.0,200.0,U
5410,-61.50219798512336,15.384901011264269,200.0,200.0,U
5411,-61.50222046355199,15.384237417922105,200.0,200.0,U
5412,-61.50213237319465,15.385700605712563,200.0,200.0,U
5413,-61.50406679764873,15.385201227808228,200.0,200.0,U
5414,-61.50236262984674,15.387292459506002,200.0,200.0,U
5415,-61.502437278319604,15.385161762069462,200.0,200.0,U
5416,-61.502707939622674,15.385621200043365,200.0,200.0,U
5417,-61.5020824867122,15.385164069508422,200.0,200.0,U
5418,-61.50213336189004,15.384211468814142,200.0,200.0,U
5419,-61.50194020087818,15.386436131970406,200.0,200.0,U
5420,-61.502383221850884,15.38505246752464,200.0,200.0,U
5421,-61.50228630166609,15.38508048315534,200.0,200.0,U
5422,-61.503101903074395,15.385549792626978,200.0,200.0,U
5423,-61.50150791326421,15.384722893624675,200.0,200.0,U
5424,-61.50242256878997,15.385076196656284,200.0,200.0,U
5425,-61.50437801560894,15.386932620233681,200.0,200.0,U
5426,-61.50219877900102,15.385324256581105,200.0,200.0,U
5427,-61.50044339642903,15.382684315835018,200.0,200.0,U
5428,-61.50190621587943,15.384291528418247,200.0,200.0,U
5429,-61.50400705946501,15.385072461534067,200.0,200.0,U
5430,-61.50116143697986,15.38506380930963,200.0,200.0,U
5431,-61.50242557290416,15.3850188272781,200.0,200.0,U
5432,-61.502013821168575,15.384188669258396,200.0,200.0,U
5433,-61.50202468832097,15.381070098331936,200.0,200.0,U
5434,-61.50221591668035,15.384899057704844,200.0,200.0,U
5435,-61.50210747663037,15.384733903268911,200.0,200.0,U
5436,-61.50163125630827,15.384307586153206,200.0,200.0,U
5437,-61.50243523157572,15.38277015660024,200.0,200.0,U
5438,-61.50238411831355,15.386542460746709,200.0,200.0,U
5439,-61.50025313539665,15.384407381153821,200.0,200.0,U
5440,-61.50324350285317,15.386496732120849,200.0,200.0,U
5441,-61.50235635300549,15.384740746097421,200.0,200.0,U
5442,-61.50204597511224,15.386591877784143,200.0,200.0,U
5443,-61.5044052285401,15.384508452936007,200.0,200.0,U
5444,-61.503959409380265,15.38394240134946,200.0,200.0,U
5445,-61.50243808749206,15.385523686041209,200.0,200.0,U
5446,-61.50227598333379,15.384609385004115,200.0,200.0,U
5447,-61.50213453650475,15.384480628776073,200.0,200.0,U
5448,-61.50086798633836,15.387044052816673,200.0,200.0,U
5449,-61.50223209636003,15.384848732915193,200.0,200.0,U
5450,-61.50049394749958,15.385189879517695,200.0,200.0,U
5451,-61.501748560411556,15.385719117954016,200.0,200.0,U
5452,-61.50185397139014,15.383918329358098,200.0,200.0,U
5453,-61.50252865639168,15.384830316348012,200.0,200.0,U
5454,-61.50211027117515,15.384190906780736,200.0,200.0,U
5455,-61.5026622277596,15.386829881425184,200.0,200.0,U
5456,-61.50309011214137,15.3846489223608,200.0,200.0,U
5457,-61.502717103132106,15.383250401285068,200.0,200.0,U
5458,-61.50434024321167,15.381786176135975,200.0,200.0,U
5459,-61.50305993884626,15.383874600875624,200.0,200.0,U
5460,-61.50101847639112,15.384299932553152,200.0,200.0,U
5461,-61.50202856746506,15.383532029777323,200.0,200.0,U
5462,-61.50194449332523,15.38504682857891,200.0,200.0,U
5463,-61.499238477712204,15.388738244914236,200.0,200.0,U
5464,-61.50383722422255,15.385810883850267,200.0,200.0,U
5465,-61.50147476464266,15.385229373716847,200.0,200.0,U
5466,-61.50199450438074,15.384490083280316,200.0,200.0,U
5467,-61.501127237423965,15.385210870847446,200.0,200.0,U
5468,-61.499258892288076,15.38292839124355,200.0,200.0,U
5469,-61.50209114843048,15.384550119825116,200.0,200.0,U
5470,-61.50544566828698,15.385534656468572,200.0,200.0,U
5471,-61.501884788862554,15.385518321671203,200.0,200.0,U
5472,-61.501675440805336,15.385928064658629,200.0,200.0,U
5473,-61.500668948112725,15.384935755638221,200.0,200.0,U
5474,-61.50151492009327,15.383619677492979,200.0,200.0,U
5475,-61.502073895285484,15.384491348622552,200.0,200.0,U
5476,-61.50218125226095,15.38494864818612,200.0,200.0,U
5477,-61.502770775076826,15.38261133919694,200.0,200.0,U
5478,-61.50105925769424,15.38402016840165,200.0,200.0,U
5479,-61.502646753778,15.384536864762845,200.0,200.0,U
5480,-61.50238445910304,15.385064744550528,200.0,200.0,U
5481,-61.502368065749344,15.384652653087738,200.0,200.0,U
5482,-61.50062814359635,15.386273898926488,200.0,200.0,U
5483,-61.50149960731866,15.38318436746145,200.0,200.0,U
5484,-61.50097820392345,15.384074760246811,200.0,200.0,U
5485,-61.502097162256725,15.384292232968999,200.0,200.0,U
5486,-61.50173420952841,15.38466545317337,200.0,200.0,U
5487,-61.49935490761611,15.385008212721349,200.0,200.0,U
5488,-61.50164798200262,15.384563898459678,200.0,200.0,U
5489,-61.5020427503969,15.384280732433465,200.0,200.0,U
5490,-61.50166771067515,15.384267326919701,200.0,200.0,U
5491,-61.50184601777409,15.38472687164832,200.0,200.0,U
5492,-61.50366291185599,15.383377261137065,200.0,200.0,U
5493,-61.50122740308548,15.386018457032094,200.0,200.0,U
5494,-61.50185426742131,15.384035016956094,200.0,200.0,U
5495,-61.500971333823166,15.385066796202201,200.0,200.0,U
5496,-61.49972950593386,15.38377426068522,200.0,200.0,U
5497,-61.501975596790636,15.383997632682172,200.0,200.0,U
5498,-61.50272739370702,15.384416213059888,200.0,200.0,U
5499,-61.50273780336831,15.384532770134836,200.0,200.0,U
5500,-61.500601073798265,15.38613279851373,200.0,200.0,U
5501,-61.50269356475876,15.382772440749479,200.0,200.0,U
5502,-61.50259360219511,15.382017920852135,200.0,200.0,U
5503,-61.50350632732265,15.384626729938391,200.0,200.0,U
5504,-61.50130190124593,15.383550748744296,200.0,200.0,U
5505,-61.5014370600666,15.385055584194715,200.0,200.0,U
5506,-61.500548337338074,15.382774415220252,200.0,200.0,U
5507,-61.50335393344967,15.38542356655989,200.0,200.0,U
5508,-61.500767093658474,15.387035017269302,200.0,200.0,U
5509,-61.50358957916221,15.384851691136523,200.0,200.0,U
5510,-61.502418999672685,15.386668180921266,200.0,200.0,U
5511,-61.50113057611484,15.384020765774256,200.0,200.0,U
5512,-61.5010548328941,15.386718710765088,200.0,200.0,U
5513,-61.499772982326675,15.384915161636115,200.0,200.0,U
5514,-61.501116251974565,15.38476706313814,200.0,200.0,U
5515,-61.501394900435535,15.3842513674187,200.0,200.0,U
5516,-61.5005454575639,15.379386531426182,200.0,200.0,U
5517,-61.5020796030193,15.382380096977293,200.0,200.0,U
5518,-61.501783095267996,15.383527347019331,200.0,200.0,U
5519,-61.501957860455185,15.382884413160523,200.0,200.0,U
5520,-61.50373160709388,15.386150595155998,200.0,200.0,U
5521,-61.503690081166724,15.381388300563238,200.0,200.0,U
5522,-61.50313000796709,15.383289158759412,200.0,200.0,U
5523,-61.49960260927103,15.385982933052626,200.0,200.0,U
5524,-61.50281762069352,15.383696734214551,200.0,200.0,U
5525,-61.50239772543403,15.383024186008928,200.0,200.0,U
5526,-61.49840393176606,15.383411130764465,200.0,200.0,U
5527,-61.50161878491127,15.382599633060257,200.0,200.0,U
5528,-61.50275504334565,15.385743814881394,200.0,200.0,U
5529,-61.500912932784104,15.383318771305522,200.0,200.0,U
5530,-61.50364407683786,15.385143691276678,200.0,200.0,U
5531,-61.5012006371686,15.38473972308132,200.0,200.0,U
5532,-61.501668720828086,15.383588578011164,200.0,200.0,U
5533,-61.49967179780684,15.384104008201131,200.0,200.0,U
5534,-61.501604619849026,15.383481100798447,200.0,200.0,U
5535,-61.50169522830962,15.383804733688166,200.0,200.0,U
5536,-61.50230960818221,15.384031474959782,200.0,200.0,U
5537,-61.50085359741453,15.387537018469402,200.0,200.0,U
5538,-61.50446848685631,15.384721165370696,200.0,200.0,U
5539,-61.50159788406884,15.384269450300405,200.0,200.0,U
5540,-61.501456558364104,15.382938695888653,200.0,200.0,U
5541,-61.50021420733808,15.383652649805045,200.0,200.0,U
5542,-61.50184776268912,15.386406642085719,200.0,200.0,U
5543,-61.50191575209286,15.382204113973652,200.0,200.0,U
5544,-61.50197662511612,15.383810592425247,200.0,200.0,U
5545,-61.501728489251065,15.383747967723826,200.0,200.0,U
5546,-61.5012884685618,15.383455420116203,200.0,200.0,U
5547,-61.50198522596694,15.383633226648714,200.0,200.0,U
5548,-61.50171052184174,15.38362838384697,200.0,200.0,U
5549,-61.50136015487524,15.38413792760892,200.0,200.0,U
5550,-61.50134416047156,15.384979674008425,200.0,200.0,U
5551,-61.49815085626427,15.384768878815228,200.0,200.0,U
5552,-61.502633919628565,15.381200949216206,200.0,200.0,U
5553,-61.501485313045485,15.384267842961389,200.0,200.0,U
5554,-61.501550775022494,15.383970397732032,200.0,200.0,U
5555,-61.50308558934717,15.381174643857866,200.0,200.0,U
5556,-61.501657495031814,15.384060345837907,200.0,200.0,U
5557,-61.500936985602685,15.38436492527377,200.0,200.0,U
5558,-61.50203394481383,15.383577770601896,200.0,200.0,U
5559,-61.50154680705906,15.383595992737572,200.0,200.0,U
5560,-61.50238487902288,15.382143998823562,200.0,200.0,U
5561,-61.50104189481167,15.383805477131563,200.0,200.0,U
5562,-61.50077352179055,15.380928810944173,200.0,200.0,U
5563,-61.50125668411441,15.383524459359682,200.0,200.0,U
5564,-61.50099018702612,15.382887801238446,200.0,200.0,U
5565,-61.501154689457614,15.382782978376948,200.0,200.0,U
5566,-61.49986986848862,15.38209279368446,200.0,200.0,U
5567,-61.497537361753594,15.3859570276023,200.0,200.0,U
5568,-61.50309303072996,15.383855423184897,200.0,200.0,U
5569,-61.503053424052204,15.3842004403743,200.0,200.0,U
5570,-61.49919526613592,15.384268785317738,200.0,200.0,U
5571,-61.50291251616037,15.383875540844581,200.0,200.0,U
5572,-61.50141432136163,15.3818467601119,200.0,200.0,U
5573,-61.503831785452235,15.384802145495122,200.0,200.0,U
5574,-61.501932786918225,15.384023062807213,200.0,200.0,U
5575,-61.5014075631898,15.383549636972928,200.0,200.0,U
5576,-61.49981496520459,15.381118670050299,200.0,200.0,U
5577,-61.50139526633854,15.382155075735678,200.0,200.0,U
5578,-61.50014398159005,15.384587164295734,200.0,200.0,U
5579,-61.49902922021288,15.381914264158093,200.0,200.0,U
5580,-61.50151808212668,15.381967829824193,200.0,200.0,U
5581,-61.50087074585238,15.384249643758228,200.0,200.0,U
5582,-61.50073928851311,15.38451976705326,200.0,200.0,U
5583,-61.50134733401324,15.383369303095943,200.0,200.0,U
5584,-61.50482704813932,15.380078427073268,200.0,200.0,U
5585,-61.500763522958145,15.383669978737874,200.0,200.0,U
5586,-61.5000107640932,15.385151601096995,200.0,200.0,U
5587,-61.49859654280255,15.381205783441628,200.0,200.0,U
5588,-61.50087372547115,15.38384182759982,200.0,200.0,U
5589,-61.501477431131526,15.383105093979966,200.0,200.0,U
5590,-61.502232143644825,15.383870381594289,200.0,200.0,U
5591,-61.50377382425871,15.382830052445154,200.0,200.0,U
5592,-61.50127047351119,15.383131623556316,200.0,200.0,U
5593,-61.50109873836496,15.382900540102774,200.0,200.0,U
5594,-61.50205674170914,15.382842894041852,200.0,200.0,U
5595,-61.50109741492954,15.380617300316096,200.0,200.0,U
5596,-61.501868421880694,15.383302916450834,200.0,200.0,U
5597,-61.503664513642406,15.382639014928923,200.0,200.0,U
5598,-61.50123620350922,15.383136006420642,200.0,200.0,U
5599,-61.50130990521207,15.383543058914343,200.0,200.0,U
5600,-61.499328838320764,15.382292127932859,200.0,200.0,U
5601,-61.501134470112085,15.381871334847357,200.0,200.0,U
5602,-61.5011546489272,15.383119102104612,200.0,200.0,U
5603,-61.50055012523759,15.384153316201395,200.0,200.0,U
5604,-61.50318615153942,15.385354759480496,200.0,200.0,U
5605,-61.50201540761039,15.385523819582469,200.0,200.0,U
5606,-61.5024475650232,15.383150326970876,200.0,200.0,U
5607,-61.500777896504005,15.382923936509854,200.0,200.0,U
5608,-61.50136765912819,15.382424800558974,200.0,200.0,U
5609,-61.500670028967875,15.38286755528806,200.0,200.0,U
5610,-61.50090999888491,15.381939256703083,200.0,200.0,U
5611,-61.50182545927153,15.38446698268398,200.0,200.0,U
5612,-61.50113752330539,15.382964718747942,200.0,200.0,U
5613,-61.50136781662655,15.38273125731923,200.0,200.0,U
5614,-61.501782369116725,15.381345755105675,200.0,200.0,U
5615,-61.50321557323466,15.385163869268595,200.0,200.0,U
5616,-61.50272516887633,15.383610734574733,200.0,200.0,U
5617,-61.50042100462073,15.382398030656741,200.0,200.0,U
5618,-61.49994324580575,15.383687011618207,200.0,200.0,U
5619,-61.50036115040053,15.379687746256844,200.0,200.0,U
5620,-61.50086778431485,15.381814868586998,200.0,200.0,U
5621,-61.50161664297416,15.384329367920662,200.0,200.0,U
5622,-61.50083975342086,15.38147002918988,200.0,200.0,U
5623,-61.504076841619934,15.383686494377956,200.0,200.0,U
5624,-61.50182048693064,15.38341454832835,200.0,200.0,U
5625,-61.50173174915822,15.384468481057187,200.0,200.0,U
5626,-61.499709808949504,15.381622651987641,200.0,200.0,U
5627,-61.501060109254816,15.382851263327128,200.0,200.0,U
5628,-61.49870676881007,15.382679164969808,200.0,200.0,U
5629,-61.5002846245206,15.381757078233047,200.0,200.0,U
5630,-61.498216434756685,15.383256207463921,200.0,200.0,U
5631,-61.50176556996228,15.38281743886913,200.0,200.0,U
5632,-61.49891349870677,15.383268584521884,200.0,200.0,U
5633,-61.50054574073615,15.383196504653737,200.0,200.0,U
5634,-61.50022191903174,15.383940577463733,200.0,200.0,U
5635,-61.501430368352445,15.382804971665614,200.0,200.0,U
5636,-61.49748668127138,15.383664325276142,200.0,200.0,U
5637,-61.501147584104636,15.383709480883228,200.0,200.0,U
5638,-61.50103605259425,15.38265601213716,200.0,200.0,U
5639,-61.501420355792334,15.381768242842488,200.0,200.0,U
5640,-61.50072922815478,15.383411162609509,200.0,200.0,U
5641,-61.50060189618951,15.382425585540359,200.0,200.0,U
5642,-61.50049530153926,15.380238034195152,200.0,200.0,U
5643,-61.50280865743002,15.380817430136792,200.0,200.0,U
5644,-61.501031298841525,15.382388142999144,200.0,200.0,U
5645,-61.500528972437706,15.38283513085869,200.0,200.0,U
5646,-61.50028198155277,15.383820362869786,200.0,200.0,U
5647,-61.50099626273507,15.382474821496295,200.0,200.0,U
5648,-61.503447986893434,15.3829558467479,200.0,200.0,U
5649,-61.50133209985301,15.38268175309293,200.0,200.0,U
5650,-61.500692513222276,15.382359530347356,200.0,200.0,U
5651,-61.501258918591816,15.382605584091484,200.0,200.0,U
5652,-61.500952656692846,15.382855006445949,200.0,200.0,U
5653,-61.49749200279159,15.381883016973793,200.0,200.0,U
5654,-61.50024062468181,15.383172500957265,200.0,200.0,U
5655,-61.501464553640986,15.381695125586242,200.0,200.0,U
5656,-61.50231247220019,15.380451198504652,200.0,200.0,U
5657,-61.50292607732849,15.383261760165823,200.0,200.0,U
5658,-61.50015623783748,15.383408508944157,200.0,200.0,U
5659,-61.50032506149346,15.384497013012538,200.0,200.0,U
5660,-61.5033027296563,15.382118383241957,200.0,200.0,U
5661,-61.501468586038996,15.378682465048835,200.0,200.0,U
5662,-61.50022785951927,15.382873786089126,200.0,200.0,U
5663,-61.500101589937984,15.383916830795444,200.0,200.0,U
5664,-61.500165674019186,15.383109949301064,200.0,200.0,U
5665,-61.50091418397785,15.382539860468986,200.0,200.0,U
5666,-61.500911763104284,15.383863260605372,200.0,200.0,U
5667,-61.50074238248375,15.382404276691911,200.0,200.0,U
5668,-61.499518649521,15.384064320065784,200.0,200.0,U
5669,-61.50078161128986,15.382389907449467,200.0,200.0,U
5670,-61.499534013380085,15.382366661397095,200.0,200.0,U
5671,-61.50134587635918,15.381717919710864,200.0,200.0,U
5672,-61.50217612086982,15.383483679543794,200.0,200.0,U
5673,-61.502347852587185,15.38400890569599,200.0,200.0,U
5674,-61.50126670945081,15.380868622966876,200.0,200.0,U
5675,-61.50090318187083,15.382039737035528,200.0,200.0,U
5676,-61.50283675792786,15.386006562801326,200.0,200.0,U
5677,-61.49974707742832,15.381129962236276,200.0,200.0,U
5678,-61.50129121491035,15.383270099209131,200.0,200.0,U
5679,-61.50200791430543,15.382689460352791,200.0,200.0,U
5680,-61.50004158565035,15.382666667878354,200.0,200.0,U
5681,-61.502089419722665,15.383080474675914,200.0,200.0,U
5682,-61.4996107452358,15.382301621871509,200.0,200.0,U
5683,-61.50264644621937,15.380798343975718,200.0,200.0,U
5684,-61.500853178391466,15.382411206253575,200.0,200.0,U
5685,-61.50085730019585,15.383439869115568,200.0,200.0,U
5686,-61.50080744968033,15.380648336285624,200.0,200.0,U
5687,-61.50069027156992,15.381542237220387,200.0,200.0,U
5688,-61.49894301147675,15.379934850241492,200.0,200.0,U
5689,-61.499570938778355,15.382350275762532,200.0,200.0,U
5690,-61.49943827819656,15.382356381839635,200.0,200.0,U
5691,-61.50046119507391,15.382097249807893,200.0,200.0,U
5692,-61.49896003865768,15.37983249654824,200.0,200.0,U
5693,-61.49922898012991,15.381478719447765,200.0,200.0,U
5694,-61.5011604460309,15.381717601380121,200.0,200.0,U
5695,-61.50394689837167,15.383342178114038,200.0,200.0,U
5696,-61.49576931940048,15.379839699479714,200.0,200.0,U
5697,-61.50079821711529,15.382322456807566,200.0,200.0,U
5698,-61.50162066117338,15.381856929170482,200.0,200.0,U
5699,-61.50062187552281,15.381541214624406,200.0,200.0,U
5700,-61.49905113306333,15.382782853366123,200.0,200.0,U
5701,-61.50244107617775,15.38280276392973,200.0,200.0,U
5702,-61.50172916919908,15.382186989116276,200.0,200.0,U
5703,-61.50002807933253,15.380949181394318,200.0,200.0,U
5704,-61.50080325953028,15.38202113729022,200.0,200.0,U
5705,-61.50023122008414,15.382512327281287,200.0,200.0,U
5706,-61.500554492003744,15.38184460570501,200.0,200.0,U
5707,-61.50165134966007,15.381913974611285,200.0,200.0,U
5708,-61.49885831208206,15.381512849246192,200.0,200.0,U
5709,-61.50194495580335,15.382289873140097,200.0,200.0,U
5710,-61.50068579591504,15.381777745646483,200.0,200.0,U
5711,-61.50052205127567,15.381810076213746,200.0,200.0,U
5712,-61.49986762303833,15.38169706453214,200.0,200.0,U
5713,-61.50027477392229,15.379417184505813,200.0,200.0,U
5714,-61.50041696109859,15.381912655777938,200.0,200.0,U
5715,-61.50097642559876,15.382527485500583,200.0,200.0,U
5716,-61.50304921573135,15.380499767532736,200.0,200.0,U
5717,-61.49962889241187,15.378288328920227,200.0,200.0,U
5718,-61.49966451414491,15.378721146804684,200.0,200.0,U
5719,-61.502478810288885,15.382684481048015,200.0,200.0,U
5720,-61.501488846545634,15.381778225125712,200.0,200.0,U
5721,-61.50219179980143,15.381762607935158,200.0,200.0,U
5722,-61.50042208668153,15.381673618764987,200.0,200.0,U
5723,-61.49839157751036,15.382656583029318,200.0,200.0,U
5724,-61.50030680166027,15.38164190693859,200.0,200.0,U
5725,-61.49883652411733,15.380559285498205,200.0,200.0,U
5726,-61.501020553443546,15.384237105407127,200.0,200.0,U
5727,-61.49854049635197,15.380374717699626,200.0,200.0,U
5728,-61.50254294643906,15.380569312349921,200.0,200.0,U
5729,-61.500648536611656,15.382950940127442,200.0,200.0,U
5730,-61.50030434086793,15.38179986619345,200.0,200.0,U
5731,-61.49953922814792,15.381213092658156,200.0,200.0,U
5732,-61.50162260306406,15.37921671839893,200.0,200.0,U
5733,-61.49927454038824,15.381567842083083,200.0,200.0,U
5734,-61.501142655458374,15.381511342502623,200.0,200.0,U
5735,-61.499435634640086,15.38127632388502,200.0,200.0,U
5736,-61.50332313240617,15.380928599078233,200.0,200.0,U
5737,-61.50061931891845,15.381400059744486,200.0,200.0,U
5738,-61.50326765548219,15.380001826675265,200.0,200.0,U
5739,-61.49861844759955,15.380266193173098,200.0,200.0,U
5740,-61.50426502022476,15.380303082407579,200.0,200.0,U
5741,-61.500809096461644,15.381966712525376,200.0,200.0,U
5742,-61.50225855290762,15.385133580815872,200.0,200.0,U
5743,-61.50003601267709,15.381864631511712,200.0,200.0,U
5744,-61.49857239682035,15.38353148995273,200.0,200.0,U
5745,-61.50027324461812,15.380893338975994,200.0,200.0,U
5746,-61.50216205882201,15.38053730099912,200.0,200.0,U
5747,-61.49788375318628,15.38491376661087,200.0,200.0,U
5748,-61.50150119549897,15.380629891431074,200.0,200.0,U
5749,-61.49905844290089,15.379264384710217,200.0,200.0,U
5750,-61.49999202859248,15.382586475898055,200.0,200.0,U
5751,-61.49799867202363,15.38024934983994,200.0,200.0,U
5752,-61.4996085178429,15.382059325148111,200.0,200.0,U
5753,-61.49951346319872,15.380513956195774,200.0,200.0,U
5754,-61.49862210591209,15.381605844063227,200.0,200.0,U
5755,-61.500028549695934,15.381469637667479,200.0,200.0,U
5756,-61.50053831552783,15.381074321295046,200.0,200.0,U
5757,-61.498948561163544,15.381839598565705,200.0,200.0,U
5758,-61.499687590599024,15.382565465506929,200.0,200.0,U
5759,-61.50137931904991,15.378930170208706,200.0,200.0,U
5760,-61.49763097448503,15.379636591812956,200.0,200.0,U
5761,-61.500037882840246,15.381348383997985,200.0,200.0,U
5762,-61.49704149398361,15.3805266463685,200.0,200.0,U
5763,-61.50019000962868,15.382973778943906,200.0,200.0,U
5764,-61.49906686014442,15.380655691418319,200.0,200.0,U
5765,-61.499689511179334,15.381325295339483,200.0,200.0,U
5766,-61.49947026380066,15.381361477742644,200.0,200.0,U
5767,-61.50095058896997,15.379865530933056,200.0,200.0,U
5768,-61.50164789663381,15.381137850740426,200.0,200.0,U
5769,-61.50038476527274,15.380424332679125,200.0,200.0,U
5770,-61.5017781963925,15.382622465551572,200.0,200.0,U
5771,-61.501122507715834,15.382563699166061,200.0,200.0,U
5772,-61.50000203870918,15.38101952533874,200.0,200.0,U
5773,-61.501570034316316,15.381876045374739,200.0,200.0,U
5774,-61.49955637405413,15.381204947610636,200.0,200.0,U
5775,-61.49838354566137,15.380124922137584,200.0,200.0,U
5776,-61.501337225765326,15.381910464730526,200.0,200.0,U
5777,-61.49791395789978,15.380485768003785,200.0,200.0,U
5778,-61.50006225967626,15.381779405997369,200.0,200.0,U
5779,-61.50149533081741,15.38331322447405,200.0,200.0,U
5780,-61.499984121997535,15.381087322114498,200.0,200.0,U
5781,-61.49854186733279,15.37963362588925,200.0,200.0,U
5782,-61.497214661034754,15.380147456110418,200.0,200.0,U
5783,-61.498838638488365,15.38020467190865,200.0,200.0,U
5784,-61.4993020066063,15.38149900784678,200.0,200.0,U
5785,-61.502867775231344,15.381512671561484,200.0,200.0,U
5786,-61.50078520441694,15.380767125432802,200.0,200.0,U
5787,-61.500785915984416,15.381273767539048,200.0,200.0,U
5788,-61.49950062154111,15.38125312014774,200.0,200.0,U
5789,-61.500035330769606,15.382773291157477,200.0,200.0,U
5790,-61.499652976691024,15.384693762690542,200.0,200.0,U
5791,-61.49998454855185,15.383748014458044,200.0,200.0,U
5792,-61.49976102434774,15.378894525032639,200.0,200.0,U
5793,-61.500123793541945,15.378404983737088,200.0,200.0,U
5794,-61.49990506113056,15.380818880404457,200.0,200.0,U
5795,-61.49962739978397,15.381318877417481,200.0,200.0,U
5796,-61.49960330224223,15.380732234447793,200.0,200.0,U
5797,-61.49989957099157,15.381124321403055,200.0,200.0,U
5798,-61.49975249082107,15.378250812608279,200.0,200.0,U
5799,-61.50053946959334,15.384386525214936,200.0,200.0,U
5800,-61.49978782247618,15.380440734668268,200.0,200.0,U
5801,-61.49949337614415,15.379265325794119,200.0,200.0,U
5802,-61.49939648337244,15.379881176363075,200.0,200.0,U
5803,-61.49807347402206,15.378521111579357,200.0,200.0,U
5804,-61.49809714994188,15.37984286301412,200.0,200.0,U
5805,-61.49800664156813,15.380943324301484,200.0,200.0,U
5806,-61.4981406892886,15.3792952823242,200.0,200.0,U
5807,-61.50033363401222,15.381971488747253,200.0,200.0,U
5808,-61.49990391743701,15.38004472479424,200.0,200.0,U
5809,-61.50052334882398,15.375934616362647,200.0,200.0,U
5810,-61.499887267088766,15.380047063317743,200.0,200.0,U
5811,-61.499792723192876,15.380193691198325,200.0,200.0,U
5812,-61.49963979225208,15.380409491740497,200.0,200.0,U
5813,-61.499277370461265,15.380683065180282,200.0,200.0,U
5814,-61.499274413729644,15.381041710965846,200.0,200.0,U
5815,-61.49987013184746,15.380680736237077,200.0,200.0,U
5816,-61.500067604059026,15.380789148952557,200.0,200.0,U
5817,-61.50087862666585,15.380175780858826,200.0,200.0,U
5818,-61.502526460861226,15.382912068185842,200.0,200.0,U
5819,-61.500936058732904,15.379957753107862,200.0,200.0,U
5820,-61.49956670362329,15.379252222727716,200.0,200.0,U
5821,-61.50066112454363,15.380358952278645,200.0,200.0,U
5822,-61.49959405701003,15.380660772788596,200.0,200.0,U
5823,-61.500849171579745,15.37986419366976,200.0,200.0,U
5824,-61.499691151734346,15.380563252209285,200.0,200.0,U
5825,-61.49706171955925,15.381555602068627,200.0,200.0,U
5826,-61.498970661308604,15.380730667509711,200.0,200.0,U
5827,-61.49950913111383,15.38159572716537,200.0,200.0,U
5828,-61.50041257675301,15.376827086868548,200.0,200.0,U
5829,-61.49980851082903,15.380485883561153,200.0,200.0,U
5830,-61.49937197313803,15.378877637151211,200.0,200.0,U
5831,-61.501424381833445,15.380209113283035,200.0,200.0,U
5832,-61.49927737863918,15.381836003204423,200.0,200.0,U
5833,-61.49826592328058,15.379599243533411,200.0,200.0,U
5834,-61.49958878613868,15.38045897558457,200.0,200.0,U
5835,-61.49943257135758,15.380564240148065,200.0,200.0,U
5836,-61.50051982272157,15.382574629246278,200.0,200.0,U
5837,-61.4996218073358,15.380483893539042,200.0,200.0,U
5838,-61.498264711502465,15.379883390808843,200.0,200.0,U
5839,-61.49977898214396,15.380077148609685,200.0,200.0,U
5840,-61.49699571377418,15.380192707300017,200.0,200.0,U
5841,-61.4999282058842,15.38094380205914,200.0,200.0,U
5842,-61.501478437713494,15.381112376556468,200.0,200.0,U
5843,-61.500026992958205,15.381273277855206,200.0,200.0,U
5844,-61.49988448135888,15.381321064676301,200.0,200.0,U
5845,-61.499508685552044,15.381329242814722,200.0,200.0,U
5846,-61.49989124469962,15.380678603846127,200.0,200.0,U
5847,-61.501704739930645,15.378815880472727,200.0,200.0,U
5848,-61.49953672087529,15.37955221544117,200.0,200.0,U
5849,-61.49959895697007,15.380606785384648,200.0,200.0,U
5850,-61.49710506744537,15.379300217779178,200.0,200.0,U
5851,-61.50022740620606,15.381635323602705,200.0,200.0,U
5852,-61.49945359412043,15.380351238850682,200.0,200.0,U
5853,-61.49965355950554,15.379912846193267,200.0,200.0,U
5854,-61.501736235124646,15.37902379179281,200.0,200.0,U
5855,-61.50045991025599,15.381569965252325,200.0,200.0,U
5856,-61.49896700383544,15.380845635569319,200.0,200.0,U
5857,-61.498935297931205,15.38094805489783,200.0,200.0,U
5858,-61.49931899365282,15.380310719567573,200.0,200.0,U
5859,-61.49848196767702,15.381866301498938,200.0,200.0,U
5860,-61.49894840201598,15.38114193234876,200.0,200.0,U
5861,-61.50137303957607,15.380500230212743,200.0,200.0,U
5862,-61.49971834847824,15.380153172256174,200.0,200.0,U
5863,-61.499726853816554,15.378625262252925,200.0,200.0,U
5864,-61.49931166463153,15.380463850593193,200.0,200.0,U
5865,-61.50183963716615,15.381158037958981,200.0,200.0,U
5866,-61.499459818883075,15.37965216436189,200.0,200.0,U
5867,-61.500624744320206,15.381093889568543,200.0,200.0,U
5868,-61.49972914802878,15.381065971146512,200.0,200.0,U
5869,-61.501628835844876,15.380663405415573,200.0,200.0,U
5870,-61.49883031660212,15.37794064985595,200.0,200.0,U
5871,-61.50093999826945,15.38304570851354,200.0,200.0,U
5872,-61.500190785369774,15.379691109577523,200.0,200.0,U
5873,-61.50050695807782,15.378669706267702,200.0,200.0,U
5874,-61.500707396469636,15.379794711494386,200.0,200.0,U
5875,-61.49928359198428,15.379998303285385,200.0,200.0,U
5876,-61.500638941270275,15.380650126093148,200.0,200.0,U
5877,-61.50100602429717,15.380242217674358,200.0,200.0,U
5878,-61.499267916403284,15.378604249103564,200.0,200.0,U
5879,-61.49911874661222,15.38025845100843,200.0,200.0,U
5880,-61.49961076301018,15.377296860629468,200.0,200.0,U
5881,-61.498257246411626,15.380535098309565,200.0,200.0,U
5882,-61.49945381191129,15.38191925631844,200.0,200.0,U
5883,-61.50050113608531,15.378493801691045,200.0,200.0,U
5884,-61.49917248876918,15.382214837852958,200.0,200.0,U
5885,-61.49630172898204,15.380284065769168,200.0,200.0,U
5886,-61.49779339600341,15.379512051154936,200.0,200.0,U
5887,-61.499907963885335,15.379778265570964,200.0,200.0,U
5888,-61.498294567699986,15.378167451847299,200.0,200.0,U
5889,-61.501711655527295,15.378817696700654,200.0,200.0,U
5890,-61.498125752750276,15.378991353222316,200.0,200.0,U
5891,-61.49909370493656,15.380153702839726,200.0,200.0,U
5892,-61.49871490291988,15.378074517831225,200.0,200.0,U
5893,-61.49918856339003,15.37961488970312,200.0,200.0,U
5894,-61.498248139392,15.38024512198833,200.0,200.0,U
5895,-61.49930852890125,15.379752710378352,200.0,200.0,U
5896,-61.500043090644624,15.381208356890088,200.0,200.0,U
5897,-61.50031145215503,15.38081306621273,200.0,200.0,U
5898,-61.49958978822517,15.384395813768798,200.0,200.0,U
5899,-61.49915611448834,15.379021873418832,200.0,200.0,U
5900,-61.498930518089935,15.379698137425555,200.0,200.0,U
5901,-61.49955565834225,15.376882896718783,200.0,200.0,U
5902,-61.499059103202015,15.379992605035843,200.0,200.0,U
5903,-61.49916671755835,15.37961769456806,200.0,200.0,U
5904,-61.502214333129,15.379795844866008,200.0,200.0,U
5905,-61.50011760080357,15.384945595238225,200.0,200.0,U
5906,-61.49891317243102,15.379700467922468,200.0,200.0,U
5907,-61.50146282515032,15.378694595120391,200.0,200.0,U
5908,-61.49802469648994,15.379656310750171,200.0,200.0,U
5909,-61.4989670859464,15.379155319378574,200.0,200.0,U
5910,-61.49855002239544,15.38033866249466,200.0,200.0,U
5911,-61.49955528483968,15.379633114112172,200.0,200.0,U
5912,-61.498561807515856,15.379125500792076,200.0,200.0,U
5913,-61.498495920277435,15.379645391244706,200.0,200.0,U
5914,-61.49881286456187,15.379442591773545,200.0,200.0,U
5915,-61.49798966312204,15.378329610753513,200.0,200.0,U
5916,-61.4970097378018,15.379090833709034,200.0,200.0,U
5917,-61.49714022519217,15.381124695865527,200.0,200.0,U
5918,-61.49881470974484,15.380101824145838,200.0,200.0,U
5919,-61.500961873042264,15.375937228147864,200.0,200.0,U
5920,-61.50014511576642,15.378001275968884,200.0,200.0,U
5921,-61.50078393423488,15.377343853045046,200.0,200.0,U
5922,-61.49834832276736,15.37909980103013,200.0,200.0,U
5923,-61.500466577841415,15.37876662604187,200.0,200.0,U
5924,-61.497795341784325,15.38077565882242,200.0,200.0,U
5925,-61.49884044150176,15.378823473766396,200.0,200.0,U
5926,-61.500712644548976,15.374647614684097,200.0,200.0,U
5927,-61.49930668814792,15.379550560914545,200.0,200.0,U
5928,-61.50020724458066,15.379835471275385,200.0,200.0,U
5929,-61.49943727228506,15.37819586898597,200.0,200.0,U
5930,-61.49904611545575,15.380002003682465,200.0,200.0,U
5931,-61.50053851002667,15.379030456989245,200.0,200.0,U
5932,-61.49928548953414,15.379134537827305,200.0,200.0,U
5933,-61.49811286878149,15.382223608325193,200.0,200.0,U
5934,-61.499556905501954,15.379854205735505,200.0,200.0,U
5935,-61.49866532291763,15.379895783369475,200.0,200.0,U
5936,-61.49961077330822,15.380548089625707,200.0,200.0,U
5937,-61.49808142227345,15.379979395159618,200.0,200.0,U
5938,-61.50049135028723,15.379848900654991,200.0,200.0,U
5939,-61.4999980148705,15.379160188370895,200.0,200.0,U
5940,-61.49695545135373,15.377464889266376,200.0,200.0,U
5941,-61.498512844265676,15.378919518042911,200.0,200.0,U
5942,-61.50233519108494,15.379712933897281,200.0,200.0,U
5943,-61.49875901700822,15.37887066541138,200.0,200.0,U
5944,-61.499584461371306,15.380980733443971,200.0,200.0,U
5945,-61.49875008861672,15.378953742539062,200.0,200.0,U
5946,-61.49595702545248,15.380602523115922,200.0,200.0,U
5947,-61.498678669337295,15.3784651085989,200.0,200.0,U
5948,-61.49924666828257,15.379318899723426,200.0,200.0,U
5949,-61.49861958540379,15.378477787453344,200.0,200.0,U
5950,-61.49840626399166,15.38113717979845,200.0,200.0,U
5951,-61.49879558701276,15.379098458965121,200.0,200.0,U
5952,-61.498644769916034,15.379020484335344,200.0,200.0,U
5953,-61.49981695968621,15.378236132764352,200.0,200.0,U
5954,-61.49861155607558,15.37919639710194,200.0,200.0,U
5955,-61.50025145305034,15.377492925011246,200.0,200.0,U
5956,-61.49882772104791,15.378654784175804,200.0,200.0,U
5957,-61.49640340655929,15.378373032853103,200.0,200.0,U
5958,-61.498536724712714,15.378687059750641,200.0,200.0,U
5959,-61.498225114002594,15.376948758096713,200.0,200.0,U
5960,-61.498781882755914,15.379116035226561,200.0,200.0,U
5961,-61.49935174470869,15.3754062038627,200.0,200.0,U
5962,-61.49862305074461,15.379091253975272,200.0,200.0,U
5963,-61.49872946402407,15.378015552174952,200.0,200.0,U
5964,-61.49552574596933,15.377583942338031,200.0,200.0,U
5965,-61.498674538530835,15.378950039769286,200.0,200.0,U
5966,-61.49799742864028,15.379525082192723,200.0,200.0,U
5967,-61.49822905598,15.379607531905322,200.0,200.0,U
5968,-61.496211132102744,15.381577523339354,200.0,200.0,U
5969,-61.498295736699475,15.378798467524382,200.0,200.0,U
5970,-61.496348855297775,15.379698776847732,200.0,200.0,U
5971,-61.500591516320654,15.37872810202472,200.0,200.0,U
5972,-61.49834660958034,15.378991738311477,200.0,200.0,U
5973,-61.498562785723635,15.378850630285253,200.0,200.0,U
5974,-61.49863891205771,15.377799460939134,200.0,200.0,U
5975,-61.49719471994373,15.380222190444577,200.0,200.0,U
5976,-61.49847456919016,15.378459680908726,200.0,200.0,U
5977,-61.499288009604506,15.37976466967797,200.0,200.0,U
5978,-61.49690884552295,15.378080544669627,200.0,200.0,U
5979,-61.49775248252903,15.378159408215588,200.0,200.0,U
5980,-61.49989508982757,15.377281387943325,200.0,200.0,U
5981,-61.49560755664471,15.379918772292175,200.0,200.0,U
5982,-61.49931076105575,15.376546282151942,200.0,200.0,U
5983,-61.50041033717905,15.377810633939045,200.0,200.0,U
5984,-61.496122559942876,15.378593487342288,200.0,200.0,U
5985,-61.50194193641699,15.375233426745396,200.0,200.0,U
5986,-61.49890997761452,15.377351076195495,200.0,200.0,U
5987,-61.498385293778426,15.378737384541374,200.0,200.0,U
5988,-61.49973890566539,15.379468923131094,200.0,200.0,U
5989,-61.4971415960083,15.381701007694048,200.0,200.0,U
5990,-61.49873620084742,15.37570124403417,200.0,200.0,U
5991,-61.49579750738066,15.379038594858036,200.0,200.0,U
5992,-61.4973009457694,15.379020581973373,200.0,200.0,U
5993,-61.50153857090242,15.37777650880103,200.0,200.0,U
5994,-61.49797162772066,15.376415508804236,200.0,200.0,U
5995,-61.49701782694584,15.380902681303999,200.0,200.0,U
5996,-61.49863188717568,15.378730750501527,200.0,200.0,U
5997,-61.496972318448954,15.377533717486179,200.0,200.0,U
5998,-61.49825902606365,15.37765098489032,200.0,200.0,U
5999,-61.49705323375257,15.37701963208349,200.0,200.0,U
6000,-61.499960113736776,15.379669572422653,200.0,200.0,U
6001,-61.49722292145989,15.378616525073042,200.0,200.0,U
6002,-61.50057645127894,15.379035312760994,200.0,200.0,U
6003,-61.497061455027286,15.377847718803158,200.0,200.0,U
6004,-61.49863257952635,15.378382266184838,200.0,200.0,U
6005,-61.50069525243597,15.379279638827082,200.0,200.0,U
6006,-61.49831671466987,15.378586810873795,200.0,200.0,U
6007,-61.49829689686823,15.378477716421855,200.0,200.0,U
6008,-61.4979361295095,15.377852147488026,200.0,200.0,U
6009,-61.498232457115456,15.377466547626398,200.0,200.0,U
6010,-61.498093738070764,15.377302299863237,200.0,200.0,U
6011,-61.49641119295044,15.378555237047424,200.0,200.0,U
6012,-61.49845888874051,15.378052754493547,200.0,200.0,U
6013,-61.49831406090276,15.379716776170142,200.0,200.0,U
6014,-61.502264112050895,15.378452598686277,200.0,200.0,U
6015,-61.49793926681015,15.378232306038392,200.0,200.0,U
6016,-61.500806148468556,15.380791596966777,200.0,200.0,U
6017,-61.4995961960386,15.377293222883269,200.0,200.0,U
6018,-61.50048726893139,15.379070583984793,200.0,200.0,U
6019,-61.498224699587965,15.377217402575623,200.0,200.0,U
6020,-61.49929510521517,15.379177504590599,200.0,200.0,U
6021,-61.49864341611916,15.378724170511143,200.0,200.0,U
6022,-61.49788611508828,15.378187777527142,200.0,200.0,U
6023,-61.497471035043496,15.379501868358279,200.0,200.0,U
6024,-61.49812708232383,15.378058609913706,200.0,200.0,U
6025,-61.499933511072626,15.378676061690738,200.0,200.0,U
6026,-61.49880394340016,15.374259497566852,200.0,200.0,U
6027,-61.49755575327105,15.379037730964281,200.0,200.0,U
6028,-61.498669570555066,15.378684283788315,200.0,200.0,U
6029,-61.49518381877441,15.377213097427818,200.0,200.0,U
6030,-61.497027515406955,15.379605874339397,200.0,200.0,U
6031,-61.497959020116575,15.377033826285357,200.0,200.0,U
6032,-61.49607500799483,15.378329899325497,200.0,200.0,U
6033,-61.500808135570146,15.374787549726262,200.0,200.0,U
6034,-61.49811439692338,15.378138814640993,200.0,200.0,U
6035,-61.49734636726637,15.379231406783402,200.0,200.0,U
6036,-61.49895382122912,15.37788004523998,200.0,200.0,U
6037,-61.498397226035834,15.377758597572607,200.0,200.0,U
6038,-61.4987305687096,15.377272779001359,200.0,200.0,U
6039,-61.49807641769382,15.37801360003262,200.0,200.0,U
6040,-61.50077720157032,15.378261432544793,200.0,200.0,U
6041,-61.498485025091384,15.378009257938345,200.0,200.0,U
6042,-61.497659026935416,15.37828633958924,200.0,200.0,U
6043,-61.49622131338641,15.377965173673136,200.0,200.0,U
6044,-61.50008675304247,15.378914070700798,200.0,200.0,U
6045,-61.4962534120482,15.376896754426605,200.0,200.0,U
6046,-61.49718061220265,15.37869667490253,200.0,200.0,U
6047,-61.50018588328116,15.376206889467658,200.0,200.0,U
6048,-61.497545116061765,15.37790137585084,200.0,200.0,U
6049,-61.50169943691543,15.380842318266618,200.0,200.0,U
6050,-61.49985399475862,15.377258379432984,200.0,200.0,U
6051,-61.4982285055052,15.378515999102557,200.0,200.0,U
6052,-61.49611324661891,15.377552519201341,200.0,200.0,U
6053,-61.49835806196998,15.377593148333084,200.0,200.0,U
6054,-61.498021751375916,15.377900695922248,200.0,200.0,U
6055,-61.496836407285066,15.376922959619566,200.0,200.0,U
6056,-61.499323834533755,15.378747098819865,200.0,200.0,U
6057,-61.496475567637646,15.378200979142113,200.0,200.0,U
6058,-61.49677282021945,15.378543428273593,200.0,200.0,U
6059,-61.49796958361177,15.377788686334377,200.0,200.0,U
6060,-61.49837342994654,15.37994300705318,200.0,200.0,U
6061,-61.49626181050518,15.376475808151989,200.0,200.0,U
6062,-61.49694430164039,15.375600370148222,200.0,200.0,U
6063,-61.49762485580514,15.37768823989181,200.0,200.0,U
6064,-61.49805552603973,15.377924458159837,200.0,200.0,U
6065,-61.49833561378043,15.376796551783848,200.0,200.0,U
6066,-61.49791539272962,15.377435713806998,200.0,200.0,U
6067,-61.49642958077285,15.375134671898506,200.0,200.0,U
6068,-61.497415534598545,15.3766906083474,200.0,200.0,U
6069,-61.49516855921945,15.376993330625663,200.0,200.0,U
6070,-61.497126127062245,15.378585457785855,200.0,200.0,U
6071,-61.49577243266735,15.378580306159401,200.0,200.0,U
6072,-61.49849335344282,15.377146415197085,200.0,200.0,U
6073,-61.495616953053656,15.378582047954923,200.0,200.0,U
6074,-61.497187353668124,15.377282771106442,200.0,200.0,U
6075,-61.49739064160304,15.37740810756077,200.0,200.0,U
6076,-61.49752036312611,15.376968549114308,200.0,200.0,U
6077,-61.49520805935355,15.379146806584378,200.0,200.0,U
6078,-61.497100329863024,15.377564281524466,200.0,200.0,U
6079,-61.49731449833989,15.37560495680196,200.0,200.0,U
6080,-61.49773834144873,15.377619926056838,200.0,200.0,U
6081,-61.49717835540441,15.378716186273762,200.0,200.0,U
6082,-61.49779159832842,15.377298047475275,200.0,200.0,U
6083,-61.49569323883508,15.379455811011438,200.0,200.0,U
6084,-61.497561056641466,15.378508666606706,200.0,200.0,U
6085,-61.49418600055317,15.375872852562935,200.0,200.0,U
6086,-61.49787560394217,15.378206352313862,200.0,200.0,U
6087,-61.4982190514119,15.37583256806777,200.0,200.0,U
6088,-61.49827025280357,15.376368437441382,200.0,200.0,U
6089,-61.49533407998496,15.374540326030358,200.0,200.0,U
6090,-61.5000725607132,15.380882814518527,200.0,200.0,U
6091,-61.497032902250346,15.378394930366053,200.0,200.0,U
6092,-61.49675866756103,15.375959163776715,200.0,200.0,U
6093,-61.49763865369231,15.377514478558078,200.0,200.0,U
6094,-61.49765479569165,15.377583440161303,200.0,200.0,U
6095,-61.49563465234753,15.37503362430246,200.0,200.0,U
6096,-61.49835575254132,15.377880052116371,200.0,200.0,U
6097,-61.49855500650665,15.38007217343815,200.0,200.0,U
6098,-61.49583551227823,15.377753591504575,200.0,200.0,U
6099,-61.497979382516874,15.37751032137876,200.0,200.0,U
6100,-61.4943679536949,15.380806191605146,200.0,200.0,U
6101,-61.49753528567502,15.377464226475965,200.0,200.0,U
6102,-61.49632831160729,15.376347526365604,200.0,200.0,U
6103,-61.497515717569016,15.376991844119267,200.0,200.0,U
6104,-61.49789020441405,15.378193665522415,200.0,200.0,U
6105,-61.49837846856048,15.375848458156629,200.0,200.0,U
6106,-61.497811050254164,15.377835656389157,200.0,200.0,U
6107,-61.498109988417774,15.377796350534151,200.0,200.0,U
6108,-61.499616696530474,15.378253191679097,200.0,200.0,U
6109,-61.497749240288854,15.37731663135218,200.0,200.0,U
6110,-61.498214296610634,15.376150621104497,200.0,200.0,U
6111,-61.49647586658115,15.376511996751923,200.0,200.0,U
6112,-61.498893359857135,15.377203189651514,200.0,200.0,U
6113,-61.49720084416035,15.377172797385915,200.0,200.0,U
6114,-61.49754898431688,15.376143207891976,200.0,200.0,U
6115,-61.4964937747154,15.378420478733089,200.0,200.0,U
6116,-61.49726415218423,15.377329279259987,200.0,200.0,U
6117,-61.496483581547615,15.377493154839177,200.0,200.0,U
6118,-61.498546080500844,15.375952199189507,200.0,200.0,U
6119,-61.49740459380045,15.374271404199968,200.0,200.0,U
6120,-61.49864559767263,15.377892462537458,200.0,200.0,U
6121,-61.496774124018295,15.376664325959576,200.0,200.0,U
6122,-61.49747856679659,15.377233153199436,200.0,200.0,U
6123,-61.49780788983806,15.376933380926115,200.0,200.0,U
6124,-61.495982158965504,15.375322875847894,200.0,200.0,U
6125,-61.49906117173464,15.376648639886046,200.0,200.0,U
6126,-61.4945181220423,15.376195214609254,200.0,200.0,U
6127,-61.49827333131538,15.374612856876032,200.0,200.0,U
6128,-61.49664187510212,15.377189482177544,200.0,200.0,U
6129,-61.49738187653717,15.377068225775332,200.0,200.0,U
6130,-61.49522897088651,15.376507887565834,200.0,200.0,U
6131,-61.49710159530306,15.376875536068365,200.0,200.0,U
6132,-61.4975685994271,15.377329898569181,200.0,200.0,U
6133,-61.49670447328705,15.377740510893194,200.0,200.0,U
6134,-61.49793866642763,15.376702021310296,200.0,200.0,U
6135,-61.49632267761755,15.377455246482713,200.0,200.0,U
6136,-61.49875205655581,15.377976122853475,200.0,200.0,U
6137,-61.495507870327856,15.377505355440126,200.0,200.0,U
6138,-61.49985111269676,15.374377943319402,200.0,200.0,U
6139,-61.49734817219876,15.37844638463034,200.0,200.0,U
6140,-61.494452546546,15.3729060941,200.0,200.0,U
6141,-61.49718405625519,15.377201935728708,200.0,200.0,U
6142,-61.49673039365271,15.375398588263568,200.0,200.0,U
6143,-61.496850837357286,15.376780968177801,200.0,200.0,U
6144,-61.49817839822132,15.37535935902229,200.0,200.0,U
6145,-61.49715623403073,15.37504905078606,200.0,200.0,U
6146,-61.49717298366539,15.376785381130302,200.0,200.0,U
6147,-61.497474577759746,15.376650001485652,200.0,200.0,U
6148,-61.495310891407186,15.3748739190434,200.0,200.0,U
6149,-61.49787106714208,15.377016601021968,200.0,200.0,U
6150,-61.498595963139145,15.379850721199345,200.0,200.0,U
6151,-61.499143328925015,15.375300499343806,200.0,200.0,U
6152,-61.49825287072016,15.375901411545536,200.0,200.0,U
6153,-61.49453974101661,15.376872517403525,200.0,200.0,U
6154,-61.49700873387165,15.377030546107578,200.0,200.0,U
6155,-61.49752055942213,15.376256427391253,200.0,200.0,U
6156,-61.49922022530578,15.374810691940612,200.0,200.0,U
6157,-61.49616875691225,15.375076721521978,200.0,200.0,U
6158,-61.496744739153506,15.375951297645377,200.0,200.0,U
6159,-61.49742829046576,15.376613512437213,200.0,200.0,U
6160,-61.49788288134791,15.377323877254108,200.0,200.0,U
6161,-61.4981939021174,15.37743858485092,200.0,200.0,U
6162,-61.49698101310025,15.375559597037887,200.0,200.0,U
6163,-61.49793326731565,15.374591615607825,200.0,200.0,U
6164,-61.498038610884656,15.376162195806602,200.0,200.0,U
6165,-61.49621766736275,15.377668263412003,200.0,200.0,U
6166,-61.4950012588431,15.376180795519243,200.0,200.0,U
6167,-61.498377013368156,15.37232811786268,200.0,200.0,U
6168,-61.49656875555755,15.377064071867153,200.0,200.0,U
6169,-61.496956994970496,15.376748885677314,200.0,200.0,U
6170,-61.4960406973647,15.37556716209981,200.0,200.0,U
6171,-61.50063184300097,15.376501224059345,200.0,200.0,U
6172,-61.49608387602715,15.377880569680531,200.0,200.0,U
6173,-61.49688826836786,15.375988120168705,200.0,200.0,U
6174,-61.496829559428576,15.376209025578037,200.0,200.0,U
6175,-61.49772750449297,15.375494515538639,200.0,200.0,U
6176,-61.49733703759098,15.375646712130202,200.0,200.0,U
6177,-61.49583700537364,15.379349071546498,200.0,200.0,U
6178,-61.4972739112354,15.377862658643577,200.0,200.0,U
6179,-61.49880814098041,15.374779932151867,200.0,200.0,U
6180,-61.4971468419225,15.376254147936184,200.0,200.0,U
6181,-61.496389115631615,15.373694738455164,200.0,200.0,U
6182,-61.49719915940527,15.37612569414508,200.0,200.0,U
6183,-61.49401814999547,15.377262130457547,200.0,200.0,U
6184,-61.49738710813221,15.37715144726953,200.0,200.0,U
6185,-61.498267657359236,15.37639621600965,200.0,200.0,U
6186,-61.49790694995171,15.37795105064174,200.0,200.0,U
6187,-61.49693083988566,15.376274302864127,200.0,200.0,U
6188,-61.49494901943561,15.379182645219617,200.0,200.0,U
6189,-61.49931812125413,15.374153185243893,200.0,200.0,U
6190,-61.497187211940535,15.376687265801014,200.0,200.0,U
6191,-61.49636417150263,15.375429994857909,200.0,200.0,U
6192,-61.497115265554406,15.372956774452849,200.0,200.0,U
6193,-61.49541597333549,15.377094552168769,200.0,200.0,U
6194,-61.496359912988275,15.376879358350752,200.0,200.0,U
6195,-61.49856969187014,15.377908161153215,200.0,200.0,U
6196,-61.49717022591923,15.374957765278019,200.0,200.0,U
6197,-61.4955959061758,15.376789559873112,200.0,200.0,U
6198,-61.497618504183926,15.37908257923293,200.0,200.0,U
6199,-61.4983584478347,15.373420169779672,200.0,200.0,U
6200,-61.49693074052169,15.374897440317454,200.0,200.0,U
6201,-61.49760440020188,15.374968293608827,200.0,200.0,U
6202,-61.4978040036164,15.375517431241228,200.0,200.0,U
6203,-61.497031866596764,15.377821858563149,200.0,200.0,U
6204,-61.49668477780703,15.374547926822226,200.0,200.0,U
6205,-61.499578358928154,15.37643428577196,200.0,200.0,U
6206,-61.49835284404894,15.373780792498646,200.0,200.0,U
6207,-61.49615534699034,15.375902903853989,200.0,200.0,U
6208,-61.49680547905737,15.376587610445805,200.0,200.0,U
6209,-61.4951351549549,15.374706759468479,200.0,200.0,U
6210,-61.49789339970521,15.373972720683021,200.0,200.0,U
6211,-61.49403083521808,15.379705349500224,200.0,200.0,U
6212,-61.497597887689906,15.374811779229823,200.0,200.0,U
6213,-61.49734470537282,15.375699172478104,200.0,200.0,U
6214,-61.49751717326196,15.377131190895376,200.0,200.0,U
6215,-61.49573547729069,15.374148978523683,200.0,200.0,U
6216,-61.49949851752332,15.377561868884506,200.0,200.0,U
6217,-61.49432346018772,15.373103410515064,200.0,200.0,U
6218,-61.49727764815064,15.375709187451825,200.0,200.0,U
6219,-61.49577879949272,15.37539800298562,200.0,200.0,U
6220,-61.497130563567694,15.375732651773944,200.0,200.0,U
6221,-61.49614341442696,15.375034834439486,200.0,200.0,U
6222,-61.49687507977274,15.37849250810636,200.0,200.0,U
6223,-61.496912387780384,15.374039350039084,200.0,200.0,U
6224,-61.496905624247,15.375984908693153,200.0,200.0,U
6225,-61.49713381973576,15.376122740267856,200.0,200.0,U
6226,-61.49555890226994,15.376114067443533,200.0,200.0,U
6227,-61.49679554517782,15.376671818448783,200.0,200.0,U
6228,-61.49757285888922,15.371479756358612,200.0,200.0,U
6229,-61.49643977397761,15.375662151910166,200.0,200.0,U
6230,-61.494064969497714,15.376032871625124,200.0,200.0,U
6231,-61.496528597280026,15.374014570584558,200.0,200.0,U
6232,-61.49657396707594,15.376092554209693,200.0,200.0,U
6233,-61.49908163075412,15.377471916750805,200.0,200.0,U
6234,-61.496237444371175,15.375459960879795,200.0,200.0,U
6235,-61.49669152559428,15.375685479617111,200.0,200.0,U
6236,-61.493460253306026,15.377616910256247,200.0,200.0,U
6237,-61.49246498028989,15.373349932170617,200.0,200.0,U
6238,-61.49694564812535,15.377102027663156,200.0,200.0,U
6239,-61.500713470318466,15.372571113718358,200.0,200.0,U
6240,-61.496032516131166,15.37619911543932,200.0,200.0,U
6241,-61.49584747408088,15.376091205882844,200.0,200.0,U
6242,-61.49546110448909,15.374646313515637,200.0,200.0,U
6243,-61.49665176798775,15.377231498236439,200.0,200.0,U
6244,-61.496418505244826,15.377018046371667,200.0,200.0,U
6245,-61.49686141236594,15.378412530257057,200.0,200.0,U
6246,-61.49623648687648,15.375357237314553,200.0,200.0,U
6247,-61.49648650696745,15.37491948321423,200.0,200.0,U
6248,-61.49671011159049,15.377860100930882,200.0,200.0,U
6249,-61.49605110130398,15.37504643877749,200.0,200.0,U
6250,-61.497664715609055,15.377741267298996,200.0,200.0,U
6251,-61.49610718806637,15.372505903095181,200.0,200.0,U
6252,-61.49670115267379,15.374635875572947,200.0,200.0,U
6253,-61.49690441980856,15.376243305239708,200.0,200.0,U
6254,-61.49508545013331,15.376450995644667,200.0,200.0,U
6255,-61.496306984316384,15.376554956875955,200.0,200.0,U
6256,-61.49634592281049,15.37587644615266,200.0,200.0,U
6257,-61.49617545874349,15.375170876832359,200.0,200.0,U
6258,-61.49695595668908,15.375003775655767,200.0,200.0,U
6259,-61.49797875877751,15.373825824614237,200.0,200.0,U
6260,-61.49620593766866,15.37579368132364,200.0,200.0,U
6261,-61.49614201408384,15.375162329212353,200.0,200.0,U
6262,-61.49278139706769,15.375287106268843,200.0,200.0,U
6263,-61.49625589046577,15.376081250099215,200.0,200.0,U
6264,-61.49568116850977,15.374756521868331,200.0,200.0,U
6265,-61.494615405139136,15.37394564181064,200.0,200.0,U
6266,-61.49521428305781,15.375099989097903,200.0,200.0,U
6267,-61.49612446748898,15.376057759344382,200.0,200.0,U
6268,-61.49592822153534,15.37542920262809,200.0,200.0,U
6269,-61.500148318803646,15.372611644510668,200.0,200.0,U
6270,-61.49658939884958,15.37716671670374,200.0,200.0,U
6271,-61.49626358739721,15.37684362499341,200.0,200.0,U
6272,-61.494684939348176,15.375147715089597,200.0,200.0,U
6273,-61.4962295473698,15.37526200941653,200.0,200.0,U
6274,-61.4942389558413,15.375574682865567,200.0,200.0,U
6275,-61.49602527425557,15.375488912025467,200.0,200.0,U
6276,-61.49646421849951,15.375653321154537,200.0,200.0,U
6277,-61.496048955259134,15.377674278591329,200.0,200.0,U
6278,-61.49654880739286,15.375039268648575,200.0,200.0,U
6279,-61.496092620900406,15.375652195373942,200.0,200.0,U
6280,-61.49705923761946,15.375278851202534,200.0,200.0,U
6281,-61.49668734759311,15.374117696507723,200.0,200.0,U
6282,-61.500262727033785,15.375411831928163,200.0,200.0,U
6283,-61.49624572875199,15.37593819852942,200.0,200.0,U
6284,-61.49587723853321,15.375507311795223,200.0,200.0,U
6285,-61.498774824836104,15.377136110784575,200.0,200.0,U
6286,-61.496988481486994,15.377114977864064,200.0,200.0,U
6287,-61.496015468474,15.375868146823025,200.0,200.0,U
6288,-61.49708875530675,15.375955568646647,200.0,200.0,U
6289,-61.4956133894324,15.375819731538353,200.0,200.0,U
6290,-61.496052929455324,15.376126424835814,200.0,200.0,U
6291,-61.49444491863334,15.376655132391189,200.0,200.0,U
6292,-61.496192791325576,15.374979403159921,200.0,200.0,U
6293,-61.494638889405564,15.372853630052985,200.0,200.0,U
6294,-61.49565434967921,15.37692357773472,200.0,200.0,U
6295,-61.49428942788672,15.375674093684037,200.0,200.0,U
6296,-61.495736276233615,15.3751389151094,200.0,200.0,U
6297,-61.495738224995115,15.377090979535032,200.0,200.0,U
6298,-61.49490835467539,15.375488894784047,200.0,200.0,U
6299,-61.4947091941989,15.375178380858385,200.0,200.0,U
6300,-61.49820490974055,15.375803048476527,200.0,200.0,U
6301,-61.49930536619308,15.374476099217167,200.0,200.0,U
6302,-61.497194437359404,15.37610788502247,200.0,200.0,U
6303,-61.492534884531665,15.373534451396141,200.0,200.0,U
6304,-61.495412961447116,15.375549007684093,200.0,200.0,U
6305,-61.49417785921247,15.373416951837994,200.0,200.0,U
6306,-61.4961077621823,15.373714221706422,200.0,200.0,U
6307,-61.49548908174738,15.376441056357104,200.0,200.0,U
6308,-61.497073962986974,15.375664666096146,200.0,200.0,U
6309,-61.49595105059964,15.37492299856891,200.0,200.0,U
6310,-61.49605728395647,15.375547644981378,200.0,200.0,U
6311,-61.498314407673874,15.375819225633677,200.0,200.0,U
6312,-61.494822520909366,15.37454830417132,200.0,200.0,U
6313,-61.49821201303299,15.375450455991842,200.0,200.0,U
6314,-61.49658985728422,15.373167750831167,200.0,200.0,U
6315,-61.49622038039044,15.37415003883433,200.0,200.0,U
6316,-61.496252062639414,15.375010999656213,200.0,200.0,U
6317,-61.497714804993564,15.375800278702608,200.0,200.0,U
6318,-61.49642199278137,15.375482560737645,200.0,200.0,U
6319,-61.49576114219086,15.374807347424053,200.0,200.0,U
6320,-61.49721205989356,15.374693633496875,200.0,200.0,U
6321,-61.49587877587989,15.37466138750902,200.0,200.0,U
6322,-61.498560137961974,15.370103164541433,200.0,200.0,U
6323,-61.496163743186344,15.374562255433219,200.0,200.0,U
6324,-61.496095046720605,15.374771975025956,200.0,200.0,U
6325,-61.49689079391074,15.374925756863602,200.0,200.0,U
6326,-61.49302310315745,15.375477795220682,200.0,200.0,U
6327,-61.49554274178934,15.376403209381062,200.0,200.0,U
6328,-61.495896545536695,15.372280322910976,200.0,200.0,U
6329,-61.49398542050168,15.373964050526649,200.0,200.0,U
6330,-61.4924315918153,15.373493500323955,200.0,200.0,U
6331,-61.49461931474417,15.374471428544053,200.0,200.0,U
6332,-61.49565329937621,15.374641825185408,200.0,200.0,U
6333,-61.49574302016584,15.37501880098533,200.0,200.0,U
6334,-61.496048113350085,15.373866457551287,200.0,200.0,U
6335,-61.498840697856,15.373585862028083,200.0,200.0,U
6336,-61.49540218711578,15.374731254729536,200.0,200.0,U
6337,-61.49618177376079,15.37457315905923,200.0,200.0,U
6338,-61.493039829520654,15.372758407075718,200.0,200.0,U
6339,-61.49772637018171,15.37528635886125,200.0,200.0,U
6340,-61.49557876672333,15.375589909114883,200.0,200.0,U
6341,-61.4973630825537,15.372464723621668,200.0,200.0,U
6342,-61.49347549110229,15.37513314964087,200.0,200.0,U
6343,-61.496019001065875,15.374294966887016,200.0,200.0,U
6344,-61.496065146136786,15.375197282414879,200.0,200.0,U
6345,-61.49553249534259,15.374117942037085,200.0,200.0,U
6346,-61.497840389264496,15.370271088880187,200.0,200.0,U
6347,-61.49658748527394,15.373442594911184,200.0,200.0,U
6348,-61.49374599184561,15.371429256886849,200.0,200.0,U
6349,-61.495742073467675,15.374762805959568,200.0,200.0,U
6350,-61.494412878052856,15.375154950956182,200.0,200.0,U
6351,-61.49565205429452,15.37468812707835,200.0,200.0,U
6352,-61.49518445917984,15.375324760405627,200.0,200.0,U
6353,-61.49580741916761,15.374857128158997,200.0,200.0,U
6354,-61.49353782525093,15.371618310082727,200.0,200.0,U
6355,-61.49467332982976,15.377208392631879,200.0,200.0,U
6356,-61.49559268002794,15.373758296211859,200.0,200.0,U
6357,-61.49610018085032,15.37516317898927,200.0,200.0,U
6358,-61.4947006470913,15.374610314769177,200.0,200.0,U
6359,-61.49420658976206,15.377707518716047,200.0,200.0,U
6360,-61.49304284716549,15.374504236076426,200.0,200.0,U
6361,-61.4954538314761,15.373176648767114,200.0,200.0,U
6362,-61.495547742512585,15.372051887747705,200.0,200.0,U
6363,-61.496023535380125,15.373186394562923,200.0,200.0,U
6364,-61.49535901078535,15.37423461184505,200.0,200.0,U
6365,-61.49535768601109,15.374269074700548,200.0,200.0,U
6366,-61.49532192272626,15.374061957249701,200.0,200.0,U
6367,-61.497980127859755,15.373835882055813,200.0,200.0,U
6368,-61.49280248186094,15.375336706003527,200.0,200.0,U
6369,-61.491172632357014,15.375284507311983,200.0,200.0,U
6370,-61.49547725920304,15.37458134721232,200.0,200.0,U
6371,-61.49663962644367,15.3750694748721,200.0,200.0,U
6372,-61.49611667799471,15.372848777628725,200.0,200.0,U
6373,-61.4960112521825,15.37292121367193,200.0,200.0,U
6374,-61.492782445372114,15.375353134215654,200.0,200.0,U
6375,-61.494735234890484,15.373415175083844,200.0,200.0,U
6376,-61.49500798860477,15.37398267148358,200.0,200.0,U
6377,-61.49490131071337,15.373838072696609,200.0,200.0,U
6378,-61.49358318532319,15.373430732560623,200.0,200.0,U
6379,-61.4999687784028,15.373700869500897,200.0,200.0,U
6380,-61.49323698396555,15.376082034444693,200.0,200.0,U
6381,-61.49413532205391,15.374417446725147,200.0,200.0,U
6382,-61.495050500654955,15.372872995151361,200.0,200.0,U
6383,-61.491996395603294,15.374493453827101,200.0,200.0,U
6384,-61.493680168288854,15.37469392288762,200.0,200.0,U
6385,-61.4948367777508,15.373385538805818,200.0,200.0,U
6386,-61.49533691423167,15.374184860987981,200.0,200.0,U
6387,-61.49537858243495,15.372682678484352,200.0,200.0,U
6388,-61.49370180431789,15.376421664716775,200.0,200.0,U
6389,-61.493539087297705,15.371307712134488,200.0,200.0,U
6390,-61.49668162016958,15.374330038306434,200.0,200.0,U
6391,-61.4937939393766,15.37541095165298,200.0,200.0,U
6392,-61.494535841847224,15.374289352208486,200.0,200.0,U
6393,-61.4957587614895,15.373822067067332,200.0,200.0,U
6394,-61.49473746240252,15.373820548485227,200.0,200.0,U
6395,-61.49605189034578,15.373075667705537,200.0,200.0,U
6396,-61.49384476887776,15.37541115451149,200.0,200.0,U
6397,-61.49621811572773,15.37130104543609,200.0,200.0,U
6398,-61.495228553155314,15.373476402558031,200.0,200.0,U
6399,-61.49183810898206,15.368899937851232,200.0,200.0,U
6400,-61.494283759538966,15.37238128353253,200.0,200.0,U
6401,-61.49601628860483,15.373924926909757,200.0,200.0,U
6402,-61.49563110332834,15.374781837086777,200.0,200.0,U
6403,-61.49195569981099,15.375411688165304,200.0,200.0,U
6404,-61.495751779544676,15.371838426405494,200.0,200.0,U
6405,-61.496349836579434,15.373552243665666,200.0,200.0,U
6406,-61.49366112917369,15.376262096849588,200.0,200.0,U
6407,-61.4956566848128,15.374511370896865,200.0,200.0,U
6408,-61.493859682230934,15.373319573124547,200.0,200.0,U
6409,-61.49488712616582,15.374062285125163,200.0,200.0,U
6410,-61.49493851321167,15.374713364278675,200.0,200.0,U
6411,-61.497024606695696,15.373200217982358,200.0,200.0,U
6412,-61.49609089488885,15.373048817464195,200.0,200.0,U
6413,-61.49432279209489,15.37427980888476,200.0,200.0,U
6414,-61.493284393703725,15.371987918363825,200.0,200.0,U
6415,-61.49470483017385,15.375422042080366,200.0,200.0,U
6416,-61.49277910660925,15.376440235453984,200.0,200.0,U
6417,-61.49516960903611,15.374378239907127,200.0,200.0,U
6418,-61.49283490056618,15.374530568440955,200.0,200.0,U
6419,-61.49396257826035,15.373502653460687,200.0,200.0,U
6420,-61.49638216805662,15.374285209196923,200.0,200.0,U
6421,-61.494578365148364,15.373203809405847,200.0,200.0,U
6422,-61.48970801405721,15.37502693965286,200.0,200.0,U
6423,-61.494938538388794,15.37351464331423,200.0,200.0,U
6424,-61.49463223206992,15.374081834918945,200.0,200.0,U
6425,-61.493772589227774,15.374404202483632,200.0,200.0,U
6426,-61.495518682906976,15.37465015919985,200.0,200.0,U
6427,-61.498100595531575,15.37413106182326,200.0,200.0,U
6428,-61.495021142946044,15.37325076318601,200.0,200.0,U
6429,-61.495317971352854,15.372135788178626,200.0,200.0,U
6430,-61.49470960082295,15.373341075429297,200.0,200.0,U
6431,-61.49268889592709,15.374115950581853,200.0,200.0,U
6432,-61.49437248174008,15.372609081936332,200.0,200.0,U
6433,-61.49502540605221,15.373040795438309,200.0,200.0,U
6434,-61.49500884879672,15.373074041672483,200.0,200.0,U
6435,-61.49534576575926,15.371344600351607,200.0,200.0,U
6436,-61.494937015833415,15.373883004969384,200.0,200.0,U
6437,-61.49499954180672,15.371427107800052,200.0,200.0,U
6438,-61.49447127691248,15.373584495550828,200.0,200.0,U
6439,-61.49673660225353,15.37421165145712,200.0,200.0,U
6440,-61.49268261199321,15.373067363095434,200.0,200.0,U
6441,-61.49590197017049,15.373498740796693,200.0,200.0,U
6442,-61.495383592734306,15.373388222866193,200.0,200.0,U
6443,-61.492083563829965,15.370698944730659,200.0,200.0,U
6444,-61.49463065517687,15.3734525863405,200.0,200.0,U
6445,-61.49533196344569,15.37643773972114,200.0,200.0,U
6446,-61.49440264872258,15.374169130364153,200.0,200.0,U
6447,-61.49517185518695,15.374107697454598,200.0,200.0,U
6448,-61.4936905995168,15.372628664122445,200.0,200.0,U
6449,-61.49471125622467,15.374124641423732,200.0,200.0,U
6450,-61.49351189153472,15.372910613831648,200.0,200.0,U
6451,-61.49375131663816,15.371901104997805,200.0,200.0,U
6452,-61.49725501733093,15.37246816840957,200.0,200.0,U
6453,-61.49728882610095,15.373076158790592,200.0,200.0,U
6454,-61.49470271465774,15.372188496325133,200.0,200.0,U
6455,-61.49573937158959,15.37420851795088,200.0,200.0,U
6456,-61.49402558240992,15.372669248967782,200.0,200.0,U
6457,-61.492487542659966,15.372454680150442,200.0,200.0,U
6458,-61.49424543935276,15.372840426341577,200.0,200.0,U
6459,-61.49495165218695,15.376618692364264,200.0,200.0,U
6460,-61.49226405252095,15.374359652700898,200.0,200.0,U
6461,-61.49329576584292,15.373058360632813,200.0,200.0,U
6462,-61.49485818923108,15.373423599537016,200.0,200.0,U
6463,-61.49553419134545,15.372695173216627,200.0,200.0,U
6464,-61.49490218054383,15.374290837195396,200.0,200.0,U
6465,-61.49317157423664,15.373283756739642,200.0,200.0,U
6466,-61.49329169168107,15.371253398147147,200.0,200.0,U
6467,-61.492454597739005,15.370761366763247,200.0,200.0,U
6468,-61.49975013380202,15.369866710914204,200.0,200.0,U
6469,-61.495561119992615,15.37111543029197,200.0,200.0,U
6470,-61.49549779547719,15.374399941821922,200.0,200.0,U
6471,-61.49364674730132,15.374175062588325,200.0,200.0,U
6472,-61.49520256316843,15.373769827355103,200.0,200.0,U
6473,-61.493954727887036,15.37335128662928,200.0,200.0,U
6474,-61.49422408740323,15.372663355501302,200.0,200.0,U
6475,-61.49361643522738,15.375135449922162,200.0,200.0,U
6476,-61.494230110490925,15.37277083734817,200.0,200.0,U
6477,-61.494446039384634,15.376188225028766,200.0,200.0,U
6478,-61.49392257912357,15.374663584089868,200.0,200.0,U
6479,-61.49362284638575,15.371752740102586,200.0,200.0,U
6480,-61.496193965563926,15.37252233593175,200.0,200.0,U
6481,-61.49466066798939,15.371562546241279,200.0,200.0,U
6482,-61.494868615344416,15.373016780879066,200.0,200.0,U
6483,-61.49344211763009,15.377474611084697,200.0,200.0,U
6484,-61.49566207485508,15.371466455292719,200.0,200.0,U
6485,-61.495246143328316,15.372357486956831,200.0,200.0,U
6486,-61.49429909014163,15.372720177906924,200.0,200.0,U
6487,-61.49436563284459,15.372156832941423,200.0,200.0,U
6488,-61.493741126782524,15.373413611500549,200.0,200.0,U
6489,-61.49550494596141,15.373940223840433,200.0,200.0,U
6490,-61.496831414727865,15.37413459541072,200.0,200.0,U
6491,-61.496663413005926,15.373292260983563,200.0,200.0,U
6492,-61.49472241436505,15.372662523445667,200.0,200.0,U
6493,-61.49446129259462,15.371378202449137,200.0,200.0,U
6494,-61.49801394025234,15.372001927302918,200.0,200.0,U
6495,-61.4947437276224,15.372334791509168,200.0,200.0,U
6496,-61.494348239876985,15.372048737779117,200.0,200.0,U
6497,-61.49430409430522,15.37518783880688,200.0,200.0,U
6498,-61.496426626032445,15.373151438492265,200.0,200.0,U
6499,-61.49298079270969,15.370578111710609,200.0,200.0,U
6500,-61.494546333117654,15.374887133077827,200.0,200.0,U
6501,-61.49441711310181,15.372607183565203,200.0,200.0,U
6502,-61.49763764213844,15.369350609616662,200.0,200.0,U
6503,-61.49435139071411,15.37247515036058,200.0,200.0,U
6504,-61.495789333839404,15.371311035046187,200.0,200.0,U
6505,-61.49302755000444,15.371737391035092,200.0,200.0,U
6506,-61.49333253628754,15.372329298188857,200.0,200.0,U
6507,-61.494739134163396,15.372371660722377,200.0,200.0,U
6508,-61.49486269851934,15.372604870171001,200.0,200.0,U
6509,-61.49470720667973,15.37261236961979,200.0,200.0,U
6510,-61.49334533381898,15.372654046706092,200.0,200.0,U
6511,-61.493059083420356,15.371044087128748,200.0,200.0,U
6512,-61.49582821524598,15.372022883949722,200.0,200.0,U
6513,-61.49285978395038,15.373023709570901,200.0,200.0,U
6514,-61.49440460601153,15.371577328500903,200.0,200.0,U
6515,-61.494194032049876,15.372254407988374,200.0,200.0,U
6516,-61.493895831809695,15.372889771232165,200.0,200.0,U
6517,-61.498692125907965,15.371224075079882,200.0,200.0,U
6518,-61.49317098940224,15.372844655349459,200.0,200.0,U
6519,-61.493572379236284,15.372575107083483,200.0,200.0,U
6520,-61.49287763315574,15.371527383405462,200.0,200.0,U
6521,-61.49638078272971,15.370262555327113,200.0,200.0,U
6522,-61.493196092815815,15.37186993337736,200.0,200.0,U
6523,-61.49237678214565,15.374903406015472,200.0,200.0,U
6524,-61.4959253079357,15.372604296331875,200.0,200.0,U
6525,-61.49400301931021,15.372273830127638,200.0,200.0,U
6526,-61.493227844823565,15.372437877828057,200.0,200.0,U
6527,-61.49412455546682,15.372331847465045,200.0,200.0,U
6528,-61.49370168864878,15.37042678717528,200.0,200.0,U
6529,-61.49304528212229,15.372411831920697,200.0,200.0,U
6530,-61.4912090651312,15.372740626235876,200.0,200.0,U
6531,-61.494667587110136,15.372154020216739,200.0,200.0,U
6532,-61.492354761248706,15.373301279731582,200.0,200.0,U
6533,-61.49405051905226,15.372256155529044,200.0,200.0,U
6534,-61.49537438207076,15.372065064622213,200.0,200.0,U
6535,-61.49149114066454,15.37096836427005,200.0,200.0,U
6536,-61.48950300371063,15.373044395829007,200.0,200.0,U
6537,-61.49490881193916,15.373097879004455,200.0,200.0,U
6538,-61.494550633116994,15.372753437774215,200.0,200.0,U
6539,-61.491572771161074,15.371186358007312,200.0,200.0,U
6540,-61.49475614664723,15.372991093670006,200.0,200.0,U
6541,-61.494115032551996,15.372090970458686,200.0,200.0,U
6542,-61.49328797547156,15.37251384682225,200.0,200.0,U
6543,-61.49403536387244,15.370691617814371,200.0,200.0,U
6544,-61.49408529376413,15.371742139249598,200.0,200.0,U
6545,-61.493211736446966,15.37260795956682,200.0,200.0,U
6546,-61.493614742290134,15.370944229111055,200.0,200.0,U
6547,-61.49401729090177,15.371265043392453,200.0,200.0,U
6548,-61.49726403673135,15.37244623161088,200.0,200.0,U
6549,-61.49210279312288,15.373639173525905,200.0,200.0,U
6550,-61.492369223396246,15.373021312179892,200.0,200.0,U
6551,-61.49420993266018,15.371561608821898,200.0,200.0,U
6552,-61.493717324753575,15.374705801412775,200.0,200.0,U
6553,-61.49237930480568,15.371584120555571,200.0,200.0,U
6554,-61.4914432083294,15.37156428441296,200.0,200.0,U
6555,-61.49345794396851,15.371784319389771,200.0,200.0,U
6556,-61.49253791867713,15.370259789606616,200.0,200.0,U
6557,-61.4926654716452,15.371180577764369,200.0,200.0,U
6558,-61.49387493729052,15.376968529303213,200.0,200.0,U
6559,-61.49220033297646,15.372987798879807,200.0,200.0,U
6560,-61.49346994771511,15.371998845082498,200.0,200.0,U
6561,-61.4940962187504,15.372323660206524,200.0,200.0,U
6562,-61.49455271123836,15.37003505913849,200.0,200.0,U
6563,-61.49032689626286,15.37165581021474,200.0,200.0,U
6564,-61.494129953445906,15.373705097171564,200.0,200.0,U
6565,-61.49433230538405,15.371706425763143,200.0,200.0,U
6566,-61.493236337403175,15.37309688937655,200.0,200.0,U
6567,-61.49327866923928,15.37319025131771,200.0,200.0,U
6568,-61.49148749016174,15.369088065371075,200.0,200.0,U
6569,-61.49444846358579,15.369801566091871,200.0,200.0,U
6570,-61.49372051650012,15.370499633227029,200.0,200.0,U
6571,-61.495166924159335,15.372695877497206,200.0,200.0,U
6572,-61.49434963518732,15.369437510457553,200.0,200.0,U
6573,-61.49219766083504,15.372063939006559,200.0,200.0,U
6574,-61.49407492809739,15.371236609479531,200.0,200.0,U
6575,-61.492980494306856,15.373091863358166,200.0,200.0,U
6576,-61.49244515135793,15.374162163592535,200.0,200.0,U
6577,-61.49588444969753,15.373173610748793,200.0,200.0,U
6578,-61.49241623332201,15.370774157607297,200.0,200.0,U
6579,-61.49402980549286,15.371647986118687,200.0,200.0,U
6580,-61.49613843553991,15.370190344315137,200.0,200.0,U
6581,-61.49330114337032,15.371541786415179,200.0,200.0,U
6582,-61.49391600779998,15.371118488683386,200.0,200.0,U
6583,-61.49471490066121,15.371463013357294,200.0,200.0,U
6584,-61.49466272441174,15.372628236536231,200.0,200.0,U
6585,-61.494689686544184,15.373737946576767,200.0,200.0,U
6586,-61.49273244515029,15.370350693075604,200.0,200.0,U
6587,-61.49255215698998,15.373631934157022,200.0,200.0,U
6588,-61.493895998050945,15.373234266611329,200.0,200.0,U
6589,-61.49428136511097,15.369708563887404,200.0,200.0,U
6590,-61.49426693002664,15.37180305647222,200.0,200.0,U
6591,-61.491903400116435,15.370398179425974,200.0,200.0,U
6592,-61.49322866114692,15.371020184825548,200.0,200.0,U
6593,-61.494173357337196,15.371118654063801,200.0,200.0,U
6594,-61.495907025428096,15.37189643207413,200.0,200.0,U
6595,-61.49197452524272,15.373508014338636,200.0,200.0,U
6596,-61.492315740911415,15.36923388599561,200.0,200.0,U
6597,-61.49322559733036,15.371323541486209,200.0,200.0,U
6598,-61.493463649231956,15.37137174710648,200.0,200.0,U
6599,-61.49343504139812,15.369872904064673,200.0,200.0,U
6600,-61.494554596653884,15.368010336774335,200.0,200.0,U
6601,-61.493990602063114,15.368941969194408,200.0,200.0,U
6602,-61.491490693966014,15.370503057970595,200.0,200.0,U
6603,-61.49240920378563,15.374265905039278,200.0,200.0,U
6604,-61.493863590992646,15.370850294524894,200.0,200.0,U
6605,-61.493810680119495,15.370827522695675,200.0,200.0,U
6606,-61.493447501281565,15.371224150945029,200.0,200.0,U
6607,-61.494029632792184,15.369466246547523,200.0,200.0,U
6608,-61.49504612771184,15.369198900266417,200.0,200.0,U
6609,-61.49298973667937,15.371338282731235,200.0,200.0,U
6610,-61.49526441813995,15.372001710861031,200.0,200.0,U
6611,-61.49115057617276,15.369699640215904,200.0,200.0,U
6612,-61.4935265857228,15.370776303242925,200.0,200.0,U
6613,-61.49378523871125,15.369849786344137,200.0,200.0,U
6614,-61.492435292383675,15.373499008534536,200.0,200.0,U
6615,-61.49185871213357,15.371264127169196,200.0,200.0,U
6616,-61.49453592851337,15.370035975460974,200.0,200.0,U
6617,-61.49393542773868,15.371703342892355,200.0,200.0,U
6618,-61.49506081090101,15.370193081742102,200.0,200.0,U
6619,-61.49482560992497,15.370926085912531,200.0,200.0,U
6620,-61.493304226602675,15.372321014807918,200.0,200.0,U
6621,-61.494992031605015,15.375076868147797,200.0,200.0,U
6622,-61.49325845984961,15.371153471628652,200.0,200.0,U
6623,-61.49479040186592,15.372050328939835,200.0,200.0,U
6624,-61.49306994283749,15.371055576409896,200.0,200.0,U
6625,-61.49359028118367,15.372626053155148,200.0,200.0,U
6626,-61.49233293575008,15.370737809453138,200.0,200.0,U
6627,-61.49452876344357,15.371841323204695,200.0,200.0,U
6628,-61.49583422958879,15.370409847118733,200.0,200.0,U
6629,-61.49362019129625,15.371030765809927,200.0,200.0,U
6630,-61.49194776465894,15.373320261538671,200.0,200.0,U
6631,-61.49456484202278,15.369291424313806,200.0,200.0,U
6632,-61.493752830536614,15.371558812839082,200.0,200.0,U
6633,-61.492520132352674,15.371274657913858,200.0,200.0,U
6634,-61.49368338886454,15.371036843433517,200.0,200.0,U
6635,-61.49291261177648,15.370616321535499,200.0,200.0,U
6636,-61.493478471497156,15.369349029223862,200.0,200.0,U
6637,-61.49403282153584,15.372739658349701,200.0,200.0,U
6638,-61.490675539221634,15.372109911028673,200.0,200.0,U
6639,-61.49319900994978,15.370874201883758,200.0,200.0,U
6640,-61.49333264049252,15.373292305154493,200.0,200.0,U
6641,-61.492446937523226,15.370027952640218,200.0,200.0,U
6642,-61.494239842299166,15.372903201534754,200.0,200.0,U
6643,-61.49445863562859,15.371507749245954,200.0,200.0,U
6644,-61.49189292002674,15.372654933241233,200.0,200.0,U
6645,-61.492510740211785,15.370439919551366,200.0,200.0,U
6646,-61.49334332040436,15.37119072774425,200.0,200.0,U
6647,-61.49163469575096,15.370792605040785,200.0,200.0,U
6648,-61.49248317722305,15.371011137077891,200.0,200.0,U
6649,-61.493512437383885,15.371721908983139,200.0,200.0,U
6650,-61.493424949395205,15.370755411701243,200.0,200.0,U
6651,-61.4935819056309,15.370968540423881,200.0,200.0,U
6652,-61.49441111987856,15.370935765070042,200.0,200.0,U
6653,-61.49350466897489,15.369605308177897,200.0,200.0,U
6654,-61.49377072062129,15.371966823815422,200.0,200.0,U
6655,-61.493278900052985,15.371104820522591,200.0,200.0,U
6656,-61.49415625973134,15.372781920586336,200.0,200.0,U
6657,-61.490591957388915,15.369065869984533,200.0,200.0,U
6658,-61.49360535272362,15.371273049738404,200.0,200.0,U
6659,-61.49072933784854,15.370496763964152,200.0,200.0,U
6660,-61.49144326474178,15.369864475952564,200.0,200.0,U
6661,-61.4950324082867,15.37223546011201,200.0,200.0,U
6662,-61.493236324105546,15.370875301118042,200.0,200.0,U
6663,-61.49309063374469,15.369331607997644,200.0,200.0,U
6664,-61.492328843467654,15.372241778910062,200.0,200.0,U
6665,-61.496219473201116,15.368706101805678,200.0,200.0,U
6666,-61.49253331383893,15.371705127400244,200.0,200.0,U
6667,-61.49275725905743,15.371075087411702,200.0,200.0,U
6668,-61.49236346151147,15.37149686076894,200.0,200.0,U
6669,-61.49211680910607,15.370267719107808,200.0,200.0,U
6670,-61.49243607516787,15.375092884467124,200.0,200.0,U
6671,-61.49321919341582,15.370455296498454,200.0,200.0,U
6672,-61.49315571255153,15.36962806827203,200.0,200.0,U
6673,-61.49250649431906,15.36953257117621,200.0,200.0,U
6674,-61.49110474951767,15.369335235028448,200.0,200.0,U
6675,-61.49089879411088,15.369971273442944,200.0,200.0,U
6676,-61.49273638388416,15.370440113414643,200.0,200.0,U
6677,-61.49313971238763,15.369578876155819,200.0,200.0,U
6678,-61.490684777525985,15.368211046932393,200.0,200.0,U
6679,-61.49518345441837,15.37309059034915,200.0,200.0,U
6680,-61.491758075113346,15.368949266772477,200.0,200.0,U
6681,-61.49225575641379,15.372807864444614,200.0,200.0,U
6682,-61.4926991572386,15.370340975811224,200.0,200.0,U
6683,-61.49297724834019,15.370204147960608,200.0,200.0,U
6684,-61.49153193595759,15.371465219577638,200.0,200.0,U
6685,-61.49352096817416,15.370060970636496,200.0,200.0,U
6686,-61.49313519786107,15.36877447690977,200.0,200.0,U
6687,-61.49364526849052,15.369798487486092,200.0,200.0,U
6688,-61.48798203782132,15.373338157931821,200.0,200.0,U
6689,-61.49276559925617,15.370216250675092,200.0,200.0,U
6690,-61.49142402376208,15.36929783356952,200.0,200.0,U
6691,-61.49462748539073,15.366947378490218,200.0,200.0,U
6692,-61.49285271153795,15.371204258721184,200.0,200.0,U
6693,-61.491221381080116,15.372073376348812,200.0,200.0,U
6694,-61.491764637376086,15.37154528175026,200.0,200.0,U
6695,-61.49319188303375,15.370606872405045,200.0,200.0,U
6696,-61.492883533001304,15.369952999902404,200.0,200.0,U
6697,-61.49206300464004,15.373571941972106,200.0,200.0,U
6698,-61.49253985505159,15.367372308892758,200.0,200.0,U
6699,-61.49217603562353,15.369949435396718,200.0,200.0,U
6700,-61.491222007306845,15.366893078756885,200.0,200.0,U
6701,-61.492546933134854,15.3713046326306,200.0,200.0,U
6702,-61.48979541544282,15.371252783741664,200.0,200.0,U
6703,-61.49059392672876,15.368339148944107,200.0,200.0,U
6704,-61.49261324100671,15.370057223611525,200.0,200.0,U
6705,-61.49187091642328,15.369769024851601,200.0,200.0,U
6706,-61.493131209912136,15.370467028848095,200.0,200.0,U
6707,-61.49333541860549,15.37100486451459,200.0,200.0,U
6708,-61.49248537349702,15.3730642264796,200.0,200.0,U
6709,-61.493031203801706,15.36997173699032,200.0,200.0,U
6710,-61.49073751298595,15.370549372952993,200.0,200.0,U
6711,-61.49309602653674,15.368709055982617,200.0,200.0,U
6712,-61.490854293435675,15.36759708176127,200.0,200.0,U
6713,-61.49240278238561,15.369966195475556,200.0,200.0,U
6714,-61.49249574563529,15.370391912275938,200.0,200.0,U
6715,-61.49220037225373,15.370118046512035,200.0,200.0,U
6716,-61.49167803614931,15.3696589273033,200.0,200.0,U
6717,-61.49254913977775,15.370018569441955,200.0,200.0,U
6718,-61.4956443184938,15.371236569782672,200.0,200.0,U
6719,-61.49045738063033,15.367785180007239,200.0,200.0,U
6720,-61.49070655092607,15.369605717546417,200.0,200.0,U
6721,-61.48883508049429,15.372206398399195,200.0,200.0,U
6722,-61.49331186709156,15.368557540688277,200.0,200.0,U
6723,-61.49019892546856,15.368014437595322,200.0,200.0,U
6724,-61.49233765514848,15.369862457261757,200.0,200.0,U
6725,-61.493123323435974,15.369272380275453,200.0,200.0,U
6726,-61.49205553705118,15.369913066576068,200.0,200.0,U
6727,-61.492052218576774,15.36951827751588,200.0,200.0,U
6728,-61.488690943548995,15.37278624334858,200.0,200.0,U
6729,-61.492685227070005,15.369551439723626,200.0,200.0,U
6730,-61.49224321615854,15.369647760670276,200.0,200.0,U
6731,-61.4917585598285,15.371091012244772,200.0,200.0,U
6732,-61.49396205042464,15.369365119734098,200.0,200.0,U
6733,-61.494694797461385,15.368844097681677,200.0,200.0,U
6734,-61.49313489891946,15.369793777476293,200.0,200.0,U
6735,-61.49138489843509,15.371031024694737,200.0,200.0,U
6736,-61.49151912036411,15.368579679136335,200.0,200.0,U
6737,-61.49057027030279,15.372191416815479,200.0,200.0,U
6738,-61.48997252284998,15.372320307782495,200.0,200.0,U
6739,-61.49249526801676,15.370463351459644,200.0,200.0,U
6740,-61.4927212277634,15.366764472262018,200.0,200.0,U
6741,-61.49019647733066,15.370099172365949,200.0,200.0,U
6742,-61.491655348868,15.369213365062146,200.0,200.0,U
6743,-61.492562856500626,15.370102255893862,200.0,200.0,U
6744,-61.49124561274254,15.367525986393908,200.0,200.0,U
6745,-61.49221946607825,15.36936743960848,200.0,200.0,U
6746,-61.49337656891994,15.373089360208818,200.0,200.0,U
6747,-61.49167118828155,15.369597907121635,200.0,200.0,U
6748,-61.489970723552794,15.367840455422204,200.0,200.0,U
6749,-61.49212446773297,15.372176228463449,200.0,200.0,U
6750,-61.48914046643297,15.368471200517599,200.0,200.0,U
6751,-61.49064230717525,15.369336727595797,200.0,200.0,U
6752,-61.4937547784341,15.366599959719235,200.0,200.0,U
6753,-61.4942911564153,15.370104667114735,200.0,200.0,U
6754,-61.49447872158313,15.372167803467164,200.0,200.0,U
6755,-61.49205062265907,15.369273555019083,200.0,200.0,U
6756,-61.49146086618612,15.368299151853064,200.0,200.0,U
6757,-61.49108491996688,15.36995471794672,200.0,200.0,U
6758,-61.491962500636056,15.369409803224832,200.0,200.0,U
6759,-61.49295203727111,15.370688255117006,200.0,200.0,U
6760,-61.49188148263754,15.369410312419792,200.0,200.0,U
6761,-61.48923054517521,15.37109368869137,200.0,200.0,U
6762,-61.49072107538577,15.367621435828354,200.0,200.0,U
6763,-61.491704733004184,15.369077118954733,200.0,200.0,U
6764,-61.49296494425068,15.370647442881056,200.0,200.0,U
6765,-61.49172474205559,15.369788781387214,200.0,200.0,U
6766,-61.494992385970775,15.369378376589987,200.0,200.0,U
6767,-61.492939295305796,15.369615755159069,200.0,200.0,U
6768,-61.49586501071356,15.369946646295583,200.0,200.0,U
6769,-61.491007581196975,15.368430234642855,200.0,200.0,U
6770,-61.49458569082391,15.369843118207475,200.0,200.0,U
6771,-61.490980478094606,15.370242327324588,200.0,200.0,U
6772,-61.49299241095313,15.371277355778217,200.0,200.0,U
6773,-61.490851774121154,15.369706527253106,200.0,200.0,U
6774,-61.49096151078241,15.368844578640598,200.0,200.0,U
6775,-61.491757148142064,15.369462147493152,200.0,200.0,U
6776,-61.49199970525655,15.370923900418033,200.0,200.0,U
6777,-61.49178500499473,15.369164854821264,200.0,200.0,U
6778,-61.49047054633195,15.369078438609113,200.0,200.0,U
6779,-61.49300413040235,15.369779745395284,200.0,200.0,U
6780,-61.48952857890644,15.368965392482604,200.0,200.0,U
6781,-61.491587447683045,15.36919968243434,200.0,200.0,U
6782,-61.4897654374005,15.37048576670264,200.0,200.0,U
6783,-61.491917597313034,15.370919734910418,200.0,200.0,U
6784,-61.49167749724048,15.368959043714957,200.0,200.0,U
6785,-61.4921019915271,15.368945247132826,200.0,200.0,U
6786,-61.49180438392278,15.368847041133675,200.0,200.0,U
6787,-61.49136827341214,15.367138937074333,200.0,200.0,U
6788,-61.49163161614413,15.368620461508334,200.0,200.0,U
6789,-61.48951570057964,15.368001783856874,200.0,200.0,U
6790,-61.493389647304255,15.370013823089158,200.0,200.0,U
6791,-61.49165027968673,15.369164900747132,200.0,200.0,U
6792,-61.492382145481706,15.368499187764963,200.0,200.0,U
6793,-61.49199286444187,15.369087705273186,200.0,200.0,U
6794,-61.49328483541173,15.36921313838825,200.0,200.0,U
6795,-61.49177892412327,15.368252692381814,200.0,200.0,U
6796,-61.491763968460184,15.367207896491168,200.0,200.0,U
6797,-61.490611763004104,15.36769422748159,200.0,200.0,U
6798,-61.49323272669855,15.367860724638732,200.0,200.0,U
6799,-61.49143381819561,15.370296389959083,200.0,200.0,U
6800,-61.49162135545971,15.369741423235592,200.0,200.0,U
6801,-61.49124328086263,15.368481287467095,200.0,200.0,U
6802,-61.49137549192614,15.368979223176947,200.0,200.0,U
6803,-61.49076544838116,15.36735987856347,200.0,200.0,U
6804,-61.49055742179499,15.369333401250005,200.0,200.0,U
6805,-61.49406340064497,15.367831010777083,200.0,200.0,U
6806,-61.491743821537746,15.369012570423942,200.0,200.0,U
6807,-61.492277255730095,15.368640042590425,200.0,200.0,U
6808,-61.490085219740585,15.368444781586915,200.0,200.0,U
6809,-61.48748977616896,15.366687375610514,200.0,200.0,U
6810,-61.48948678384685,15.36867310583454,200.0,200.0,U
6811,-61.49146922820815,15.368183006405378,200.0,200.0,U
6812,-61.491696042202555,15.367621669645429,200.0,200.0,U
6813,-61.49158053361218,15.36874052515632,200.0,200.0,U
6814,-61.491631116927024,15.374180398030472,200.0,200.0,U
6815,-61.49149582936358,15.37005469500302,200.0,200.0,U
6816,-61.491563569635304,15.367368020227604,200.0,200.0,U
6817,-61.4904986654308,15.366777065804794,200.0,200.0,U
6818,-61.4920270875714,15.371041433224601,200.0,200.0,U
6819,-61.49116671977365,15.36970950490151,200.0,200.0,U
6820,-61.4913959968002,15.368944619459551,200.0,200.0,U
6821,-61.4881671718677,15.366542735367547,200.0,200.0,U
6822,-61.49334087615624,15.364664159280528,200.0,200.0,U
6823,-61.49258995380161,15.36795024214052,200.0,200.0,U
6824,-61.49108699886023,15.366572902106627,200.0,200.0,U
6825,-61.49136617750648,15.368670406755284,200.0,200.0,U
6826,-61.49150235805692,15.368036815417737,200.0,200.0,U
6827,-61.49060244288869,15.368029519379043,200.0,200.0,U
6828,-61.4897112408456,15.36882727375947,200.0,200.0,U
6829,-61.49088041843649,15.367668768856714,200.0,200.0,U
6830,-61.49232012502365,15.367091371090021,200.0,200.0,U
6831,-61.49123473116582,15.367960718062633,200.0,200.0,U
6832,-61.492727013009784,15.368864481958472,200.0,200.0,U
6833,-61.490381720970156,15.367646218000695,200.0,200.0,U
6834,-61.49068635390973,15.368391006498987,200.0,200.0,U
6835,-61.49165704026595,15.36678859781168,200.0,200.0,U
6836,-61.49191540975454,15.370938724849893,200.0,200.0,U
6837,-61.49027255096974,15.371852156526568,200.0,200.0,U
6838,-61.491434071935224,15.369363645117145,200.0,200.0,U
6839,-61.49193403197492,15.369972311033598,200.0,200.0,U
6840,-61.49112288212587,15.36749006796112,200.0,200.0,U
6841,-61.48962327258793,15.366741014836059,200.0,200.0,U
6842,-61.49215537224615,15.368518371417634,200.0,200.0,U
6843,-61.489570627235935,15.36766635703916,200.0,200.0,U
6844,-61.49245724932402,15.368419030979805,200.0,200.0,U
6845,-61.4910587580065,15.368242383322915,200.0,200.0,U
6846,-61.49125854721201,15.3677452964054,200.0,200.0,U
6847,-61.48796870656996,15.370976913171013,200.0,200.0,U
6848,-61.4938751560025,15.366926624587345,200.0,200.0,U
6849,-61.493801688677394,15.36608399699715,200.0,200.0,U
6850,-61.49172048181676,15.368632719068717,200.0,200.0,U
6851,-61.49183512373002,15.366959095495913,200.0,200.0,U
6852,-61.490987126130165,15.367743015693714,200.0,200.0,U
6853,-61.49025387048738,15.367244078647637,200.0,200.0,U
6854,-61.49124832275663,15.36718522918584,200.0,200.0,U
6855,-61.49210245889131,15.367608423570235,200.0,200.0,U
6856,-61.490344528004584,15.370213107841634,200.0,200.0,U
6857,-61.49203223055536,15.367469500897249,200.0,200.0,U
6858,-61.493065048717106,15.370770205379932,200.0,200.0,U
6859,-61.4951386248689,15.37007529147225,200.0,200.0,U
6860,-61.49121668517132,15.369157162105523,200.0,200.0,U
6861,-61.49131039838864,15.36705180564341,200.0,200.0,U
6862,-61.4916682675238,15.368144259019394,200.0,200.0,U
6863,-61.48925831197056,15.366255534930904,200.0,200.0,U
6864,-61.49044475127098,15.368487218920105,200.0,200.0,U
6865,-61.49130633127445,15.367438692425827,200.0,200.0,U
6866,-61.49242501788221,15.368356597168834,200.0,200.0,U
6867,-61.49051091061632,15.367718590915857,200.0,200.0,U
6868,-61.49147500713231,15.367479029882858,200.0,200.0,U
6869,-61.491016814107866,15.368222661025184,200.0,200.0,U
6870,-61.49061835645356,15.368046219671701,200.0,200.0,U
6871,-61.49150232663517,15.368905413376227,200.0,200.0,U
6872,-61.48953755294255,15.36836145689104,200.0,200.0,U
6873,-61.488593150877534,15.369325363321153,200.0,200.0,U
6874,-61.494367214311914,15.368756192104147,200.0,200.0,U
6875,-61.490843677640534,15.367391950581963,200.0,200.0,U
6876,-61.495355297939156,15.365676954990635,200.0,200.0,U
6877,-61.48825601814573,15.365931381414779,200.0,200.0,U
6878,-61.490343533511364,15.368554340326348,200.0,200.0,U
6879,-61.489928054108844,15.368097799290625,200.0,200.0,U
6880,-61.49089277899252,15.368217159966186,200.0,200.0,U
6881,-61.48844321571559,15.367304189908602,200.0,200.0,U
6882,-61.48858196677321,15.368230819391567,200.0,200.0,U
6883,-61.49120988953177,15.367248482050464,200.0,200.0,U
6884,-61.49257900374771,15.364926568608416,200.0,200.0,U
6885,-61.490698866356766,15.368166730821434,200.0,200.0,U
6886,-61.490621211932456,15.36729335018191,200.0,200.0,U
6887,-61.49244793310996,15.367244430904385,200.0,200.0,U
6888,-61.491526003546994,15.363778867533824,200.0,200.0,U
6889,-61.49069981840615,15.368633931686425,200.0,200.0,U
6890,-61.49080261945238,15.367701922667779,200.0,200.0,U
6891,-61.490720443790686,15.367697703248853,200.0,200.0,U
6892,-61.4902661029805,15.367067828839065,200.0,200.0,U
6893,-61.489634912094644,15.367241658314082,200.0,200.0,U
6894,-61.49039252682154,15.368868180883666,200.0,200.0,U
6895,-61.491100673826416,15.367523392086971,200.0,200.0,U
6896,-61.49094505246836,15.367813887484617,200.0,200.0,U
6897,-61.48951955909607,15.368087083621536,200.0,200.0,U
6898,-61.49190792929681,15.367377990648619,200.0,200.0,U
6899,-61.49064103257874,15.367891956617017,200.0,200.0,U
6900,-61.49027673857227,15.367965862860048,200.0,200.0,U
6901,-61.490072829524664,15.367745343146918,200.0,200.0,U
6902,-61.49016168625994,15.36860193427692,200.0,200.0,U
6903,-61.491183628144206,15.367683366770647,200.0,200.0,U
6904,-61.49244693026343,15.36655603148968,200.0,200.0,U
6905,-61.488753549932234,15.368793932974333,200.0,200.0,U
6906,-61.49217899285908,15.367541729684298,200.0,200.0,U
6907,-61.490119248695464,15.367860051513055,200.0,200.0,U
6908,-61.48830472177015,15.366504523612011,200.0,200.0,U
6909,-61.49195015994183,15.36869212552332,200.0,200.0,U
6910,-61.49234890588541,15.366676263002004,200.0,200.0,U
6911,-61.48999202645767,15.367055333039813,200.0,200.0,U
6912,-61.48887380948635,15.366545106392433,200.0,200.0,U
6913,-61.48933198615955,15.366157350590885,200.0,200.0,U
6914,-61.49367886001106,15.363010828146672,200.0,200.0,U
6915,-61.48590326674559,15.364371266433958,200.0,200.0,U
6916,-61.49011161354814,15.367132891878052,200.0,200.0,U
6917,-61.49044569004964,15.367461664886601,200.0,200.0,U
6918,-61.48976361281464,15.368025773679005,200.0,200.0,U
6919,-61.49100783035619,15.366320020310498,200.0,200.0,U
6920,-61.49055827422064,15.367058319466516,200.0,200.0,U
6921,-61.49179224065147,15.368148502557073,200.0,200.0,U
6922,-61.48827965175575,15.367886418415894,200.0,200.0,U
6923,-61.49031170829053,15.369844428593742,200.0,200.0,U
6924,-61.48990865795976,15.365979665131215,200.0,200.0,U
6925,-61.489545332844855,15.367545095639025,200.0,200.0,U
6926,-61.48893325894512,15.365892669079727,200.0,200.0,U
6927,-61.49042061682073,15.36612704151092,200.0,200.0,U
6928,-61.49000143195822,15.367346087610942,200.0,200.0,U
6929,-61.49148613727407,15.365555172449998,200.0,200.0,U
6930,-61.49077409310766,15.367203086639659,200.0,200.0,U
6931,-61.49038592917664,15.367246232663044,200.0,200.0,U
6932,-61.48960318804686,15.364479742447735,200.0,200.0,U
6933,-61.48981469730631,15.36481637672382,200.0,200.0,U
6934,-61.490915547377334,15.367485970907547,200.0,200.0,U
6935,-61.49032371162662,15.36717436585197,200.0,200.0,U
6936,-61.48954850221445,15.367390778778615,200.0,200.0,U
6937,-61.489834870470474,15.367041211718574,200.0,200.0,U
6938,-61.49054930283509,15.367175727771304,200.0,200.0,U
6939,-61.4899903706947,15.366322635073372,200.0,200.0,U
6940,-61.489857899495085,15.364783838374949,200.0,200.0,U
6941,-61.48916091429711,15.368013245467292,200.0,200.0,U
6942,-61.48632162244182,15.365955442249877,200.0,200.0,U
6943,-61.491597076808496,15.3697343428144,200.0,200.0,U
6944,-61.49171279683977,15.367596326607842,200.0,200.0,U
6945,-61.48989855202318,15.365003376945653,200.0,200.0,U
6946,-61.4883434076057,15.366231980927388,200.0,200.0,U
6947,-61.49199250992606,15.367690749475932,200.0,200.0,U
6948,-61.488795520915524,15.367865761763113,200.0,200.0,U
6949,-61.48837896673189,15.367276516471007,200.0,200.0,U
6950,-61.49139673829371,15.368316917089896,200.0,200.0,U
6951,-61.49284747284692,15.364768828580164,200.0,200.0,U
6952,-61.489398567306104,15.366908260334053,200.0,200.0,U
6953,-61.489514388133394,15.367248765558925,200.0,200.0,U
6954,-61.49317762884572,15.368321004724969,200.0,200.0,U
6955,-61.48902350962299,15.366385027280486,200.0,200.0,U
6956,-61.49055748818689,15.365968126258903,200.0,200.0,U
6957,-61.49173698687951,15.371001815110906,200.0,200.0,U
6958,-61.489050257009005,15.365707059599162,200.0,200.0,U
6959,-61.490091998451284,15.366796884975594,200.0,200.0,U
6960,-61.48882763974659,15.366038496292585,200.0,200.0,U
6961,-61.48832240650298,15.365709171894032,200.0,200.0,U
6962,-61.49147021849431,15.367326979942465,200.0,200.0,U
6963,-61.489947285566444,15.36650854944129,200.0,200.0,U
6964,-61.49038182884748,15.366542963440843,200.0,200.0,U
6965,-61.4906384044085,15.368182916210015,200.0,200.0,U
6966,-61.49029102370419,15.366572847620661,200.0,200.0,U
6967,-61.488710077308426,15.365276267010017,200.0,200.0,U
6968,-61.487800140287646,15.367263127835725,200.0,200.0,U
6969,-61.48973352378871,15.366800228613204,200.0,200.0,U
6970,-61.48870788198051,15.36769319627315,200.0,200.0,U
6971,-61.49058546676599,15.366045466859324,200.0,200.0,U
6972,-61.488436179378965,15.369237824438907,200.0,200.0,U
6973,-61.49046468508711,15.366048238854022,200.0,200.0,U
6974,-61.490390336495935,15.36667594430713,200.0,200.0,U
6975,-61.48880402071806,15.367487664350659,200.0,200.0,U
6976,-61.491599839836624,15.365174594254219,200.0,200.0,U
6977,-61.49070448895685,15.366615573483259,200.0,200.0,U
6978,-61.48987698019761,15.366659095477303,200.0,200.0,U
6979,-61.48961906488182,15.366660069484654,200.0,200.0,U
6980,-61.490206408112954,15.364085981256595,200.0,200.0,U
6981,-61.489646537428534,15.365193054912023,200.0,200.0,U
6982,-61.49232198726326,15.366541463091444,200.0,200.0,U
6983,-61.491916163557526,15.369610436574165,200.0,200.0,U
6984,-61.48974408290086,15.366187510730136,200.0,200.0,U
6985,-61.48979531418811,15.366721087259943,200.0,200.0,U
6986,-61.492952862238944,15.368914802924971,200.0,200.0,U
6987,-61.48938039209992,15.366778358242069,200.0,200.0,U
6988,-61.4894920110316,15.366485409236677,200.0,200.0,U
6989,-61.48980390374866,15.366574465526625,200.0,200.0,U
6990,-61.490803869884644,15.366234389173242,200.0,200.0,U
6991,-61.490067025672396,15.366420015720486,200.0,200.0,U
6992,-61.4900020763927,15.366432877055217,200.0,200.0,U
6993,-61.48789315419282,15.36422212784182,200.0,200.0,U
6994,-61.492165264165315,15.367283889412066,200.0,200.0,U
6995,-61.487969941581284,15.366089786537103,200.0,200.0,U
6996,-61.4898755520175,15.36712047999342,200.0,200.0,U
6997,-61.48893805570297,15.365732298055127,200.0,200.0,U
6998,-61.489504462125616,15.36582350563506,200.0,200.0,U
6999,-61.48972334871021,15.366346817974387,200.0,200.0,U
7000,-61.49258147057788,15.367573004299752,200.0,200.0,U
7001,-61.490513116305166,15.368097643547113,200.0,200.0,U
7002,-61.490982593640155,15.36401363982604,200.0,200.0,U
7003,-61.49056900752098,15.368303575985463,200.0,200.0,U
7004,-61.4895447918491,15.366157761574705,200.0,200.0,U
7005,-61.489945258506175,15.365759565180575,200.0,200.0,U
7006,-61.48954743208975,15.365922863749764,200.0,200.0,U
7007,-61.49111607105235,15.36766083449329,200.0,200.0,U
7008,-61.489498774971935,15.366290702588143,200.0,200.0,U
7009,-61.48944936594676,15.36624580898827,200.0,200.0,U
7010,-61.48741028147537,15.364439097804974,200.0,200.0,U
7011,-61.489530064358156,15.365559315435473,200.0,200.0,U
7012,-61.49154502577312,15.36981549687154,200.0,200.0,U
7013,-61.48855453899304,15.36696220182472,200.0,200.0,U
7014,-61.486813918983756,15.362403084178872,200.0,200.0,U
7015,-61.48957606923862,15.366224065778425,200.0,200.0,U
7016,-61.48997710001546,15.366017576529217,200.0,200.0,U
7017,-61.48968259718063,15.365863080087822,200.0,200.0,U
7018,-61.49153929428489,15.364612753365224,200.0,200.0,U
7019,-61.489227080806415,15.368118268430548,200.0,200.0,U
7020,-61.487630023786714,15.36473893906287,200.0,200.0,U
7021,-61.489327073476225,15.366214401074664,200.0,200.0,U
7022,-61.490610804989444,15.367049607789143,200.0,200.0,U
7023,-61.490910787135974,15.367520387526554,200.0,200.0,U
7024,-61.48993836893271,15.366339636846304,200.0,200.0,U
7025,-61.489354846131356,15.365984471293308,200.0,200.0,U
7026,-61.487026929033185,15.362935782025172,200.0,200.0,U
7027,-61.493043504273885,15.365284416489716,200.0,200.0,U
7028,-61.48980991165447,15.365975211396826,200.0,200.0,U
7029,-61.49181135535789,15.365352370920094,200.0,200.0,U
7030,-61.49007389053295,15.365453846250228,200.0,200.0,U
7031,-61.49061860630388,15.365655297591893,200.0,200.0,U
7032,-61.488599086623914,15.36707087441857,200.0,200.0,U
7033,-61.48893134032075,15.365255547315671,200.0,200.0,U
7034,-61.48931291063175,15.3660010698944,200.0,200.0,U
7035,-61.489476277355585,15.36593546137143,200.0,200.0,U
7036,-61.490606485016954,15.367912587067718,200.0,200.0,U
7037,-61.48806426951021,15.366363473965988,200.0,200.0,U
7038,-61.48836551537092,15.36430161782481,200.0,200.0,U
7039,-61.48936321310549,15.365933515357789,200.0,200.0,U
7040,-61.489517009069566,15.365115576529234,200.0,200.0,U
7041,-61.490588670291544,15.36524441314965,200.0,200.0,U
7042,-61.488671457204,15.365756509085642,200.0,200.0,U
7043,-61.487409187703086,15.364339970724215,200.0,200.0,U
7044,-61.488057177327974,15.36674189288201,200.0,200.0,U
7045,-61.48995097501637,15.366863500062655,200.0,200.0,U
7046,-61.4903353114022,15.368646149170512,200.0,200.0,U
7047,-61.48956201903878,15.364911343554363,200.0,200.0,U
7048,-61.490987856259295,15.365733236840017,200.0,200.0,U
7049,-61.48926297066552,15.365885138173176,200.0,200.0,U
7050,-61.489505531399175,15.366495277186827,200.0,200.0,U
7051,-61.48981370764409,15.36656138900068,200.0,200.0,U
7052,-61.49225601447013,15.365890521138786,200.0,200.0,U
7053,-61.489304290395395,15.365604738218464,200.0,200.0,U
7054,-61.48798696861741,15.365659920245127,200.0,200.0,U
7055,-61.48871057678584,15.36609693139913,200.0,200.0,U
7056,-61.490221213782824,15.365090315774035,200.0,200.0,U
7057,-61.48939737416636,15.364033051163453,200.0,200.0,U
7058,-61.49007139249392,15.365394071713624,200.0,200.0,U
7059,-61.49064785604928,15.368118942348639,200.0,200.0,U
7060,-61.48926155322005,15.365989319995142,200.0,200.0,U
7061,-61.491810133349766,15.365819997888233,200.0,200.0,U
7062,-61.49009916639624,15.365133960437158,200.0,200.0,U
7063,-61.489102372332816,15.363429395450483,200.0,200.0,U
7064,-61.488695313514285,15.36578664219436,200.0,200.0,U
7065,-61.48848733736709,15.366127384651213,200.0,200.0,U
7066,-61.48976653313151,15.36534504390905,200.0,200.0,U
7067,-61.48946398927106,15.366862291123311,200.0,200.0,U
7068,-61.48931054025423,15.366024881046679,200.0,200.0,U
7069,-61.489016339285065,15.366747955735205,200.0,200.0,U
7070,-61.49004223964303,15.367575223833029,200.0,200.0,U
7071,-61.489204134703556,15.366580195765751,200.0,200.0,U
7072,-61.489477529884326,15.366496046287745,200.0,200.0,U
7073,-61.48900114650601,15.365635674722553,200.0,200.0,U
7074,-61.48904885429754,15.365609172334159,200.0,200.0,U
7075,-61.490060274737544,15.365438187339047,200.0,200.0,U
7076,-61.487777506031115,15.3687804392794,200.0,200.0,U
7077,-61.491131929859186,15.365753143600488,200.0,200.0,U
7078,-61.48903049329418,15.365161318849731,200.0,200.0,U
7079,-61.48938945003818,15.36452479932186,200.0,200.0,U
7080,-61.487851119084226,15.365330423389844,200.0,200.0,U
7081,-61.48884590875873,15.365403885213007,200.0,200.0,U
7082,-61.49145536204505,15.366888401221264,200.0,200.0,U
7083,-61.488455092461564,15.363910043727934,200.0,200.0,U
7084,-61.48843185037756,15.364497583196036,200.0,200.0,U
7085,-61.48937016175221,15.360595943747459,200.0,200.0,U
7086,-61.49050864692647,15.364164158099541,200.0,200.0,U
7087,-61.48897421221526,15.362146802949615,200.0,200.0,U
7088,-61.48759991631927,15.36521978905766,200.0,200.0,U
7089,-61.48879317664459,15.365516610283704,200.0,200.0,U
7090,-61.48886702868888,15.364926250616579,200.0,200.0,U
7091,-61.488672900301275,15.365430048046449,200.0,200.0,U
7092,-61.48850189603101,15.36554670005085,200.0,200.0,U
7093,-61.48568087843942,15.365831903842516,200.0,200.0,U
7094,-61.488213273999456,15.367007887115124,200.0,200.0,U
7095,-61.48857328140794,15.36534546380408,200.0,200.0,U
7096,-61.48507997781166,15.365733473323315,200.0,200.0,U
7097,-61.48509531624753,15.364599428561325,200.0,200.0,U
7098,-61.48895784864749,15.365157918380122,200.0,200.0,U
7099,-61.487568405379164,15.364532311776333,200.0,200.0,U
7100,-61.48662243858766,15.364319769762252,200.0,200.0,U
7101,-61.48702496010465,15.363632068600417,200.0,200.0,U
7102,-61.48851028219241,15.366978282636701,200.0,200.0,U
7103,-61.48880349882723,15.364525666421526,200.0,200.0,U
7104,-61.488822558573695,15.365748780604154,200.0,200.0,U
7105,-61.48665356929189,15.364954999090754,200.0,200.0,U
7106,-61.488533965834435,15.364378717240525,200.0,200.0,U
7107,-61.491572713849564,15.361496815316938,200.0,200.0,U
7108,-61.48852290682147,15.365097938963162,200.0,200.0,U
7109,-61.48815048137623,15.365047170207546,200.0,200.0,U
7110,-61.48826919440289,15.366204762447856,200.0,200.0,U
7111,-61.48921012556143,15.364839768020977,200.0,200.0,U
7112,-61.4881635182883,15.363790061331642,200.0,200.0,U
7113,-61.48663323535003,15.361760575468422,200.0,200.0,U
7114,-61.48627918143645,15.36754404335863,200.0,200.0,U
7115,-61.487746558340625,15.364405779025738,200.0,200.0,U
7116,-61.488590613445325,15.365998798178989,200.0,200.0,U
7117,-61.48645292703626,15.3654847468842,200.0,200.0,U
7118,-61.488575228406994,15.364005439756115,200.0,200.0,U
7119,-61.48885920159191,15.368304235971111,200.0,200.0,U
7120,-61.48829097516089,15.362254573447643,200.0,200.0,U
7121,-61.48825799471797,15.366019583703205,200.0,200.0,U
7122,-61.48831666016513,15.363986494810549,200.0,200.0,U
7123,-61.49178054027779,15.364753774114464,200.0,200.0,U
7124,-61.488557509297095,15.36463373323101,200.0,200.0,U
7125,-61.48915510024081,15.363850001750036,200.0,200.0,U
7126,-61.488469993079065,15.364697285425565,200.0,200.0,U
7127,-61.48818590469592,15.36514223037325,200.0,200.0,U
7128,-61.48716964269451,15.364041691982278,200.0,200.0,U
7129,-61.489588577914944,15.364094137185797,200.0,200.0,U
7130,-61.48859024147226,15.364601227388778,200.0,200.0,U
7131,-61.48662056626021,15.36829031752301,200.0,200.0,U
7132,-61.48756809289227,15.363673903054798,200.0,200.0,U
7133,-61.48870079224108,15.36423002972481,200.0,200.0,U
7134,-61.48919123620322,15.364412123190835,200.0,200.0,U
7135,-61.486931255326766,15.365383080953961,200.0,200.0,U
7136,-61.487494341853456,15.362791271238022,200.0,200.0,U
7137,-61.48741723421577,15.364811655190694,200.0,200.0,U
7138,-61.488831319080646,15.365990859074365,200.0,200.0,U
7139,-61.489292668908774,15.365683586668554,200.0,200.0,U
7140,-61.48745134868278,15.364726316812614,200.0,200.0,U
7141,-61.48791360626264,15.364744640392628,200.0,200.0,U
7142,-61.4911837070148,15.362117021240115,200.0,200.0,U
7143,-61.48717036039934,15.364802868541197,200.0,200.0,U
7144,-61.48830927280612,15.36441445121897,200.0,200.0,U
7145,-61.484759118074486,15.365250695034657,200.0,200.0,U
7146,-61.48811383440762,15.364473323282034,200.0,200.0,U
7147,-61.48364945290159,15.366021297739948,200.0,200.0,U
7148,-61.48715124649737,15.363687701995218,200.0,200.0,U
7149,-61.48756775809347,15.36397004317347,200.0,200.0,U
7150,-61.4881926930774,15.36688219930274,200.0,200.0,U
7151,-61.48755373461957,15.364228660474948,200.0,200.0,U
7152,-61.48993765992246,15.36478865052237,200.0,200.0,U
7153,-61.487644793966595,15.36422519043215,200.0,200.0,U
7154,-61.48726682072116,15.365292228240289,200.0,200.0,U
7155,-61.48799818859044,15.364297075688663,200.0,200.0,U
7156,-61.489649162201694,15.362626983442402,200.0,200.0,U
7157,-61.488199480372245,15.36462540328989,200.0,200.0,U
7158,-61.488056665131914,15.365833776872131,200.0,200.0,U
7159,-61.48814621836911,15.364336450658305,200.0,200.0,U
7160,-61.48593761789327,15.365386878960539,200.0,200.0,U
7161,-61.487821085866884,15.364642082720128,200.0,200.0,U
7162,-61.48806907235642,15.364095531851786,200.0,200.0,U
7163,-61.48847142344291,15.364614188180363,200.0,200.0,U
7164,-61.48789193613692,15.363834770559262,200.0,200.0,U
7165,-61.48767818609271,15.36250913448402,200.0,200.0,U
7166,-61.488385788952364,15.3622446623086,200.0,200.0,U
7167,-61.48926658251468,15.36498371199896,200.0,200.0,U
7168,-61.48813650479273,15.364321794718935,200.0,200.0,U
7169,-61.49085226850839,15.366175069317935,200.0,200.0,U
7170,-61.486447048468385,15.36567072851016,200.0,200.0,U
7171,-61.48762149385044,15.365356521267955,200.0,200.0,U
7172,-61.48678537704217,15.365112092568017,200.0,200.0,U
7173,-61.48819365789537,15.364822591988677,200.0,200.0,U
7174,-61.48832322464816,15.363190561530509,200.0,200.0,U
7175,-61.48840000889886,15.366357176565991,200.0,200.0,U
7176,-61.48642413472311,15.36375679798716,200.0,200.0,U
7177,-61.48969330007205,15.363575418148923,200.0,200.0,U
7178,-61.48653120237717,15.36430337751768,200.0,200.0,U
7179,-61.48759783221757,15.365507829126633,200.0,200.0,U
7180,-61.48729670144999,15.36402127033735,200.0,200.0,U
7181,-61.48868830214824,15.363131944540577,200.0,200.0,U
7182,-61.489005787663665,15.365140888394047,200.0,200.0,U
7183,-61.488057545875975,15.364190640356991,200.0,200.0,U
7184,-61.48756620064429,15.364138307576516,200.0,200.0,U
7185,-61.48818894245863,15.36371775684343,200.0,200.0,U
7186,-61.48800809100901,15.363925890568002,200.0,200.0,U
7187,-61.493009920878784,15.364750264151509,200.0,200.0,U
7188,-61.48658687387553,15.366702074363943,200.0,200.0,U
7189,-61.48636936843109,15.364477635813737,200.0,200.0,U
7190,-61.48796395570684,15.364034055577177,200.0,200.0,U
7191,-61.48774844083537,15.36349308493359,200.0,200.0,U
7192,-61.48777470880132,15.36396730439283,200.0,200.0,U
7193,-61.49179436662693,15.366877593915929,200.0,200.0,U
7194,-61.48699010435764,15.364991923575836,200.0,200.0,U
7195,-61.48669952459842,15.365019886514508,200.0,200.0,U
7196,-61.49056855465103,15.36347220775734,200.0,200.0,U
7197,-61.488519529882254,15.362396269800415,200.0,200.0,U
7198,-61.48671885105625,15.363789960470799,200.0,200.0,U
7199,-61.48751694751671,15.364907699636673,200.0,200.0,U
7200,-61.48772329515217,15.363892324342086,200.0,200.0,U
7201,-61.48935564234567,15.365376599460047,200.0,200.0,U
7202,-61.48406802187166,15.36187660929227,200.0,200.0,U
7203,-61.48616941323415,15.363463495311342,200.0,200.0,U
7204,-61.48830715745891,15.363188858549245,200.0,200.0,U
7205,-61.489763505804184,15.362934994048356,200.0,200.0,U
7206,-61.490002369467156,15.361648288388311,200.0,200.0,U
7207,-61.487755053703616,15.363698899893585,200.0,200.0,U
7208,-61.486723662189895,15.363495320633625,200.0,200.0,U
7209,-61.48740593319056,15.362417334536566,200.0,200.0,U
7210,-61.487923681117934,15.363743229011336,200.0,200.0,U
7211,-61.48823845281634,15.364188481614494,200.0,200.0,U
7212,-61.48702973567661,15.363139236632158,200.0,200.0,U
7213,-61.48692356971981,15.36328350557025,200.0,200.0,U
7214,-61.48453583800415,15.361624412736345,200.0,200.0,U
7215,-61.48602140753257,15.364720869760072,200.0,200.0,U
7216,-61.48747962972606,15.363372013011743,200.0,200.0,U
7217,-61.48706782817121,15.363794695741907,200.0,200.0,U
7218,-61.48749632277288,15.3641748939347,200.0,200.0,U
7219,-61.48760800720129,15.363861399480182,200.0,200.0,U
7220,-61.48592521325617,15.362351179541909,200.0,200.0,U
7221,-61.48834044170908,15.36484508803184,200.0,200.0,U
7222,-61.48734090455718,15.362747972946389,200.0,200.0,U
7223,-61.4865564585378,15.367022474003761,200.0,200.0,U
7224,-61.48735268533747,15.364113431494387,200.0,200.0,U
7225,-61.48720118702251,15.363274860200194,200.0,200.0,U
7226,-61.486827453497455,15.36321019557416,200.0,200.0,U
7227,-61.48887365950733,15.36615941591299,200.0,200.0,U
7228,-61.48557913959395,15.364765966111234,200.0,200.0,U
7229,-61.48694922842575,15.364941446050315,200.0,200.0,U
7230,-61.48614585702593,15.363905880696867,200.0,200.0,U
7231,-61.48762267733237,15.363499728157523,200.0,200.0,U
7232,-61.483081837882885,15.364591568422776,200.0,200.0,U
7233,-61.487288261478724,15.365474853940832,200.0,200.0,U
7234,-61.485977282911875,15.364312893713743,200.0,200.0,U
7235,-61.4854142727978,15.361755125195584,200.0,200.0,U
7236,-61.48979976614351,15.364081800594985,200.0,200.0,U
7237,-61.485768079861096,15.363604193327717,200.0,200.0,U
7238,-61.48679357182081,15.363685082615731,200.0,200.0,U
7239,-61.48590543957705,15.363033440076835,200.0,200.0,U
7240,-61.48733718582668,15.363238250408912,200.0,200.0,U
7241,-61.486125028046956,15.363162690942177,200.0,200.0,U
7242,-61.48640402418165,15.363708481462314,200.0,200.0,U
7243,-61.488620590363844,15.363389800780283,200.0,200.0,U
7244,-61.48711746955122,15.363375916254013,200.0,200.0,U
7245,-61.48698898287299,15.363366902032638,200.0,200.0,U
7246,-61.48679282828337,15.362447573446461,200.0,200.0,U
7247,-61.48803555661095,15.362954059239074,200.0,200.0,U
7248,-61.487645207832095,15.364530520073266,200.0,200.0,U
7249,-61.48816409742302,15.360718088841429,200.0,200.0,U
7250,-61.488163273708075,15.361371723599918,200.0,200.0,U
7251,-61.48842309260968,15.363164796025496,200.0,200.0,U
7252,-61.486060933890414,15.362146511484399,200.0,200.0,U
7253,-61.48726833570945,15.363206318898847,200.0,200.0,U
7254,-61.485742685432946,15.363051251044423,200.0,200.0,U
7255,-61.486798386548195,15.362904818139402,200.0,200.0,U
7256,-61.48894587486989,15.362673284682524,200.0,200.0,U
7257,-61.48711146474156,15.363115003961582,200.0,200.0,U
7258,-61.487072644726,15.362698757881912,200.0,200.0,U
7259,-61.49029697260087,15.36228710187153,200.0,200.0,U
7260,-61.48722171976277,15.363373662512236,200.0,200.0,U
7261,-61.4889354680422,15.36207262486194,200.0,200.0,U
7262,-61.48656625157846,15.363335172462207,200.0,200.0,U
7263,-61.48727021328304,15.362267428300806,200.0,200.0,U
7264,-61.48683798419738,15.36290767770293,200.0,200.0,U
7265,-61.48759296563754,15.362835486869932,200.0,200.0,U
7266,-61.48656139660935,15.36076888118605,200.0,200.0,U
7267,-61.48606991253938,15.362244819821548,200.0,200.0,U
7268,-61.487030010923604,15.362911289013347,200.0,200.0,U
7269,-61.487947673482424,15.361633495901268,200.0,200.0,U
7270,-61.487203232047825,15.362819940312962,200.0,200.0,U
7271,-61.48631542524159,15.361649714581132,200.0,200.0,U
7272,-61.48864703168823,15.362906371872198,200.0,200.0,U
7273,-61.487203918266616,15.36253996679606,200.0,200.0,U
7274,-61.482919618587154,15.364233480375999,200.0,200.0,U
7275,-61.48374296734146,15.364575426106535,200.0,200.0,U
7276,-61.487138468642065,15.362636448904707,200.0,200.0,U
7277,-61.489213417527665,15.359661902814496,200.0,200.0,U
7278,-61.48612469100196,15.36430526227839,200.0,200.0,U
7279,-61.48705500340103,15.36248529386409,200.0,200.0,U
7280,-61.48756553619728,15.362764207182002,200.0,200.0,U
7281,-61.486871328646984,15.362743959668078,200.0,200.0,U
7282,-61.48585127306891,15.362974584831628,200.0,200.0,U
7283,-61.4864094232849,15.36295883814006,200.0,200.0,U
7284,-61.48665473418803,15.361713565745882,200.0,200.0,U
7285,-61.48766457049495,15.36478609756906,200.0,200.0,U
7286,-61.48677921099353,15.363144626256014,200.0,200.0,U
-421,-61.515581876938434,15.436469883295267,10.0,10.0,G
-420,-61.51564207204139,15.436489820922974,10.0,10.0,G
-419,-61.5156207407867,15.436423058629604,10.0,10.0,G
-418,-61.51562472129257,15.436411634385905,10.0,10.0,G
-417,-61.515567485007395,15.436542495842628,10.0,10.0,G
-416,-61.51560814987478,15.436321728115502,10.0,10.0,G
-415,-61.51560217967681,15.436438516170927,10.0,10.0,G
-414,-61.51558531931384,15.43639219775193,10.0,10.0,G
-413,-61.515622323798695,15.436375774624159,10.0,10.0,G
-412,-61.515601891425014,15.436385827849257,10.0,10.0,G
-411,-61.5157039139986,15.436129994930953,10.0,10.0,G
-410,-61.51561922860904,15.43632905804898,10.0,10.0,G
-409,-61.51560548512563,15.436324684036979,10.0,10.0,G
-408,-61.51550189663057,15.436340357959834,10.0,10.0,G
-407,-61.5155666350497,15.436487859336168,10.0,10.0,G
-406,-61.515566929132596,15.436331678559338,10.0,10.0,G
-405,-61.5156738448331,15.436298227180876,10.0,10.0,G
-404,-61.51557902762991,15.436214616881077,10.0,10.0,G
-403,-61.515607850703034,15.436261157052895,10.0,10.0,G
-402,-61.515609502300364,15.436165728204903,10.0,10.0,G
-401,-61.51558419124633,15.436278210287531,10.0,10.0,G
-400,-61.515590976161256,15.436316558740847,10.0,10.0,G
-399,-61.515517354188496,15.43624260727106,10.0,10.0,G
-398,-61.515895560771995,15.43621058664973,10.0,10.0,G
-397,-61.51570242177334,15.436295673788686,10.0,10.0,G
-396,-61.51557183241181,15.436228006915407,10.0,10.0,G
-395,-61.51564918924625,15.436249956935827,10.0,10.0,G
-394,-61.515564892402985,15.436213911977969,10.0,10.0,G
-393,-61.515633093727736,15.436229810823352,10.0,10.0,G
-392,-61.515572809147294,15.436095924303682,10.0,10.0,G
-391,-61.5155903438182,15.43619510809477,10.0,10.0,G
-390,-61.51556860527729,15.436183826149005,10.0,10.0,G
-389,-61.51559963502809,15.436203294680375,10.0,10.0,G
-388,-61.51556091386526,15.436199920780792,10.0,10.0,G
-387,-61.51554447786445,15.436051384511154,10.0,10.0,G
-386,-61.5154311822342,15.436167073193701,10.0,10.0,G
-385,-61.51550550378349,15.43610562454168,10.0,10.0,G
-384,-61.51555063762662,15.436120618546806,10.0,10.0,G
-383,-61.5155287968837,15.436097980316342,10.0,10.0,G
-382,-61.51560238155759,15.436082948296733,10.0,10.0,G
-381,-61.5154947974683,15.43616769550692,10.0,10.0,G
-380,-61.515550341176095,15.436119780913577,10.0,10.0,G
-379,-61.51553404033547,15.436084822130336,10.0,10.0,G
-378,-61.51557262521537,15.436048078684086,10.0,10.0,G
-377,-61.51542995014555,15.436038605584095,10.0,10.0,G
-376,-61.515542041430706,15.436100976385069,10.0,10.0,G
-375,-61.515545610300684,15.435944303005588,10.0,10.0,G
-374,-61.51553388256421,15.436034684422374,10.0,10.0,G
-373,-61.515527817406834,15.436007973383935,10.0,10.0,G
-372,-61.51550838059728,15.436017891372591,10.0,10.0,G
-371,-61.515558107220286,15.435998476601261,10.0,10.0,G
-370,-61.51558407155296,15.436085630736988,10.0,10.0,G
-369,-61.51552670804243,15.435982006675419,10.0,10.0,G
-368,-61.515490903075445,15.435984383224099,10.0,10.0,G
-367,-61.51560146231623,15.436041408698845,10.0,10.0,G
-366,-61.515653900407294,15.436164328837364,10.0,10.0,G
-365,-61.51554877032678,15.435988467816278,10.0,10.0,G
-364,-61.51563722996665,15.435789368948694,10.0,10.0,G
-363,-61.51547704920693,15.435812466345778,10.0,10.0,G
-362,-61.51541451725432,15.435869371729089,10.0,10.0,G
-361,-61.51552200484127,15.435889210555322,10.0,10.0,G
-360,-61.51555811683279,15.435818638168803,10.0,10.0,G
-359,-61.51550817120841,15.435909928316663,10.0,10.0,G
-358,-61.5154926542203,15.435856797579751,10.0,10.0,G
-357,-61.515450715017316,15.435973410445063,10.0,10.0,G
-356,-61.51549466135481,15.43591424313329,10.0,10.0,G
-355,-61.515496629958385,15.435875975674001,10.0,10.0,G
-354,-61.51548465894258,15.435982177074633,10.0,10.0,G
-353,-61.51548894361834,15.435797877599713,10.0,10.0,G
-352,-61.515559567170065,15.435971296599316,10.0,10.0,G
-351,-61.5154792223856,15.435888269169405,10.0,10.0,G
-350,-61.51557520329689,15.435770246918436,10.0,10.0,G
-349,-61.51547466599848,15.435856430318365,10.0,10.0,G
-348,-61.51562171387318,15.435972080011021,10.0,10.0,G
-347,-61.515532122024744,15.4357046113714,10.0,10.0,G
-346,-61.51546291126547,15.43585494877902,10.0,10.0,G
-345,-61.51547396711473,15.435736188360673,10.0,10.0,G
-344,-61.515464547105545,15.435803924890186,10.0,10.0,G
-343,-61.515501514237016,15.435861419650443,10.0,10.0,G
-342,-61.51534504264384,15.435836022538913,10.0,10.0,G
-341,-61.51557841041136,15.435760196320723,10.0,10.0,G
-340,-61.5154072209359,15.435848514727711,10.0,10.0,G
-339,-61.515495526724926,15.435738351456237,10.0,10.0,G
-338,-61.51543698165,15.435731192732058,10.0,10.0,G
-337,-61.51549090033853,15.43574515154735,10.0,10.0,G
-336,-61.51537629665326,15.435684788023059,10.0,10.0,G
-335,-61.51543078823161,15.435709402615027,10.0,10.0,G
-334,-61.51548341732845,15.43570149765652,10.0,10.0,G
-333,-61.515462811384644,15.435687312693185,10.0,10.0,G
-332,-61.51547928567395,15.435684002168287,10.0,10.0,G
-331,-61.515369572946824,15.435636106948154,10.0,10.0,G
-330,-61.51535702417006,15.43562659114723,10.0,10.0,G
-329,-61.515463660432275,15.435663832673441,10.0,10.0,G
-328,-61.51537116605204,15.435524795194771,10.0,10.0,G
-327,-61.51539340008589,15.4356065978183,10.0,10.0,G
-326,-61.51545487121274,15.435633123198874,10.0,10.0,G
-325,-61.51551693753538,15.435666245774879,10.0,10.0,G
-324,-61.51550593033074,15.435630722579548,10.0,10.0,G
-323,-61.51551166190074,15.435561565554591,10.0,10.0,G
-322,-61.515463520799216,15.435661737478597,10.0,10.0,G
-321,-61.51542269568814,15.435575937669507,10.0,10.0,G
-320,-61.515347981594275,15.435570414821271,10.0,10.0,G
-319,-61.51539793967141,15.435700010525728,10.0,10.0,G
-318,-61.51539659869615,15.435536971411214,10.0,10.0,G
-317,-61.51539659171566,15.43567681390208,10.0,10.0,G
-316,-61.51536778622958,15.435463111530815,10.0,10.0,G
-315,-61.51544936464603,15.43552356655507,10.0,10.0,G
-314,-61.51542172975016,15.435697961567381,10.0,10.0,G
-313,-61.515329910720745,15.435481245140616,10.0,10.0,G
-312,-61.51544881196013,15.4355279648323,10.0,10.0,G
-311,-61.51549663155858,15.435427141926091,10.0,10.0,G
-310,-61.51549870436248,15.435415302380076,10.0,10.0,G
-309,-61.51541413096217,15.435507214018466,10.0,10.0,G
-308,-61.51540128573507,15.435463834106107,10.0,10.0,G
-307,-61.51543553820962,15.435535486430409,10.0,10.0,G
-306,-61.51526574766054,15.43556012654112,10.0,10.0,G
-305,-61.51533841342169,15.43554718337287,10.0,10.0,G
-304,-61.515413862683864,15.435442350185316,10.0,10.0,G
-303,-61.5154332158439,15.435435120979824,10.0,10.0,G
-302,-61.515373875275564,15.435497427638197,10.0,10.0,G
-301,-61.51541954472822,15.435373340057597,10.0,10.0,G
-300,-61.51545454134436,15.4353285959517,10.0,10.0,G
-299,-61.51542306602574,15.435527892740813,10.0,10.0,G
-298,-61.51546402973275,15.435393944086462,10.0,10.0,G
-297,-61.51541067007256,15.435380848900211,10.0,10.0,G
-296,-61.51541709465364,15.435335247103243,10.0,10.0,G
-295,-61.515389645924934,15.435434688419349,10.0,10.0,G
-294,-61.51537975835973,15.435353356366939,10.0,10.0,G
-293,-61.51537975814547,15.435172527233766,10.0,10.0,G
-292,-61.51529540066073,15.435415905096935,10.0,10.0,G
-291,-61.515177526926244,15.435322526380434,10.0,10.0,G
-290,-61.51533326465417,15.43529191265403,10.0,10.0,G
-289,-61.515497188421776,15.435272872168026,10.0,10.0,G
-288,-61.515434359891046,15.435209682451017,10.0,10.0,G
-287,-61.51538469634521,15.435292063887099,10.0,10.0,G
-286,-61.51536553559159,15.435305419553794,10.0,10.0,G
-285,-61.51529856406708,15.435223919534844,10.0,10.0,G
-284,-61.51535806468232,15.435337443834507,10.0,10.0,G
-283,-61.51529792118675,15.435198376079883,10.0,10.0,G
-282,-61.515240971103665,15.435327322315766,10.0,10.0,G
-281,-61.51534266879147,15.435392249111324,10.0,10.0,G
-280,-61.51530554412259,15.435220167192732,10.0,10.0,G
-279,-61.51527617379959,15.435436863299465,10.0,10.0,G
-278,-61.515350819573484,15.435060242636714,10.0,10.0,G
-277,-61.51536882304353,15.43521397425965,10.0,10.0,G
-276,-61.515373801957544,15.435099136465084,10.0,10.0,G
-275,-61.51533888124891,15.435193190704595,10.0,10.0,G
-274,-61.515370009124155,15.435164893625554,10.0,10.0,G
-273,-61.515286755467805,15.43517326766263,10.0,10.0,G
-272,-61.51535524870888,15.435113766902745,10.0,10.0,G
-271,-61.51535489107659,15.435211692919788,10.0,10.0,G
-270,-61.5153555656752,15.435155135543656,10.0,10.0,G
-269,-61.515300148003156,15.435134596716159,10.0,10.0,G
-268,-61.51539051544137,15.435148342567269,10.0,10.0,G
-267,-61.51522115663158,15.435182586657573,10.0,10.0,G
-266,-61.51535436135373,15.435113281343432,10.0,10.0,G
-265,-61.51536556394483,15.435193682558262,10.0,10.0,G
-264,-61.515402452951335,15.43495356282276,10.0,10.0,G
-263,-61.51528923904049,15.435178063786502,10.0,10.0,G
-262,-61.515313764001306,15.43509933790766,10.0,10.0,G
-261,-61.51535896585124,15.435082925119165,10.0,10.0,G
-260,-61.51533465009978,15.435085922173627,10.0,10.0,G
-259,-61.515453378631705,15.4351544351394,10.0,10.0,G
-258,-61.51533305315499,15.435047577308497,10.0,10.0,G
-257,-61.51532680619523,15.435038706660334,10.0,10.0,G
-256,-61.515407248032425,15.434994892314942,10.0,10.0,G
-255,-61.51533167712862,15.435041691574245,10.0,10.0,G
-254,-61.51531338973046,15.435037507266873,10.0,10.0,G
-253,-61.51524621994672,15.435054276694975,10.0,10.0,G
-252,-61.515318133329984,15.434965227186721,10.0,10.0,G
-251,-61.51527677012279,15.435003205254304,10.0,10.0,G
-250,-61.5153189760017,15.434978703353067,10.0,10.0,G
-249,-61.51546280270061,15.435140428241047,10.0,10.0,G
-248,-61.51538589923395,15.434897217541833,10.0,10.0,G
-247,-61.515321253335394,15.43498571692966,10.0,10.0,G
-246,-61.51530910365698,15.434944487117555,10.0,10.0,G
-245,-61.51537986116928,15.434992997299023,10.0,10.0,G
-244,-61.515319030872696,15.43495342089144,10.0,10.0,G
-243,-61.515293294667664,15.434926182288477,10.0,10.0,G
-242,-61.51525255889116,15.43499936233717,10.0,10.0,G
-241,-61.51531433183737,15.43489676997469,10.0,10.0,G
-240,-61.51522115638992,15.434809911959437,10.0,10.0,G
-239,-61.51530291912591,15.434801219537237,10.0,10.0,G
-238,-61.515278058412285,15.434900326559438,10.0,10.0,G
-237,-61.51530230013297,15.434857284508473,10.0,10.0,G
-236,-61.51529297236145,15.434880594968677,10.0,10.0,G
-235,-61.51529221228343,15.434856710292292,10.0,10.0,G
-234,-61.51529177655056,15.434856256558986,10.0,10.0,G
-233,-61.51527961871785,15.434746719340062,10.0,10.0,G
-232,-61.51534537936633,15.434830873029163,10.0,10.0,G
-231,-61.51523759670436,15.434784964958475,10.0,10.0,G
-230,-61.51531328446251,15.43476718345349,10.0,10.0,G
-229,-61.515353577090785,15.434810250537302,10.0,10.0,G
-228,-61.515300399227584,15.43481654451664,10.0,10.0,G
-227,-61.51539073127785,15.434717373726597,10.0,10.0,G
-226,-61.515275912019284,15.434772963715384,10.0,10.0,G
-225,-61.515207134508756,15.43485775370483,10.0,10.0,G
-224,-61.515208174107755,15.434664135656915,10.0,10.0,G
-223,-61.515270217120815,15.43476289179978,10.0,10.0,G
-222,-61.51532233192477,15.434752529006829,10.0,10.0,G
-221,-61.51510351490297,15.434777885099734,10.0,10.0,G
-220,-61.51523731443328,15.434747311318738,10.0,10.0,G
-219,-61.515251632359174,15.43470285932872,10.0,10.0,G
-218,-61.515433462213444,15.434735636657793,10.0,10.0,G
-217,-61.51519274260358,15.434643809090645,10.0,10.0,G
-216,-61.515201681623516,15.434779171433894,10.0,10.0,G
-215,-61.51522441761619,15.434689074664306,10.0,10.0,G
-214,-61.51520643859203,15.4346437747825,10.0,10.0,G
-213,-61.515070570878095,15.434685081814504,10.0,10.0,G
-212,-61.51525361072031,15.434681725190408,10.0,10.0,G
-211,-61.51526634096977,15.43463373201617,10.0,10.0,G
-210,-61.51521234398024,15.43478938174772,10.0,10.0,G
-209,-61.51528932805687,15.434672785251708,10.0,10.0,G
-208,-61.515302979641916,15.434585315884435,10.0,10.0,G
-207,-61.51524232282254,15.434638579234147,10.0,10.0,G
-206,-61.51527472041204,15.434635171425032,10.0,10.0,G
-205,-61.51514032219313,15.434541574635233,10.0,10.0,G
-204,-61.515310958137015,15.434489536516217,10.0,10.0,G
-203,-61.51539652818598,15.434655438486297,10.0,10.0,G
-202,-61.51514946340125,15.434522972923691,10.0,10.0,G
-201,-61.51535909576647,15.434463341453405,10.0,10.0,G
-200,-61.5152118218167,15.43454248385562,10.0,10.0,G
-199,-61.51524458753162,15.434542799634587,10.0,10.0,G
-198,-61.51523330160255,15.434532468398936,10.0,10.0,G
-197,-61.51514090650889,15.434540395527385,10.0,10.0,G
-196,-61.515229066451084,15.434431790220305,10.0,10.0,G
-195,-61.5152168054382,15.434504626080992,10.0,10.0,G
-194,-61.51517211482019,15.43445708469861,10.0,10.0,G
-193,-61.51529427558328,15.43439876794829,10.0,10.0,G
-192,-61.515202656200046,15.434495715595396,10.0,10.0,G
-191,-61.515234094409735,15.434467981386286,10.0,10.0,G
-190,-61.51521934784181,15.434474669303816,10.0,10.0,G
-189,-61.515259009161085,15.434423793390303,10.0,10.0,G
-188,-61.515199510005615,15.434469576846165,10.0,10.0,G
-187,-61.515207374474045,15.434457623707438,10.0,10.0,G
-186,-61.515243846711556,15.434351063690789,10.0,10.0,G
-185,-61.515174614975116,15.434386357659344,10.0,10.0,G
-184,-61.51517689781267,15.434377578784881,10.0,10.0,G
-183,-61.51499967444079,15.434487573478034,10.0,10.0,G
-182,-61.515260678437805,15.434417157083375,10.0,10.0,G
-181,-61.515131297010775,15.43439802349612,10.0,10.0,G
-180,-61.515097613107606,15.434243778868472,10.0,10.0,G
-179,-61.51518942464716,15.43437414524162,10.0,10.0,G
-178,-61.5152219683794,15.43443060218853,10.0,10.0,G
-177,-61.51529350730655,15.43418040737249,10.0,10.0,G
-176,-61.51507955467027,15.434223119220619,10.0,10.0,G
-175,-61.51515179928907,15.434349106681383,10.0,10.0,G
-174,-61.51522540362033,15.434408092097424,10.0,10.0,G
-173,-61.51513027778736,15.434307063614604,10.0,10.0,G
-172,-61.51518507035676,15.434333308178857,10.0,10.0,G
-171,-61.515134110519305,15.434304029059119,10.0,10.0,G
-170,-61.51519156467127,15.434449087212002,10.0,10.0,G
-169,-61.515275145406946,15.434292078436053,10.0,10.0,G
-168,-61.515246128817154,15.434237297309217,10.0,10.0,G
-167,-61.515224595029935,15.434323561029693,10.0,10.0,G
-166,-61.5151533901167,15.434433876214515,10.0,10.0,G
-165,-61.515176082567386,15.434237452614923,10.0,10.0,G
-164,-61.51520784131549,15.434161589945528,10.0,10.0,G
-163,-61.51517447535606,15.434355381823424,10.0,10.0,G
-162,-61.51522181688198,15.434343695923488,10.0,10.0,G
-161,-61.51506789654684,15.434143527653378,10.0,10.0,G
-160,-61.51515189600433,15.43436978833796,10.0,10.0,G
-159,-61.51520164047673,15.434230552507486,10.0,10.0,G
-158,-61.515162203082355,15.434182999057406,10.0,10.0,G
-157,-61.51526057654204,15.434132556009786,10.0,10.0,G
-156,-61.51519603978574,15.434141593591487,10.0,10.0,G
-155,-61.51512080915821,15.434212577578245,10.0,10.0,G
-154,-61.515246355927516,15.434227649089053,10.0,10.0,G
-153,-61.51516285511645,15.434166279007188,10.0,10.0,G
-152,-61.5151113189256,15.43410920875893,10.0,10.0,G
-151,-61.51503729321342,15.434039985949168,10.0,10.0,G
-150,-61.51527398576735,15.434171188596341,10.0,10.0,G
-149,-61.515225250542315,15.434076644752826,10.0,10.0,G
-148,-61.51511108731703,15.434144885641999,10.0,10.0,G
-147,-61.51514838269927,15.434093306193645,10.0,10.0,G
-146,-61.51506257228093,15.434164298209698,10.0,10.0,G
-145,-61.515224625550374,15.433995423936562,10.0,10.0,G
-144,-61.515114173969096,15.434131033417353,10.0,10.0,G
-143,-61.51517978500094,15.434064294397544,10.0,10.0,G
-142,-61.515122108614285,15.434084726928925,10.0,10.0,G
-141,-61.51512131210657,15.43409586640624,10.0,10.0,G
-140,-61.51508649010794,15.43408690828335,10.0,10.0,G
-139,-61.51514275431831,15.434056294946151,10.0,10.0,G
-138,-61.51501471372804,15.434003005326165,10.0,10.0,G
-137,-61.515111013355416,15.43404113904414,10.0,10.0,G
-136,-61.515136228930174,15.434028444957459,10.0,10.0,G
-135,-61.51511957534825,15.433968592841602,10.0,10.0,G
-134,-61.51512658995329,15.434082015248364,10.0,10.0,G
-133,-61.5150493220995,15.434145415654434,10.0,10.0,G
-132,-61.51507555504268,15.433941355501895,10.0,10.0,G
-131,-61.51507880636711,15.433891443665358,10.0,10.0,G
-130,-61.51510831483657,15.4338954005828,10.0,10.0,G
-129,-61.51506633190479,15.43391801363021,10.0,10.0,G
-128,-61.51509483872659,15.433925920585233,10.0,10.0,G
-127,-61.51512079571043,15.43388536644408,10.0,10.0,G
-126,-61.51509224888824,15.433885966764391,10.0,10.0,G
-125,-61.51512601874158,15.433919608745041,10.0,10.0,G
-124,-61.51504100487171,15.43380034165391,10.0,10.0,G
-123,-61.51509276332441,15.433849715615777,10.0,10.0,G
-122,-61.51510957612227,15.433805704842724,10.0,10.0,G
-121,-61.51514504553582,15.433796207690241,10.0,10.0,G
-120,-61.515094313366625,15.433888956799457,10.0,10.0,G
-119,-61.515081663743274,15.43384490566174,10.0,10.0,G
-118,-61.51498919337628,15.433754009679243,10.0,10.0,G
-117,-61.5150785285424,15.433877717388574,10.0,10.0,G
-116,-61.51507063157496,15.433795709661524,10.0,10.0,G
-115,-61.515142573153376,15.433944518286342,10.0,10.0,G
-114,-61.515099749393116,15.433789610283387,10.0,10.0,G
-113,-61.51508499400387,15.433797033445803,10.0,10.0,G
-112,-61.515041741900916,15.433852853501644,10.0,10.0,G
-111,-61.515072879803725,15.43380224139325,10.0,10.0,G
-110,-61.51513125837083,15.43375914112292,10.0,10.0,G
-109,-61.51508980829875,15.433940356870828,10.0,10.0,G
-108,-61.51525171483612,15.43383823844271,10.0,10.0,G
-107,-61.51499438977026,15.433812514389421,10.0,10.0,G
-106,-61.515067995746435,15.433754358452253,10.0,10.0,G
-105,-61.515051434175874,15.433738984516816,10.0,10.0,G
-104,-61.51515054415365,15.433733087384283,10.0,10.0,G
-103,-61.51484529155196,15.433764613552945,10.0,10.0,G
-102,-61.515033459797564,15.433701756609578,10.0,10.0,G
-101,-61.51511450847167,15.433709418914276,10.0,10.0,G
-100,-61.51504450892073,15.433734297420635,10.0,10.0,G
-99,-61.51507505995907,15.433705491613589,10.0,10.0,G
-98,-61.51505498026756,15.4337364437622,10.0,10.0,G
-97,-61.51505399385932,15.433598302800783,10.0,10.0,G
-96,-61.51505921463494,15.433614020534533,10.0,10.0,G
-95,-61.51500620145046,15.433546514790102,10.0,10.0,G
-94,-61.51508580852319,15.433646955733701,10.0,10.0,G
-93,-61.51505012916234,15.4335832451985,10.0,10.0,G
-92,-61.51503648501891,15.433691540656284,10.0,10.0,G
-91,-61.5150725201562,15.433641462226996,10.0,10.0,G
-90,-61.51500589382454,15.433660968928454,10.0,10.0,G
-89,-61.51487243661017,15.433471339521285,10.0,10.0,G
-88,-61.51504291553933,15.433663324410817,10.0,10.0,G
-87,-61.51496035896595,15.433618629060566,10.0,10.0,G
-86,-61.51503543783336,15.43359538197557,10.0,10.0,G
-85,-61.5150408489321,15.433375865848149,10.0,10.0,G
-84,-61.51491589515251,15.433586330813506,10.0,10.0,G
-83,-61.51509963561867,15.433585045754391,10.0,10.0,G
-82,-61.51512063194599,15.433545899680107,10.0,10.0,G
-81,-61.5149576405849,15.433580917973918,10.0,10.0,G
-80,-61.51502337440707,15.433533973747004,10.0,10.0,G
-79,-61.51507226478539,15.4334261170317,10.0,10.0,G
-78,-61.51496089981126,15.433508318960712,10.0,10.0,G
-77,-61.515037646647464,15.433635051245298,10.0,10.0,G
-76,-61.51510488288877,15.433519846005613,10.0,10.0,G
-75,-61.515026716834846,15.433555808371413,10.0,10.0,G
-74,-61.514974843488844,15.433454629543299,10.0,10.0,G
-73,-61.51500802676956,15.433365088265209,10.0,10.0,G
-72,-61.51505697709611,15.43353005531912,10.0,10.0,G
-71,-61.5147536056537,15.433387336080383,10.0,10.0,G
-70,-61.514938557350916,15.433440223179563,10.0,10.0,G
-69,-61.51510658161123,15.433479514670092,10.0,10.0,G
-68,-61.51502313530845,15.433430982284312,10.0,10.0,G
-67,-61.51493375978956,15.433363258841409,10.0,10.0,G
-66,-61.515009498383506,15.4334113240551,10.0,10.0,G
-65,-61.51505573605492,15.433524760495677,10.0,10.0,G
-64,-61.514908473814224,15.43342511697494,10.0,10.0,G
-63,-61.514991106174435,15.433365413154789,10.0,10.0,G
-62,-61.514946581206985,15.433430169685694,10.0,10.0,G
-61,-61.51499308320311,15.433428983762433,10.0,10.0,G
-60,-61.51516494801768,15.43341545887806,10.0,10.0,G
-59,-61.514981563533816,15.43335777880634,10.0,10.0,G
-58,-61.5150119237146,15.433393063210419,10.0,10.0,G
-57,-61.51498545294845,15.433322380117549,10.0,10.0,G
-56,-61.514997289592834,15.433347044914102,10.0,10.0,G
-55,-61.514928601919905,15.433156017859975,10.0,10.0,G
-54,-61.51497625724761,15.433387584869216,10.0,10.0,G
-53,-61.51496193009194,15.43330897735981,10.0,10.0,G
-52,-61.51497707410243,15.433290621658871,10.0,10.0,G
-51,-61.51517569885482,15.43326172571255,10.0,10.0,G
-50,-61.51487608987876,15.433417068403443,10.0,10.0,G
-49,-61.51499159973191,15.43327441545401,10.0,10.0,G
-48,-61.514982597273985,15.433249640584853,10.0,10.0,G
-47,-61.51495264505789,15.433237244709767,10.0,10.0,G
-46,-61.51496013940364,15.433247522870788,10.0,10.0,G
-45,-61.515098143366984,15.433238450850766,10.0,10.0,G
-44,-61.51510009828561,15.433256573646712,10.0,10.0,G
-43,-61.51486157366827,15.433200461773975,10.0,10.0,G
-42,-61.51496991728361,15.433159056256867,10.0,10.0,G
-41,-61.514969109302896,15.433198037121914,10.0,10.0,G
-40,-61.51506017178161,15.433257774555024,10.0,10.0,G
-39,-61.51489724261352,15.43321513319524,10.0,10.0,G
-38,-61.514950654861295,15.43314908403456,10.0,10.0,G
-37,-61.514904398081,15.433102304292609,10.0,10.0,G
-36,-61.51487497557486,15.433042490598394,10.0,10.0,G
-35,-61.51487521782449,15.433112324082066,10.0,10.0,G
-34,-61.514915302717576,15.433091791655906,10.0,10.0,G
-33,-61.51506180698892,15.433074054606589,10.0,10.0,G
-32,-61.51494204008049,15.433127807003693,10.0,10.0,G
-31,-61.51495167769165,15.433135325932133,10.0,10.0,G
-30,-61.51503174619217,15.432993771461824,10.0,10.0,G
-29,-61.5149352501256,15.433055025638115,10.0,10.0,G
-28,-61.51495344965413,15.43312603331238,10.0,10.0,G
-27,-61.51475146570377,15.433009764757307,10.0,10.0,G
-26,-61.514868538498646,15.433067245306088,10.0,10.0,G
-25,-61.514969707841445,15.432918281852766,10.0,10.0,G
-24,-61.5149664628291,15.433095440921278,10.0,10.0,G
-23,-61.5148688197912,15.43310355241571,10.0,10.0,G
-22,-61.514843784861306,15.432996678726424,10.0,10.0,G
-21,-61.51493409668641,15.433049418416884,10.0,10.0,G
-20,-61.515059773142426,15.432883401919998,10.0,10.0,G
-19,-61.51484360117477,15.432987166698283,10.0,10.0,G
-18,-61.51490262871226,15.432981464390709,10.0,10.0,G
-17,-61.51496319541929,15.432919739586044,10.0,10.0,G
-16,-61.51481268554612,15.433256378630206,10.0,10.0,G
-15,-61.514958361711116,15.43293179710162,10.0,10.0,G
-14,-61.514914082746984,15.43295173895296,10.0,10.0,G
-13,-61.51491145406109,15.432961083130913,10.0,10.0,G
-12,-61.51496721733084,15.433072608506576,10.0,10.0,G
-11,-61.514903531271976,15.432948147453775,10.0,10.0,G
-10,-61.514882558196135,15.432963599997573,10.0,10.0,G
-9,-61.514893547449354,15.432937082447882,10.0,10.0,G
-8,-61.51482328884902,15.432788471226877,10.0,10.0,G
-7,-61.51485960037116,15.432948073413446,10.0,10.0,G
-6,-61.51474341211696,15.43282793151713,10.0,10.0,G
-5,-61.51494905887849,15.43290181832187,10.0,10.0,G
-4,-61.51500729126561,15.433042840387264,10.0,10.0,G
-3,-61.514742528752954,15.432881433803454,10.0,10.0,G
-2,-61.51493423006871,15.432832336247184,10.0,10.0,G
-1,-61.51499959758835,15.432905592631116,10.0,10.0,G
0,-61.51500534970296,15.432820519331562,10.0,10.0,G
652,-61.51390759793067,15.427344461316723,10.0,10.0,G
653,-61.51393156040147,15.427307824438632,10.0,10.0,G
654,-61.51390689774069,15.427367526895386,10.0,10.0,G
655,-61.51403304009472,15.427464604139674,10.0,10.0,G
656,-61.51395708735051,15.427225846840383,10.0,10.0,G
657,-61.513707475159215,15.427401251581376,10.0,10.0,G
658,-61.513881480982946,15.427370179495242,10.0,10.0,G
659,-61.513877809455465,15.427467105652457,10.0,10.0,G
660,-61.513799466673916,15.427257071617078,10.0,10.0,G
661,-61.51387082004759,15.42733095328505,10.0,10.0,G
662,-61.513869751667286,15.427244557304574,10.0,10.0,G
663,-61.513783763735425,15.427216835826801,10.0,10.0,G
664,-61.51402062030203,15.42743182679709,10.0,10.0,G
665,-61.5138004421784,15.427237008054922,10.0,10.0,G
666,-61.51389782083881,15.427328792910675,10.0,10.0,G
667,-61.513984529455385,15.427281206851557,10.0,10.0,G
668,-61.51398029172362,15.427422848142768,10.0,10.0,G
669,-61.513943160386596,15.42711612382212,10.0,10.0,G
670,-61.513987183656184,15.427221115969306,10.0,10.0,G
671,-61.513907471147,15.427232931925575,10.0,10.0,G
672,-61.51382359885155,15.427295356527154,10.0,10.0,G
673,-61.51390124870851,15.427171347075149,10.0,10.0,G
674,-61.5138008079865,15.427228100164118,10.0,10.0,G
675,-61.51390010744285,15.427218723396784,10.0,10.0,G
676,-61.51388777475691,15.4272069215013,10.0,10.0,G
677,-61.513862949159254,15.42716792840161,10.0,10.0,G
678,-61.5138571199603,15.427170417157576,10.0,10.0,G
679,-61.51383372773028,15.427114938146346,10.0,10.0,G
680,-61.51384459359176,15.427118677070945,10.0,10.0,G
681,-61.513888702461784,15.427141953981439,10.0,10.0,G
682,-61.51382496762115,15.427042297983407,10.0,10.0,G
683,-61.51383000008503,15.427144064082912,10.0,10.0,G
684,-61.51377499557632,15.427115948395048,10.0,10.0,G
685,-61.513858605436134,15.427112671449796,10.0,10.0,G
686,-61.513901499215116,15.427057802663203,10.0,10.0,G
687,-61.513767703086195,15.42705811241188,10.0,10.0,G
688,-61.51381010618478,15.427162639831193,10.0,10.0,G
689,-61.51385517851309,15.427075703548068,10.0,10.0,G
690,-61.5137607319011,15.427097164390293,10.0,10.0,G
691,-61.51387241494069,15.427166359786916,10.0,10.0,G
692,-61.513778270958554,15.427106245162518,10.0,10.0,G
693,-61.51387286874556,15.427078012774736,10.0,10.0,G
694,-61.513909108884924,15.426961392300651,10.0,10.0,G
695,-61.51381663825341,15.427057323016909,10.0,10.0,G
696,-61.51387727959832,15.427122754221525,10.0,10.0,G
697,-61.5138578649685,15.42701349657258,10.0,10.0,G
698,-61.51393148538872,15.42687549859955,10.0,10.0,G
699,-61.51381943160695,15.42712646680076,10.0,10.0,G
700,-61.51383498895018,15.426970371283105,10.0,10.0,G
701,-61.5139734957719,15.427065895263306,10.0,10.0,G
702,-61.51373222699911,15.427002921198072,10.0,10.0,G
703,-61.51378230682847,15.426920581390426,10.0,10.0,G
704,-61.51390121059389,15.426920171398509,10.0,10.0,G
705,-61.51389973834969,15.426933121409625,10.0,10.0,G
706,-61.5138415615543,15.426935809120863,10.0,10.0,G
707,-61.51392786424354,15.427133193942234,10.0,10.0,G
708,-61.513863871100746,15.42692245760982,10.0,10.0,G
709,-61.513889193968154,15.426945921025919,10.0,10.0,G
710,-61.51380016523528,15.426923000709772,10.0,10.0,G
711,-61.513817977113845,15.426895133732538,10.0,10.0,G
712,-61.51386156477778,15.42687637622592,10.0,10.0,G
713,-61.51381298455031,15.426880212575115,10.0,10.0,G
714,-61.51379856428524,15.426860402552395,10.0,10.0,G
715,-61.51388365599461,15.426835788384832,10.0,10.0,G
716,-61.5137469313267,15.42683163826174,10.0,10.0,G
717,-61.513891687240005,15.426770277866714,10.0,10.0,G
718,-61.51395025963731,15.426917892900567,10.0,10.0,G
719,-61.513811405423226,15.426833247410263,10.0,10.0,G
720,-61.51378512224789,15.42686283778246,10.0,10.0,G
721,-61.5137009345212,15.426693962448287,10.0,10.0,G
722,-61.513715564070026,15.426682259204021,10.0,10.0,G
723,-61.5138356874489,15.426913595083242,10.0,10.0,G
724,-61.51381875849306,15.426769130227088,10.0,10.0,G
725,-61.51380565773753,15.426805307391989,10.0,10.0,G
726,-61.513799125336455,15.426759404601091,10.0,10.0,G
727,-61.5137919392651,15.426712754577501,10.0,10.0,G
728,-61.51364282489473,15.426638262502014,10.0,10.0,G
729,-61.5136751782132,15.426857303391673,10.0,10.0,G
730,-61.513729759371564,15.426703117310305,10.0,10.0,G
731,-61.51377941059072,15.426728444077993,10.0,10.0,G
732,-61.51365890288527,15.426537666606336,10.0,10.0,G
733,-61.51377788246519,15.426709014766278,10.0,10.0,G
734,-61.51374955639579,15.426776038771976,10.0,10.0,G
735,-61.51387793890109,15.426643317513394,10.0,10.0,G
736,-61.513629093978125,15.42662778990034,10.0,10.0,G
737,-61.51378494332933,15.426662941105098,10.0,10.0,G
738,-61.51383154321661,15.426634823293057,10.0,10.0,G
739,-61.51378454485082,15.426643949653764,10.0,10.0,G
740,-61.5137364091125,15.426648659240614,10.0,10.0,G
741,-61.513818550282316,15.426608958973318,10.0,10.0,G
742,-61.51391271213332,15.42653613911095,10.0,10.0,G
743,-61.513830160980774,15.426545724700418,10.0,10.0,G
744,-61.513821953451185,15.426695917452033,10.0,10.0,G
745,-61.51372970846161,15.42652834949926,10.0,10.0,G
746,-61.513777460892804,15.426601879712798,10.0,10.0,G
747,-61.51389221519514,15.42672426442416,10.0,10.0,G
748,-61.51372997816302,15.426703140509051,10.0,10.0,G
749,-61.51375446956217,15.426609044681618,10.0,10.0,G
750,-61.51388078005243,15.42655506639125,10.0,10.0,G
751,-61.513690987584575,15.426489330331867,10.0,10.0,G
752,-61.51379775704363,15.426483803304006,10.0,10.0,G
753,-61.513731740358374,15.426337138983266,10.0,10.0,G
754,-61.513697044320274,15.426613023719412,10.0,10.0,G
755,-61.513731390740446,15.426534979180463,10.0,10.0,G
756,-61.51375888608066,15.426491567562735,10.0,10.0,G
757,-61.51377608411124,15.42663343587475,10.0,10.0,G
758,-61.513842668021844,15.426451523959184,10.0,10.0,G
759,-61.51375561294829,15.426498104613493,10.0,10.0,G
760,-61.51381692701119,15.426424138052022,10.0,10.0,G
761,-61.51364915428814,15.426424620191318,10.0,10.0,G
762,-61.513672049605454,15.426561943916587,10.0,10.0,G
763,-61.51374223319051,15.426544300399105,10.0,10.0,G
764,-61.51366350319097,15.426453767806995,10.0,10.0,G
765,-61.513705338922456,15.426531113560639,10.0,10.0,G
766,-61.51385857965256,15.426334072576822,10.0,10.0,G
767,-61.51386717562851,15.426465431062352,10.0,10.0,G
768,-61.51369721622324,15.426423217586706,10.0,10.0,G
769,-61.51374084786293,15.426432158584385,10.0,10.0,G
770,-61.51380933091532,15.426422756748146,10.0,10.0,G
771,-61.51378390835213,15.42652580697803,10.0,10.0,G
772,-61.513712068972566,15.426370936197127,10.0,10.0,G
773,-61.51359406173922,15.426434228430319,10.0,10.0,G
774,-61.51371794689846,15.426446129041464,10.0,10.0,G
775,-61.51372609217858,15.426374413973111,10.0,10.0,G
776,-61.51377879769628,15.426343618841644,10.0,10.0,G
777,-61.51370595489781,15.426368254662455,10.0,10.0,G
778,-61.513655607134524,15.426251092378223,10.0,10.0,G
779,-61.51377276504182,15.426167042825075,10.0,10.0,G
780,-61.513705208526375,15.426280792574248,10.0,10.0,G
781,-61.5136726433091,15.426366887613502,10.0,10.0,G
782,-61.51368946969109,15.426289550023403,10.0,10.0,G
783,-61.51372137200354,15.426290140079631,10.0,10.0,G
784,-61.51371842145684,15.426168062577092,10.0,10.0,G
785,-61.51373566608968,15.426205403835379,10.0,10.0,G
786,-61.513704443850244,15.426281753466041,10.0,10.0,G
787,-61.51372990042153,15.42620878623526,10.0,10.0,G
788,-61.51368266467367,15.426177483380412,10.0,10.0,G
789,-61.51362292059092,15.426204109651176,10.0,10.0,G
790,-61.51374776361188,15.426173018279636,10.0,10.0,G
791,-61.51370194417882,15.426283668059558,10.0,10.0,G
792,-61.51376568529319,15.426284395693536,10.0,10.0,G
793,-61.51374821017935,15.426222369330299,10.0,10.0,G
794,-61.51392639508522,15.426249618448594,10.0,10.0,G
795,-61.51372616087546,15.426154866730489,10.0,10.0,G
796,-61.513733588649615,15.426211282929861,10.0,10.0,G
797,-61.513710879011924,15.426120790870048,10.0,10.0,G
798,-61.51364261266072,15.42625280498943,10.0,10.0,G
799,-61.5137043443846,15.426082117998112,10.0,10.0,G
800,-61.51367363035929,15.426161074834981,10.0,10.0,G
801,-61.513694697284166,15.426057646328214,10.0,10.0,G
802,-61.51369748608207,15.426131328520732,10.0,10.0,G
803,-61.51365520582262,15.426145284886497,10.0,10.0,G
804,-61.51369245329723,15.426141971641519,10.0,10.0,G
805,-61.513822935334765,15.426111127475304,10.0,10.0,G
806,-61.51360543823377,15.426193786817848,10.0,10.0,G
807,-61.51369147939372,15.4260684067482,10.0,10.0,G
808,-61.51375449728439,15.42609595188092,10.0,10.0,G
809,-61.51363315379259,15.426061524026304,10.0,10.0,G
810,-61.51368814935997,15.426168472972117,10.0,10.0,G
811,-61.51364978665987,15.42610684600509,10.0,10.0,G
812,-61.51368495350037,15.426063800646284,10.0,10.0,G
813,-61.51365648044281,15.425996974018016,10.0,10.0,G
814,-61.513771086570095,15.426044308032282,10.0,10.0,G
815,-61.513678595544675,15.42602773179954,10.0,10.0,G
816,-61.51368160478693,15.426025516176178,10.0,10.0,G
817,-61.51364328175825,15.425990811062093,10.0,10.0,G
818,-61.513673030142776,15.426094124812199,10.0,10.0,G
819,-61.513676911280434,15.42600042548141,10.0,10.0,G
820,-61.51386522945378,15.425972632214002,10.0,10.0,G
821,-61.51363783189261,15.425991930977286,10.0,10.0,G
822,-61.51367383919603,15.425976575088297,10.0,10.0,G
823,-61.51369518346875,15.42596225053826,10.0,10.0,G
824,-61.513718691988096,15.426047892930256,10.0,10.0,G
825,-61.513589181952035,15.425894893932643,10.0,10.0,G
826,-61.51369803766597,15.425985116265727,10.0,10.0,G
827,-61.513621731384504,15.425942564853361,10.0,10.0,G
828,-61.51378173242217,15.42579315227652,10.0,10.0,G
829,-61.51365677121328,15.425917657211361,10.0,10.0,G
830,-61.51369158718226,15.42592759072094,10.0,10.0,G
831,-61.51359353140589,15.425855652684007,10.0,10.0,G
832,-61.51356477307286,15.425752881731919,10.0,10.0,G
833,-61.51361736804609,15.425968057595828,10.0,10.0,G
834,-61.513680058890714,15.4259188215151,10.0,10.0,G
835,-61.51368935606148,15.425872753859096,10.0,10.0,G
836,-61.513630496385176,15.425851958706755,10.0,10.0,G
837,-61.51357723503096,15.425829519896508,10.0,10.0,G
838,-61.51364275899973,15.425791646172511,10.0,10.0,G
839,-61.51374416520872,15.425800813999677,10.0,10.0,G
840,-61.513697502315644,15.425915283238046,10.0,10.0,G
841,-61.51367304455697,15.42581569035509,10.0,10.0,G
842,-61.513643061138396,15.425806598707016,10.0,10.0,G
843,-61.51364683137722,15.42573653305482,10.0,10.0,G
844,-61.51367978874591,15.425794885063109,10.0,10.0,G
845,-61.513694331243066,15.425932547029381,10.0,10.0,G
846,-61.51355504205193,15.4257983902445,10.0,10.0,G
847,-61.51364151845885,15.425695975208711,10.0,10.0,G
848,-61.51365558781479,15.425720697665739,10.0,10.0,G
849,-61.51362717796908,15.425742971807907,10.0,10.0,G
850,-61.51365568489409,15.425657834541182,10.0,10.0,G
851,-61.51359722552338,15.425836582137489,10.0,10.0,G
852,-61.513567829439886,15.425811760712847,10.0,10.0,G
853,-61.5136289387897,15.425654639219005,10.0,10.0,G
854,-61.51361059734198,15.425703859010094,10.0,10.0,G
855,-61.513573430559646,15.425656548555953,10.0,10.0,G
856,-61.513640625260784,15.425653437059125,10.0,10.0,G
857,-61.51362788097426,15.425707359357869,10.0,10.0,G
858,-61.513744129570625,15.425666183075998,10.0,10.0,G
859,-61.513625884578836,15.425673509318038,10.0,10.0,G
860,-61.51362344851257,15.425619774928801,10.0,10.0,G
861,-61.51361993418441,15.425679073683114,10.0,10.0,G
862,-61.513672814470006,15.425778574026793,10.0,10.0,G
863,-61.513536826899184,15.42557079942389,10.0,10.0,G
864,-61.513501538738076,15.425670575414532,10.0,10.0,G
865,-61.5136544654457,15.425689982213255,10.0,10.0,G
866,-61.51358462824459,15.425596487049424,10.0,10.0,G
867,-61.513685400649685,15.4255031019317,10.0,10.0,G
868,-61.513686531284826,15.425490265584427,10.0,10.0,G
869,-61.51368494120412,15.425684548828661,10.0,10.0,G
870,-61.5135894262456,15.425510013257943,10.0,10.0,G
871,-61.51365193553446,15.425481441766184,10.0,10.0,G
872,-61.51363935404348,15.425675027264225,10.0,10.0,G
873,-61.513674909152805,15.425543468383207,10.0,10.0,G
874,-61.513688381723234,15.425523675169822,10.0,10.0,G
875,-61.51352535263984,15.425525671551236,10.0,10.0,G
876,-61.51361325287237,15.425529333293907,10.0,10.0,G
877,-61.513558273135104,15.425504147203815,10.0,10.0,G
878,-61.51360134681563,15.425512677870007,10.0,10.0,G
879,-61.51355770496113,15.425537980257605,10.0,10.0,G
880,-61.51364169499803,15.425501610851327,10.0,10.0,G
881,-61.513542930738716,15.425524715239494,10.0,10.0,G
882,-61.513585720950424,15.425485044822295,10.0,10.0,G
883,-61.51360005982702,15.425505951494536,10.0,10.0,G
884,-61.51358791346228,15.425367795713802,10.0,10.0,G
885,-61.51361394109294,15.425450023499687,10.0,10.0,G
886,-61.51345708335324,15.425324637123978,10.0,10.0,G
887,-61.51355476867696,15.425331204301628,10.0,10.0,G
888,-61.513512701154816,15.425316145566772,10.0,10.0,G
889,-61.51357734265048,15.425414767228698,10.0,10.0,G
890,-61.51355919019837,15.425395819523466,10.0,10.0,G
891,-61.513587151537635,15.425395265841518,10.0,10.0,G
892,-61.51358559874948,15.425477106577755,10.0,10.0,G
893,-61.5135998505368,15.425251059437413,10.0,10.0,G
894,-61.513573580211784,15.425350492540286,10.0,10.0,G
895,-61.513534777904674,15.425408204116533,10.0,10.0,G
896,-61.51361526262306,15.425342641457995,10.0,10.0,G
897,-61.51350944365497,15.425336793345993,10.0,10.0,G
898,-61.513581041042954,15.425342707211449,10.0,10.0,G
899,-61.51345444774404,15.42547398292104,10.0,10.0,G
900,-61.513539835980595,15.42531997294544,10.0,10.0,G
901,-61.51343861261814,15.425378399313123,10.0,10.0,G
902,-61.513532685571676,15.425295747656705,10.0,10.0,G
903,-61.51361338138551,15.425266280195805,10.0,10.0,G
904,-61.513660720106564,15.425330615684269,10.0,10.0,G
905,-61.51361633232288,15.425360744217858,10.0,10.0,G
906,-61.51357111133851,15.425160853689034,10.0,10.0,G
907,-61.513582889613595,15.425209012655374,10.0,10.0,G
908,-61.5134862988117,15.42544780632221,10.0,10.0,G
909,-61.51365080194098,15.42521326509848,10.0,10.0,G
910,-61.51354307824677,15.42528481540739,10.0,10.0,G
911,-61.51357573454431,15.42525117402901,10.0,10.0,G
912,-61.51356229673854,15.42523221605297,10.0,10.0,G
913,-61.51368046074858,15.425350650106072,10.0,10.0,G
914,-61.51359575569283,15.425274326119277,10.0,10.0,G
915,-61.51350575268969,15.425248830823195,10.0,10.0,G
916,-61.51352362580492,15.425258854873132,10.0,10.0,G
917,-61.513581876219746,15.425164863992114,10.0,10.0,G
918,-61.51342903701451,15.425190416462756,10.0,10.0,G
919,-61.51354930347467,15.425180854276425,10.0,10.0,G
920,-61.51352946950069,15.425168135320456,10.0,10.0,G
921,-61.51351534432417,15.425179090268028,10.0,10.0,G
922,-61.51351700185536,15.42505178696928,10.0,10.0,G
923,-61.51353026349148,15.425106213649459,10.0,10.0,G
924,-61.51363142396946,15.425226217563628,10.0,10.0,G
925,-61.51362099019782,15.425232561217342,10.0,10.0,G
926,-61.513559937720174,15.425132426367332,10.0,10.0,G
927,-61.51358601267465,15.425077992647207,10.0,10.0,G
928,-61.513440488939715,15.425015749543581,10.0,10.0,G
929,-61.51346313830928,15.425170740635247,10.0,10.0,G
930,-61.513368670824704,15.425108502085976,10.0,10.0,G
931,-61.513540372195564,15.425167700924776,10.0,10.0,G
932,-61.51343469118004,15.425124153115123,10.0,10.0,G
933,-61.51355101036066,15.425046716651694,10.0,10.0,G
934,-61.51360157018097,15.424982468309194,10.0,10.0,G
935,-61.51357650957074,15.425024466649145,10.0,10.0,G
936,-61.51347805803204,15.425032482676077,10.0,10.0,G
937,-61.51347554875164,15.425093814116458,10.0,10.0,G
938,-61.51351755489031,15.425017570818286,10.0,10.0,G
939,-61.513517230373616,15.425034388435494,10.0,10.0,G
940,-61.51354137979564,15.424981517727888,10.0,10.0,G
941,-61.51354367293675,15.424994615828147,10.0,10.0,G
942,-61.51354572951756,15.424930718005085,10.0,10.0,G
943,-61.51351414514101,15.424970986306272,10.0,10.0,G
944,-61.51346043680624,15.424948313962723,10.0,10.0,G
945,-61.51349480273915,15.424986930049288,10.0,10.0,G
946,-61.51354829014745,15.424985637177299,10.0,10.0,G
947,-61.5134833020709,15.42499668351387,10.0,10.0,G
948,-61.51350612277254,15.42488624173495,10.0,10.0,G
949,-61.513530290234065,15.42499632564494,10.0,10.0,G
950,-61.51348676327678,15.42485114972229,10.0,10.0,G
951,-61.51336831093042,15.42475701914415,10.0,10.0,G
952,-61.51352838203305,15.42493664732228,10.0,10.0,G
953,-61.51358383747219,15.424945802862606,10.0,10.0,G
954,-61.51343495627949,15.424882285336516,10.0,10.0,G
955,-61.5134579279676,15.424904820801672,10.0,10.0,G
956,-61.5132193890718,15.424779478422453,10.0,10.0,G
957,-61.51346056353701,15.424923065310004,10.0,10.0,G
958,-61.513511714738534,15.424790955702505,10.0,10.0,G
959,-61.5134908851117,15.424827162890315,10.0,10.0,G
960,-61.51349509222506,15.424903798336835,10.0,10.0,G
961,-61.51351202695746,15.42483050413652,10.0,10.0,G
962,-61.513487652371815,15.42481458880234,10.0,10.0,G
963,-61.513553483919964,15.424823595902442,10.0,10.0,G
964,-61.513499446603475,15.424791894167974,10.0,10.0,G
965,-61.51353275242443,15.424848817895743,10.0,10.0,G
966,-61.51344700404167,15.424798208956524,10.0,10.0,G
967,-61.513481965403415,15.424807406265497,10.0,10.0,G
968,-61.513505126049964,15.424792858492161,10.0,10.0,G
969,-61.51348681894216,15.424763543989219,10.0,10.0,G
970,-61.513557399134285,15.424601206955911,10.0,10.0,G
971,-61.51351813700451,15.424757117580473,10.0,10.0,G
972,-61.513367825438166,15.424728785322293,10.0,10.0,G
973,-61.513486833111,15.424722113383144,10.0,10.0,G
974,-61.513302272008865,15.424869293529884,10.0,10.0,G
975,-61.51347586339237,15.424688757268962,10.0,10.0,G
976,-61.51341455635837,15.424770539409362,10.0,10.0,G
977,-61.51357376629356,15.424700405089212,10.0,10.0,G
978,-61.513461316995155,15.424658081452314,10.0,10.0,G
979,-61.513586346824965,15.424617314443857,10.0,10.0,G
980,-61.5134670590331,15.424712710329851,10.0,10.0,G
981,-61.513418735498114,15.424575862425515,10.0,10.0,G
982,-61.51340114655328,15.424705905874006,10.0,10.0,G
983,-61.513488657104766,15.424608210646097,10.0,10.0,G
984,-61.51367369147438,15.424756059622391,10.0,10.0,G
985,-61.51345261343887,15.424675418571452,10.0,10.0,G
986,-61.51350258791815,15.42463108501995,10.0,10.0,G
987,-61.513566257272146,15.424754276261652,10.0,10.0,G
988,-61.5134320342614,15.424594171551325,10.0,10.0,G
989,-61.51352781792818,15.424586990968372,10.0,10.0,G
990,-61.51348672201476,15.424588762575688,10.0,10.0,G
991,-61.5135220644584,15.424600081361852,10.0,10.0,G
992,-61.51341560018807,15.424475132187881,10.0,10.0,G
993,-61.513511454883144,15.424737018962619,10.0,10.0,G
994,-61.513455481650766,15.424567358694471,10.0,10.0,G
995,-61.513529552208375,15.424535469821498,10.0,10.0,G
996,-61.513445873379744,15.424535997052473,10.0,10.0,G
997,-61.513236927359934,15.424625167630797,10.0,10.0,G
998,-61.51343936352823,15.424515980342294,10.0,10.0,G
999,-61.51354228948317,15.4244067735924,10.0,10.0,G
1000,-61.51343853690441,15.424499903985597,10.0,10.0,G
1001,-61.513487596362104,15.424485977939797,10.0,10.0,G
1002,-61.513416875914565,15.42459671848535,10.0,10.0,G
1003,-61.51341585942334,15.424406104379834,10.0,10.0,G
1004,-61.51344412431687,15.424470497387532,10.0,10.0,G
1005,-61.51348856762259,15.424481039111898,10.0,10.0,G
1006,-61.513405947902434,15.424519308393698,10.0,10.0,G
1007,-61.51342967570009,15.42452868393449,10.0,10.0,G
1008,-61.5134443031501,15.424452900706319,10.0,10.0,G
1009,-61.5133557553075,15.424566906775567,10.0,10.0,G
1010,-61.51342913481303,15.424297174107343,10.0,10.0,G
1011,-61.51332166620923,15.424300768964999,10.0,10.0,G
1012,-61.51347141680082,15.424421486129653,10.0,10.0,G
1013,-61.51338199688544,15.424351067642483,10.0,10.0,G
1014,-61.5133799196056,15.42443583615476,10.0,10.0,G
1015,-61.51322073674728,15.424292436625036,10.0,10.0,G
1016,-61.51334288651246,15.424360896190759,10.0,10.0,G
1017,-61.513478305384275,15.424360723384376,10.0,10.0,G
1018,-61.513436719442815,15.424361944000088,10.0,10.0,G
1019,-61.51340663702733,15.424395982237066,10.0,10.0,G
1020,-61.51330012661025,15.424265719458935,10.0,10.0,G
1021,-61.51340482470898,15.424336990050513,10.0,10.0,G
1022,-61.51339009403916,15.424147924439728,10.0,10.0,G
1023,-61.513419858184726,15.424316494206689,10.0,10.0,G
1024,-61.51330247571903,15.424436288970355,10.0,10.0,G
1025,-61.513403663696636,15.42430181564318,10.0,10.0,G
1026,-61.51343280245748,15.42437341640783,10.0,10.0,G
1027,-61.51340951096442,15.424144720197326,10.0,10.0,G
1028,-61.51328600208252,15.42431309661467,10.0,10.0,G
1029,-61.51340573007836,15.42425642855161,10.0,10.0,G
1030,-61.51341227117025,15.42421287052542,10.0,10.0,G
1031,-61.51347295003309,15.424297920721758,10.0,10.0,G
1032,-61.51339976130524,15.42427692667634,10.0,10.0,G
1033,-61.51341133547228,15.424237271318104,10.0,10.0,G
1034,-61.51341624562912,15.424216475544723,10.0,10.0,G
1035,-61.513458090756025,15.424203224991345,10.0,10.0,G
1036,-61.51340203002069,15.424194211137495,10.0,10.0,G
1037,-61.513419173098555,15.424216466784594,10.0,10.0,G
1038,-61.513398817702715,15.424176137749228,10.0,10.0,G
1039,-61.513423908353616,15.424158792662315,10.0,10.0,G
1040,-61.513459280856594,15.42418364065272,10.0,10.0,G
1041,-61.51340881504289,15.42419403714533,10.0,10.0,G
1042,-61.5133619326916,15.424201931936121,10.0,10.0,G
1043,-61.513466853536826,15.42427643066483,10.0,10.0,G
1044,-61.51332490034655,15.424139218552503,10.0,10.0,G
1045,-61.513291335871436,15.42414676589811,10.0,10.0,G
1046,-61.51337385913492,15.42421230359516,10.0,10.0,G
1047,-61.51330792960586,15.424103202028768,10.0,10.0,G
1048,-61.5133812084456,15.424120282085406,10.0,10.0,G
1049,-61.51344114316726,15.424104652197519,10.0,10.0,G
1050,-61.51339631343672,15.424095320577152,10.0,10.0,G
1051,-61.51338146882498,15.424068950921875,10.0,10.0,G
1052,-61.51337279823764,15.424091586031297,10.0,10.0,G
1053,-61.51358119645603,15.424090305105258,10.0,10.0,G
1054,-61.51335429540531,15.424069756395706,10.0,10.0,G
1055,-61.51335399576283,15.424111101214503,10.0,10.0,G
1056,-61.513314634297465,15.424007701094833,10.0,10.0,G
1057,-61.51330702350569,15.424079588322932,10.0,10.0,G
1058,-61.51336169773842,15.424041143366493,10.0,10.0,G
1059,-61.51335754371787,15.424099917551914,10.0,10.0,G
1060,-61.51339116114392,15.42403626842634,10.0,10.0,G
1061,-61.51341131170859,15.423989134987442,10.0,10.0,G
1062,-61.51338968300367,15.424016804610114,10.0,10.0,G
1063,-61.51335268177193,15.423999843376224,10.0,10.0,G
1064,-61.51335572227168,15.424051960754595,10.0,10.0,G
1065,-61.51339915117322,15.423985514594408,10.0,10.0,G
1066,-61.513215261928835,15.424097802199551,10.0,10.0,G
1067,-61.513366288475964,15.423953990025176,10.0,10.0,G
1068,-61.51331494110474,15.423942584511067,10.0,10.0,G
1069,-61.51336737150362,15.423937261966875,10.0,10.0,G
1070,-61.51334262976207,15.423826063120641,10.0,10.0,G
1071,-61.513299376934505,15.423908975611313,10.0,10.0,G
1072,-61.51334845665669,15.423913374035807,10.0,10.0,G
1073,-61.513387313891144,15.423731647897021,10.0,10.0,G
1074,-61.51338683202482,15.423864947841201,10.0,10.0,G
1075,-61.51316342083375,15.424054069922361,10.0,10.0,G
1076,-61.513402763233785,15.423893225800809,10.0,10.0,G
1077,-61.51330623888553,15.423816872863318,10.0,10.0,G
1078,-61.51332448032208,15.423848708795898,10.0,10.0,G
1079,-61.513352506849216,15.42394539966389,10.0,10.0,G
1080,-61.513321429310686,15.423846881140445,10.0,10.0,G
1081,-61.51338743718667,15.423817222459341,10.0,10.0,G
1082,-61.51327960888913,15.42368488645662,10.0,10.0,G
1083,-61.513306668938185,15.423787400941592,10.0,10.0,G
1084,-61.51338556141755,15.4237851550433,10.0,10.0,G
1085,-61.51336936724592,15.423837855395194,10.0,10.0,G
1086,-61.513342096460086,15.423796444405546,10.0,10.0,G
1087,-61.51333624539605,15.423762463331101,10.0,10.0,G
1088,-61.513340859023046,15.423744894012446,10.0,10.0,G
1089,-61.51335138766814,15.42375160651907,10.0,10.0,G
1090,-61.51319964814327,15.423712751914964,10.0,10.0,G
1091,-61.51334135089363,15.423754665018992,10.0,10.0,G
1092,-61.51346422096855,15.423733587120392,10.0,10.0,G
1093,-61.513486927157324,15.423670336940473,10.0,10.0,G
1094,-61.51344682010062,15.423671844081072,10.0,10.0,G
1095,-61.51332625813468,15.423782517239847,10.0,10.0,G
1096,-61.513251549482455,15.423625053307891,10.0,10.0,G
1097,-61.51332667464654,15.42370318140707,10.0,10.0,G
1098,-61.51333433207852,15.423661694445629,10.0,10.0,G
1099,-61.513341469829705,15.42371597144567,10.0,10.0,G
1100,-61.51332485371113,15.423757298565475,10.0,10.0,G
1101,-61.513402372071816,15.42365044287853,10.0,10.0,G
1102,-61.513298988230616,15.423630486993671,10.0,10.0,G
1103,-61.513319257300104,15.423656764239787,10.0,10.0,G
1104,-61.513331185958116,15.423654633754403,10.0,10.0,G
1105,-61.51330608840015,15.423624985518442,10.0,10.0,G
1106,-61.51324354899473,15.423674743341584,10.0,10.0,G
1107,-61.51327249012283,15.423647659742548,10.0,10.0,G
1108,-61.51332320857498,15.423612780392622,10.0,10.0,G
1109,-61.51332508507246,15.423606383724172,10.0,10.0,G
1110,-61.513311969403354,15.423562666733401,10.0,10.0,G
1111,-61.5131932632949,15.423519323396539,10.0,10.0,G
1112,-61.51326948035542,15.42361950424135,10.0,10.0,G
1113,-61.51329656216588,15.423617790208814,10.0,10.0,G
1114,-61.513262079243184,15.423547352712388,10.0,10.0,G
1115,-61.51333813894725,15.423452834385115,10.0,10.0,G
1116,-61.513272602675556,15.423569488211022,10.0,10.0,G
1117,-61.513299566377384,15.423522512874353,10.0,10.0,G
1118,-61.513277787189814,15.423582425042017,10.0,10.0,G
1119,-61.513352727209885,15.423515818664836,10.0,10.0,G
1120,-61.51342713021491,15.423427732230238,10.0,10.0,G
1121,-61.51324381641312,15.423552877052877,10.0,10.0,G
1122,-61.5133008873905,15.42350251519757,10.0,10.0,G
1123,-61.51329624585225,15.423498210718227,10.0,10.0,G
1124,-61.513384321254854,15.423474404880414,10.0,10.0,G
1125,-61.51328847004291,15.42356088129412,10.0,10.0,G
1126,-61.51347656365177,15.42334752714915,10.0,10.0,G
1127,-61.513261290234134,15.423430589882908,10.0,10.0,G
1128,-61.51326738623342,15.42349507214709,10.0,10.0,G
1129,-61.51325547454137,15.423340179901153,10.0,10.0,G
1130,-61.513348481081046,15.423378803362846,10.0,10.0,G
1131,-61.51331419956992,15.42340113926888,10.0,10.0,G
1132,-61.51331004189076,15.423379829989026,10.0,10.0,G
1133,-61.51314355054071,15.423530296822396,10.0,10.0,G
1134,-61.513304556909034,15.423423694211676,10.0,10.0,G
1135,-61.51321386891403,15.423310711139,10.0,10.0,G
1136,-61.513307404541294,15.423331309873957,10.0,10.0,G
1137,-61.5132872572455,15.423391903374295,10.0,10.0,G
1138,-61.513284360645265,15.423372922037826,10.0,10.0,G
1139,-61.51326113836094,15.423343921717,10.0,10.0,G
1140,-61.51331437201527,15.42335920583871,10.0,10.0,G
1141,-61.51326162218793,15.423360835195608,10.0,10.0,G
1142,-61.51330880441013,15.423339612847066,10.0,10.0,G
1143,-61.513445551574385,15.423289924295819,10.0,10.0,G
1144,-61.513248400346555,15.42338108715664,10.0,10.0,G
1145,-61.51327190844036,15.42327524929358,10.0,10.0,G
1146,-61.51316448178557,15.423281443081214,10.0,10.0,G
1147,-61.51329466109434,15.423244587278113,10.0,10.0,G
1148,-61.51341910552385,15.423189820187904,10.0,10.0,G
1149,-61.51321444191593,15.423251289823497,10.0,10.0,G
1150,-61.51321417603808,15.423314777048097,10.0,10.0,G
1151,-61.513313213077794,15.423251598354142,10.0,10.0,G
1152,-61.51322569569437,15.423257212179783,10.0,10.0,G
1153,-61.51323543888464,15.423253179802318,10.0,10.0,G
1154,-61.513150750937065,15.423264770709995,10.0,10.0,G
1155,-61.51329074088745,15.423235359463943,10.0,10.0,G
1156,-61.51323983876867,15.423207251879207,10.0,10.0,G
1157,-61.51325379271428,15.423059287322078,10.0,10.0,G
1158,-61.51319328687566,15.423151932683583,10.0,10.0,G
1159,-61.51323133870145,15.423043495116923,10.0,10.0,G
1160,-61.51325523224436,15.42318793149794,10.0,10.0,G
1161,-61.51321483841009,15.4230114104715,10.0,10.0,G
1162,-61.51325032820182,15.423196897138554,10.0,10.0,G
1163,-61.51323687561532,15.423135265485694,10.0,10.0,G
1164,-61.513267654090434,15.423123443597065,10.0,10.0,G
1165,-61.51325834439415,15.423256624461319,10.0,10.0,G
1166,-61.51327540702398,15.423154614326892,10.0,10.0,G
1167,-61.513359270733886,15.423230454495748,10.0,10.0,G
1168,-61.51321431465856,15.423068311514948,10.0,10.0,G
1169,-61.51327133384987,15.42323045388965,10.0,10.0,G
1170,-61.51325586916154,15.423149860606417,10.0,10.0,G
1171,-61.513271832520914,15.423099195708073,10.0,10.0,G
1172,-61.513244495870396,15.423090588625191,10.0,10.0,G
1173,-61.513146664342756,15.423061936722887,10.0,10.0,G
1174,-61.51326258894404,15.423106716424032,10.0,10.0,G
1175,-61.513165108958454,15.42305122653354,10.0,10.0,G
1176,-61.51341070115504,15.423114509435981,10.0,10.0,G
1177,-61.51308986968836,15.423011408273988,10.0,10.0,G
1178,-61.513251700319785,15.423043278662131,10.0,10.0,G
1179,-61.51337072596623,15.423049163527853,10.0,10.0,G
1180,-61.51340586414558,15.422985456315354,10.0,10.0,G
1181,-61.5131355789014,15.422857798082138,10.0,10.0,G
1182,-61.513229239039624,15.423002133836315,10.0,10.0,G
1183,-61.51325174123035,15.423019491986002,10.0,10.0,G
1184,-61.51321849010133,15.423005176687052,10.0,10.0,G
1185,-61.51329179919288,15.423024743565193,10.0,10.0,G
1186,-61.51323142502417,15.422986299294621,10.0,10.0,G
1187,-61.513102071741294,15.42305859782279,10.0,10.0,G
1188,-61.51321698641486,15.422689947479657,10.0,10.0,G
1189,-61.51321538600524,15.422869734423742,10.0,10.0,G
1190,-61.513093627850054,15.422920309222873,10.0,10.0,G
1191,-61.51319823820133,15.42288970283044,10.0,10.0,G
1192,-61.51327644137098,15.422974742199024,10.0,10.0,G
1193,-61.51318033248242,15.4229723479075,10.0,10.0,G
1194,-61.51322055741374,15.42290955415336,10.0,10.0,G
1195,-61.5132477623283,15.422902296762285,10.0,10.0,G
1196,-61.51317756586376,15.422764734296626,10.0,10.0,G
1197,-61.51320883633964,15.422873646917314,10.0,10.0,G
1198,-61.51317275595489,15.422890671696528,10.0,10.0,G
1199,-61.51314327836919,15.422930897926621,10.0,10.0,G
1200,-61.513123976088906,15.423036967876035,10.0,10.0,G
1201,-61.51328595544616,15.422790918758116,10.0,10.0,G
1202,-61.51323102714172,15.423017022602847,10.0,10.0,G
1203,-61.51321275962519,15.42286669555082,10.0,10.0,G
1204,-61.513267698470706,15.422919883703665,10.0,10.0,G
1205,-61.51312977591329,15.42283515709117,10.0,10.0,G
1206,-61.513186973488374,15.422816454049741,10.0,10.0,G
1207,-61.51317897431443,15.422785541204634,10.0,10.0,G
1208,-61.513165683383384,15.422787881534687,10.0,10.0,G
1209,-61.51324054115307,15.42280849458134,10.0,10.0,G
1210,-61.51310926444407,15.42297460497743,10.0,10.0,G
1211,-61.513224509713744,15.422851133287704,10.0,10.0,G
1212,-61.51324904287344,15.42276583361285,10.0,10.0,G
1213,-61.51323713616615,15.422797600718562,10.0,10.0,G
1214,-61.513199341963244,15.422751721557356,10.0,10.0,G
1215,-61.51328319826371,15.422837606151353,10.0,10.0,G
1216,-61.51315471773138,15.422781596840856,10.0,10.0,G
1217,-61.51323061581321,15.422815993823589,10.0,10.0,G
1218,-61.51320010628479,15.422669367958786,10.0,10.0,G
1219,-61.513049682525676,15.422536022643314,10.0,10.0,G
1220,-61.51325923525704,15.422702303176093,10.0,10.0,G
1221,-61.513175547224556,15.422681476242445,10.0,10.0,G
1222,-61.51314400873773,15.42288791823435,10.0,10.0,G
1223,-61.513182896891315,15.422652625371482,10.0,10.0,G
1224,-61.513088603741416,15.422694432453081,10.0,10.0,G
1225,-61.513185314746856,15.422623638069933,10.0,10.0,G
1226,-61.51316612383851,15.422670472828045,10.0,10.0,G
1227,-61.51315398452541,15.422667792788921,10.0,10.0,G
1228,-61.513204977599884,15.422612859196422,10.0,10.0,G
1229,-61.513171141849966,15.422621573501583,10.0,10.0,G
1230,-61.51318370503419,15.422606979375635,10.0,10.0,G
1231,-61.51320111481369,15.422581148689972,10.0,10.0,G
1232,-61.51312826605665,15.422614057020683,10.0,10.0,G
1233,-61.51314063722686,15.42263447272967,10.0,10.0,G
1234,-61.51319492236089,15.422547898326934,10.0,10.0,G
1235,-61.51315180844385,15.42252787795611,10.0,10.0,G
1236,-61.51323680963224,15.422640246012776,10.0,10.0,G
1237,-61.51305740914762,15.42258664699104,10.0,10.0,G
1238,-61.51326886765052,15.422584260305186,10.0,10.0,G
1239,-61.51303833250908,15.422475929248877,10.0,10.0,G
1240,-61.51313716289999,15.422548639756055,10.0,10.0,G
1241,-61.51328403244331,15.422550188085538,10.0,10.0,G
1242,-61.51317125914151,15.422502013710751,10.0,10.0,G
1243,-61.513183690967516,15.42249656853619,10.0,10.0,G
1244,-61.51318347671094,15.422564037223447,10.0,10.0,G
1245,-61.513107071476504,15.422407753488857,10.0,10.0,G
1246,-61.51316240389399,15.422484811114897,10.0,10.0,G
1247,-61.513158214534755,15.422479457948274,10.0,10.0,G
1248,-61.5131557480958,15.422468998391262,10.0,10.0,G
1249,-61.513193404364536,15.422474772416543,10.0,10.0,G
1250,-61.51313683320803,15.422505787680745,10.0,10.0,G
1251,-61.51309510365489,15.422588098560043,10.0,10.0,G
1252,-61.51315567413591,15.422447185798546,10.0,10.0,G
1253,-61.51314302701088,15.422434066652354,10.0,10.0,G
1254,-61.51312820505957,15.422406645084266,10.0,10.0,G
1255,-61.51321573342777,15.422334888393097,10.0,10.0,G
1256,-61.51317182894377,15.42241528708967,10.0,10.0,G
1257,-61.51327718255823,15.422322660005984,10.0,10.0,G
1258,-61.51318631463507,15.422392692226062,10.0,10.0,G
1259,-61.51308435010193,15.422330980553639,10.0,10.0,G
1260,-61.513127967418924,15.422429082352789,10.0,10.0,G
1261,-61.51311099188942,15.422367955395355,10.0,10.0,G
1262,-61.51326156032784,15.422270061569996,10.0,10.0,G
1263,-61.51318070855739,15.422342986460338,10.0,10.0,G
1264,-61.51305459981933,15.42238196168146,10.0,10.0,G
1265,-61.51310982556589,15.42218314645131,10.0,10.0,G
1266,-61.51315657071905,15.422220022076775,10.0,10.0,G
1267,-61.51301410526096,15.422317676277004,10.0,10.0,G
1268,-61.513207227600944,15.4222924395164,10.0,10.0,G
1269,-61.51323329331061,15.422129985811916,10.0,10.0,G
1270,-61.513227027130746,15.422284326222194,10.0,10.0,G
1271,-61.51311271387437,15.422271743855987,10.0,10.0,G
1272,-61.51318372197792,15.422293376279773,10.0,10.0,G
1273,-61.513227667713394,15.42222140129746,10.0,10.0,G
1274,-61.51320477301874,15.422304058123755,10.0,10.0,G
1275,-61.51314014414132,15.422248369740148,10.0,10.0,G
1276,-61.51315860807119,15.422176968715759,10.0,10.0,G
1277,-61.51319153506919,15.422171233688754,10.0,10.0,G
1278,-61.513086386081405,15.422301681018947,10.0,10.0,G
1279,-61.5130684405858,15.422276061363197,10.0,10.0,G
1280,-61.51306297031846,15.42219959887195,10.0,10.0,G
1281,-61.513130491241164,15.42210898652247,10.0,10.0,G
1282,-61.51306274769036,15.42223685354689,10.0,10.0,G
1283,-61.51312510583569,15.42212325415333,10.0,10.0,G
1284,-61.51307108991009,15.422180801762426,10.0,10.0,G
1285,-61.51310257507626,15.422079121481856,10.0,10.0,G
1286,-61.51320332173778,15.422162645949722,10.0,10.0,G
1287,-61.513098840712445,15.422082571381365,10.0,10.0,G
1288,-61.51303185830704,15.42218795245632,10.0,10.0,G
1289,-61.51301942485217,15.422363472038407,10.0,10.0,G
1290,-61.51305927455257,15.422104691033239,10.0,10.0,G
1291,-61.5131542206275,15.422056580041941,10.0,10.0,G
1292,-61.513109779634554,15.42208490038721,10.0,10.0,G
1293,-61.5130922261347,15.421924457853665,10.0,10.0,G
1294,-61.513177161024075,15.422160500672653,10.0,10.0,G
1295,-61.513121183092835,15.422094111734037,10.0,10.0,G
1296,-61.51317012656162,15.422042797214221,10.0,10.0,G
1297,-61.5131581022149,15.42202707582746,10.0,10.0,G
1298,-61.51310193310654,15.42208490706236,10.0,10.0,G
1299,-61.51316796626084,15.422001051747387,10.0,10.0,G
1300,-61.51311903214349,15.42198732780352,10.0,10.0,G
1301,-61.51311061909129,15.422030894405363,10.0,10.0,G
1302,-61.51310027990925,15.421973499069967,10.0,10.0,G
1303,-61.51308556330193,15.421963189413818,10.0,10.0,G
1304,-61.51306781503046,15.422046502742026,10.0,10.0,G
1305,-61.51310678500508,15.421999652797432,10.0,10.0,G
1306,-61.51311042324667,15.422067887198383,10.0,10.0,G
1307,-61.51310206710103,15.421977044401755,10.0,10.0,G
1308,-61.513100835001886,15.421996352557235,10.0,10.0,G
1309,-61.51303533842035,15.421912215177763,10.0,10.0,G
1310,-61.5131700075271,15.421991230984812,10.0,10.0,G
1311,-61.513007808378504,15.421990459373763,10.0,10.0,G
1312,-61.51312405154722,15.421967166634662,10.0,10.0,G
1313,-61.513131412933404,15.42188156128871,10.0,10.0,G
1314,-61.513064234773005,15.421930397292849,10.0,10.0,G
1315,-61.513059449914174,15.42190133658158,10.0,10.0,G
1316,-61.5130872806232,15.421928133664881,10.0,10.0,G
1317,-61.51307789193661,15.421887448020605,10.0,10.0,G
1318,-61.5130659454536,15.422032354818382,10.0,10.0,G
1319,-61.51308820630722,15.421892430018572,10.0,10.0,G
1320,-61.513094622843575,15.421899957557535,10.0,10.0,G
3601,-61.510488028548714,15.403175552251454,10.0,10.0,G
3602,-61.510584446988496,15.403239408349222,10.0,10.0,G
3603,-61.51038056670592,15.403273373694526,10.0,10.0,G
3604,-61.51049105105475,15.403128449157949,10.0,10.0,G
3605,-61.510547986037665,15.403274099936704,10.0,10.0,G
3606,-61.510509559655844,15.403113479626434,10.0,10.0,G
3607,-61.510518240303654,15.403232889274939,10.0,10.0,G
3608,-61.51050458985669,15.403154989560297,10.0,10.0,G
3609,-61.510433895705326,15.40324411592857,10.0,10.0,G
3610,-61.51051590126641,15.403110365331118,10.0,10.0,G
3611,-61.51051364765977,15.403152254153456,10.0,10.0,G
3612,-61.510516702698204,15.403055169142528,10.0,10.0,G
3613,-61.5103939278653,15.403154271065217,10.0,10.0,G
3614,-61.51061322765998,15.403114969689,10.0,10.0,G
3615,-61.51039414573563,15.403239015879493,10.0,10.0,G
3616,-61.51045158369798,15.403072646857753,10.0,10.0,G
3617,-61.51046575356502,15.40310751545593,10.0,10.0,G
3618,-61.51052630845582,15.40303943203352,10.0,10.0,G
3619,-61.51058028003786,15.403105033893905,10.0,10.0,G
3620,-61.51045435137977,15.403064517965241,10.0,10.0,G
3621,-61.51050576316384,15.403040147926447,10.0,10.0,G
3622,-61.51051157558117,15.402951032621536,10.0,10.0,G
3623,-61.51038559812688,15.40306778351996,10.0,10.0,G
3624,-61.510491184365186,15.403010159339173,10.0,10.0,G
3625,-61.510400762024986,15.402942624636033,10.0,10.0,G
3626,-61.51031325067243,15.40299402897893,10.0,10.0,G
3627,-61.51044413207644,15.402989044746091,10.0,10.0,G
3628,-61.5104342605813,15.403011467878601,10.0,10.0,G
3629,-61.510357341453464,15.403053576059698,10.0,10.0,G
3630,-61.51038225750244,15.402963651691278,10.0,10.0,G
3631,-61.510455633411965,15.402980696013644,10.0,10.0,G
3632,-61.51041749916745,15.402920135212259,10.0,10.0,G
3633,-61.510418370411884,15.402843304777027,10.0,10.0,G
3634,-61.510475344010345,15.402914288958213,10.0,10.0,G
3635,-61.51042634987577,15.402933219355694,10.0,10.0,G
3636,-61.510444369503794,15.402904944519284,10.0,10.0,G
3637,-61.51040933446932,15.403022452772081,10.0,10.0,G
3638,-61.51046808030355,15.402955012062131,10.0,10.0,G
3639,-61.51032890362987,15.402865790188603,10.0,10.0,G
3640,-61.5104912346563,15.402788153693582,10.0,10.0,G
3641,-61.51050112427469,15.402919119931674,10.0,10.0,G
3642,-61.510430965360534,15.402827445739959,10.0,10.0,G
3643,-61.51041598809712,15.402826408777992,10.0,10.0,G
3644,-61.51041279339477,15.402892920471519,10.0,10.0,G
3645,-61.51048017211819,15.40276871392513,10.0,10.0,G
3646,-61.510363694153554,15.402781641923973,10.0,10.0,G
3647,-61.51036015179811,15.402783417737114,10.0,10.0,G
3648,-61.51039059512511,15.40280583512822,10.0,10.0,G
3649,-61.51046885334061,15.402749335572084,10.0,10.0,G
3650,-61.51034891524294,15.40275146531638,10.0,10.0,G
3651,-61.510462161401264,15.402731143426106,10.0,10.0,G
3652,-61.51038784932677,15.4027325703526,10.0,10.0,G
3653,-61.51036145847599,15.40276438240728,10.0,10.0,G
3654,-61.510360969800445,15.402704537973218,10.0,10.0,G
3655,-61.51025449645429,15.402725301086397,10.0,10.0,G
3656,-61.5104010596119,15.402703766024656,10.0,10.0,G
3657,-61.510395217454914,15.402713886552432,10.0,10.0,G
3658,-61.510370375913276,15.402728396741535,10.0,10.0,G
3659,-61.51036973846262,15.402692590806287,10.0,10.0,G
3660,-61.51024312804819,15.402585010678262,10.0,10.0,G
3661,-61.51016906613514,15.402513993733978,10.0,10.0,G
3662,-61.510361763157036,15.402675738281937,10.0,10.0,G
3663,-61.510382386697906,15.40262967648332,10.0,10.0,G
3664,-61.51025867526981,15.402702133284018,10.0,10.0,G
3665,-61.51028622269376,15.402691717027597,10.0,10.0,G
3666,-61.510331300387485,15.402674980552922,10.0,10.0,G
3667,-61.510464010592116,15.402687035390876,10.0,10.0,G
3668,-61.5104060646444,15.402701253806681,10.0,10.0,G
3669,-61.510275864485905,15.402737588500006,10.0,10.0,G
3670,-61.510345987921156,15.40252118175314,10.0,10.0,G
3671,-61.510325809103165,15.4026125370683,10.0,10.0,G
3672,-61.51027994237062,15.402466842673773,10.0,10.0,G
3673,-61.51031318400544,15.402588233741325,10.0,10.0,G
3674,-61.510377382077465,15.402574380447401,10.0,10.0,G
3675,-61.51036570529156,15.402561016491424,10.0,10.0,G
3676,-61.51037591520124,15.402581082123532,10.0,10.0,G
3677,-61.51029064910806,15.4025016682225,10.0,10.0,G
3678,-61.51030922531976,15.402531713646232,10.0,10.0,G
3679,-61.51035240652534,15.402526656223934,10.0,10.0,G
3680,-61.51030894123123,15.402549182282508,10.0,10.0,G
3681,-61.510404188204106,15.402596664550858,10.0,10.0,G
3682,-61.51030733938623,15.402487870882803,10.0,10.0,G
3683,-61.51022046672906,15.402466265150307,10.0,10.0,G
3684,-61.51016186453711,15.402480827310146,10.0,10.0,G
3685,-61.510459700900036,15.402488378787304,10.0,10.0,G
3686,-61.510324335010246,15.402586021230217,10.0,10.0,G
3687,-61.51028817084717,15.40246286034502,10.0,10.0,G
3688,-61.510100751708634,15.402367531437589,10.0,10.0,G
3689,-61.510191687340814,15.402299306628324,10.0,10.0,G
3690,-61.510301121075635,15.402405692109438,10.0,10.0,G
3691,-61.51026716141116,15.402261702543655,10.0,10.0,G
3692,-61.51026847031768,15.402379859088036,10.0,10.0,G
3693,-61.510386200272436,15.402435579050428,10.0,10.0,G
3694,-61.51030363882598,15.402393042017394,10.0,10.0,G
3695,-61.51027376978452,15.40236166266554,10.0,10.0,G
3696,-61.510222175543255,15.402324956838935,10.0,10.0,G
3697,-61.51030239896053,15.402422015089947,10.0,10.0,G
3698,-61.51010904638042,15.402497669562862,10.0,10.0,G
3699,-61.51024991488873,15.402403050433252,10.0,10.0,G
3700,-61.51026407734835,15.402335280069082,10.0,10.0,G
3701,-61.510253891962485,15.40232003282459,10.0,10.0,G
3702,-61.51025987767563,15.402322732168079,10.0,10.0,G
3703,-61.51010380861934,15.402217907220933,10.0,10.0,G
3704,-61.51032429789369,15.402333328288309,10.0,10.0,G
3705,-61.51018599198193,15.402195208300364,10.0,10.0,G
3706,-61.51023942847515,15.402263647382874,10.0,10.0,G
3707,-61.5102843498299,15.402313689609095,10.0,10.0,G
3708,-61.51024616013634,15.402237323459078,10.0,10.0,G
3709,-61.51021818654476,15.402232056018518,10.0,10.0,G
3710,-61.51026764124182,15.40226162054017,10.0,10.0,G
3711,-61.51003765033711,15.402364692125236,10.0,10.0,G
3712,-61.5102379219149,15.402153776252602,10.0,10.0,G
3713,-61.5102696560345,15.40216062060272,10.0,10.0,G
3714,-61.51021802872039,15.402202770276988,10.0,10.0,G
3715,-61.51020856890736,15.402172942010637,10.0,10.0,G
3716,-61.51020861673678,15.402175823358869,10.0,10.0,G
3717,-61.510226294475686,15.402171262930937,10.0,10.0,G
3718,-61.51018593523549,15.40221957106675,10.0,10.0,G
3719,-61.51021737911474,15.402204452753933,10.0,10.0,G
3720,-61.51013743050966,15.402112087432123,10.0,10.0,G
3721,-61.510237968294994,15.402185904797326,10.0,10.0,G
3722,-61.51027517079996,15.402108642049138,10.0,10.0,G
3723,-61.510286971089975,15.402061872019646,10.0,10.0,G
3724,-61.51020736588901,15.402136869812914,10.0,10.0,G
3725,-61.51018355749694,15.402111132744404,10.0,10.0,G
3726,-61.51016428906277,15.402141674953468,10.0,10.0,G
3727,-61.51014500917242,15.402118485390366,10.0,10.0,G
3728,-61.510122507768415,15.401993219886851,10.0,10.0,G
3729,-61.51018545689448,15.40205890151196,10.0,10.0,G
3730,-61.51017080512194,15.401981135331885,10.0,10.0,G
3731,-61.51019276089988,15.40202758545549,10.0,10.0,G
3732,-61.51018091934878,15.402023920298658,10.0,10.0,G
3733,-61.510168251852676,15.402036253635266,10.0,10.0,G
3734,-61.51011688168128,15.402112264643145,10.0,10.0,G
3735,-61.51027149679734,15.401955465872081,10.0,10.0,G
3736,-61.5101286993187,15.402009448256138,10.0,10.0,G
3737,-61.51009436770646,15.401985866587676,10.0,10.0,G
3738,-61.510287690803246,15.402010923188339,10.0,10.0,G
3739,-61.51015206066484,15.40198451184422,10.0,10.0,G
3740,-61.51036929576984,15.402010668427591,10.0,10.0,G
3741,-61.51014158704978,15.401893759179448,10.0,10.0,G
3742,-61.510012664938586,15.401958267208173,10.0,10.0,G
3743,-61.51017492577745,15.401938950867855,10.0,10.0,G
3744,-61.510331248719275,15.40207172064623,10.0,10.0,G
3745,-61.510046062710494,15.401885022094408,10.0,10.0,G
3746,-61.51012679463024,15.401912612814025,10.0,10.0,G
3747,-61.510022911143444,15.401871738986788,10.0,10.0,G
3748,-61.51003184761857,15.401839917214222,10.0,10.0,G
3749,-61.51005308383486,15.401990582873877,10.0,10.0,G
3750,-61.510342757707576,15.40190166346543,10.0,10.0,G
3751,-61.51015128884841,15.401812158023425,10.0,10.0,G
3752,-61.51009731476634,15.40194838288276,10.0,10.0,G
3753,-61.510124015880386,15.401821029645793,10.0,10.0,G
3754,-61.510015465238396,15.401844228212617,10.0,10.0,G
3755,-61.51026474303028,15.401894059148379,10.0,10.0,G
3756,-61.510108798008304,15.401795807074079,10.0,10.0,G
3757,-61.510074731841804,15.401807417738219,10.0,10.0,G
3758,-61.510074528811316,15.401751017139794,10.0,10.0,G
3759,-61.51003170020706,15.401892063282828,10.0,10.0,G
3760,-61.50984830371672,15.401743517375737,10.0,10.0,G
3761,-61.51011048038568,15.401775103614197,10.0,10.0,G
3762,-61.510096373104865,15.401777531734906,10.0,10.0,G
3763,-61.510064692984585,15.401786036082537,10.0,10.0,G
3764,-61.51007917667893,15.40171196728994,10.0,10.0,G
3765,-61.510062116036096,15.401683213669877,10.0,10.0,G
3766,-61.51017017072516,15.401845176942041,10.0,10.0,G
3767,-61.510050057720214,15.401714654799115,10.0,10.0,G
3768,-61.51006441669423,15.40172407395073,10.0,10.0,G
3769,-61.50996895523416,15.401794444627445,10.0,10.0,G
3770,-61.50999412136289,15.401508473570438,10.0,10.0,G
3771,-61.51005367651792,15.401724547603443,10.0,10.0,G
3772,-61.51012959335535,15.401853112381215,10.0,10.0,G
3773,-61.50998000210126,15.401641292072037,10.0,10.0,G
3774,-61.51015876865416,15.401631319054282,10.0,10.0,G
3775,-61.510091109437354,15.40172577525254,10.0,10.0,G
3776,-61.509986251265566,15.401699898441125,10.0,10.0,G
3777,-61.510046230276146,15.401630254717706,10.0,10.0,G
3778,-61.51007345974461,15.401612423243748,10.0,10.0,G
3779,-61.51007045930918,15.40156847437988,10.0,10.0,G
3780,-61.51006887154603,15.401655148282677,10.0,10.0,G
3781,-61.510066233560856,15.401527655597818,10.0,10.0,G
3782,-61.51001800040364,15.401582571212598,10.0,10.0,G
3783,-61.51012337571531,15.40153566177345,10.0,10.0,G
3784,-61.51000251617639,15.401485661202713,10.0,10.0,G
3785,-61.50999962911093,15.401568728836974,10.0,10.0,G
3786,-61.510012487717674,15.401546354354018,10.0,10.0,G
3787,-61.510081986934615,15.401498921155714,10.0,10.0,G
3788,-61.509982209516075,15.401538659289635,10.0,10.0,G
3789,-61.5100698060648,15.401565600744231,10.0,10.0,G
3790,-61.51002980731287,15.40174724853521,10.0,10.0,G
3791,-61.50991773481316,15.40147053991224,10.0,10.0,G
3792,-61.510100608994385,15.40159285757051,10.0,10.0,G
3793,-61.50998671150916,15.40145899461178,10.0,10.0,G
3794,-61.50998062870723,15.401395488605871,10.0,10.0,G
3795,-61.510120401601675,15.40144590633148,10.0,10.0,G
3796,-61.50992624205422,15.4014250062402,10.0,10.0,G
3797,-61.50994546377072,15.401451130829095,10.0,10.0,G
3798,-61.509935489664194,15.401401072901791,10.0,10.0,G
3799,-61.51000930485424,15.401402937150083,10.0,10.0,G
3800,-61.50997716636626,15.401454913269877,10.0,10.0,G
3801,-61.509844347939534,15.40142688742927,10.0,10.0,G
3802,-61.50991329834782,15.401450763747233,10.0,10.0,G
3803,-61.51005671207794,15.401423335871549,10.0,10.0,G
3804,-61.509907824362465,15.401239256187752,10.0,10.0,G
3805,-61.50993011404494,15.401363895588352,10.0,10.0,G
3806,-61.50994939281928,15.401362495165886,10.0,10.0,G
3807,-61.509899997413214,15.401345147886333,10.0,10.0,G
3808,-61.5099890849515,15.401318086559796,10.0,10.0,G
3809,-61.50989829242379,15.401323450802437,10.0,10.0,G
3810,-61.50985832283218,15.401243313894085,10.0,10.0,G
3811,-61.51002066930543,15.401264843616698,10.0,10.0,G
3812,-61.50991599207796,15.401289855415412,10.0,10.0,G
3813,-61.50982191558229,15.401454070620236,10.0,10.0,G
3814,-61.50997000954323,15.40126707408917,10.0,10.0,G
3815,-61.50990317714143,15.401280693299078,10.0,10.0,G
3816,-61.50993403224269,15.401291327458447,10.0,10.0,G
3817,-61.510007048162606,15.401273307271742,10.0,10.0,G
3818,-61.509784743283184,15.401105521129633,10.0,10.0,G
3819,-61.50983690190664,15.401182966847687,10.0,10.0,G
3820,-61.50993217468729,15.401087559484095,10.0,10.0,G
3821,-61.5098526593611,15.401202246382878,10.0,10.0,G
3822,-61.509781227075344,15.401237049940738,10.0,10.0,G
3823,-61.50983859559154,15.401202197405693,10.0,10.0,G
3824,-61.50996442722633,15.40117453082189,10.0,10.0,G
3825,-61.50990475273087,15.401160039317766,10.0,10.0,G
3826,-61.509912475068404,15.40113199602861,10.0,10.0,G
3827,-61.509818759748526,15.401184431935562,10.0,10.0,G
3828,-61.50986023740563,15.401160481688951,10.0,10.0,G
3829,-61.509842504048365,15.401161287671828,10.0,10.0,G
3830,-61.509901359210374,15.40113210358011,10.0,10.0,G
3831,-61.509888195840055,15.401200523876549,10.0,10.0,G
3832,-61.5098676884435,15.401095798060805,10.0,10.0,G
3833,-61.50982917015667,15.40117807853364,10.0,10.0,G
3834,-61.50984306891973,15.40111642259533,10.0,10.0,G
3835,-61.509752393443094,15.401052253213324,10.0,10.0,G
3836,-61.50985396423465,15.401146250244357,10.0,10.0,G
3837,-61.50998076170541,15.401058237458864,10.0,10.0,G
3838,-61.50967866297068,15.401124201144235,10.0,10.0,G
3839,-61.50981038789215,15.401087926508346,10.0,10.0,G
3840,-61.509899569888006,15.400949173554194,10.0,10.0,G
3841,-61.50992108336298,15.400890286430924,10.0,10.0,G
3842,-61.50989642260453,15.401151149793652,10.0,10.0,G
3843,-61.5097070940287,15.40102344423556,10.0,10.0,G
3844,-61.509751899177544,15.400990089325598,10.0,10.0,G
3845,-61.51001259339813,15.401007998201699,10.0,10.0,G
3846,-61.50977937646663,15.400933936335353,10.0,10.0,G
3847,-61.509803165558004,15.40092375744884,10.0,10.0,G
3848,-61.50979766051076,15.400934098371529,10.0,10.0,G
3849,-61.509923253955094,15.400995152574897,10.0,10.0,G
3850,-61.50994554285289,15.40097362850238,10.0,10.0,G
3851,-61.50981131732298,15.401083742942028,10.0,10.0,G
3852,-61.50975040471213,15.400869910278898,10.0,10.0,G
3853,-61.509615455154524,15.401000774240881,10.0,10.0,G
3854,-61.50978172209643,15.400835203414632,10.0,10.0,G
3855,-61.509748767074434,15.400952471240062,10.0,10.0,G
3856,-61.50982012093455,15.400957911426497,10.0,10.0,G
3857,-61.509929081526934,15.40079550987621,10.0,10.0,G
3858,-61.509769884466884,15.40095170168848,10.0,10.0,G
3859,-61.509795628787145,15.400957703618278,10.0,10.0,G
3860,-61.50980700987519,15.400854534457968,10.0,10.0,G
3861,-61.509887995310656,15.400866210877377,10.0,10.0,G
3862,-61.50978001736039,15.400847831348667,10.0,10.0,G
3863,-61.50974182790558,15.400966477445868,10.0,10.0,G
3864,-61.50978289553049,15.400825597113817,10.0,10.0,G
3865,-61.50987859186114,15.400817483212167,10.0,10.0,G
3866,-61.50964650496374,15.400892635948916,10.0,10.0,G
3867,-61.50971559170733,15.40080740496163,10.0,10.0,G
3868,-61.50973558190072,15.40073121319825,10.0,10.0,G
3869,-61.50986724698056,15.400748642552259,10.0,10.0,G
3870,-61.509702017840546,15.400592870765543,10.0,10.0,G
3871,-61.50969696968876,15.400889835554965,10.0,10.0,G
3872,-61.50970054778795,15.400704552307433,10.0,10.0,G
3873,-61.50986738112996,15.400826049330188,10.0,10.0,G
3874,-61.50974363378164,15.400740363233956,10.0,10.0,G
3875,-61.50978160631529,15.400714202321659,10.0,10.0,G
3876,-61.509649324356126,15.400746578834173,10.0,10.0,G
3877,-61.50982283258654,15.400669133345922,10.0,10.0,G
3878,-61.50984540651885,15.400685554101315,10.0,10.0,G
3879,-61.50966511722188,15.400643078996156,10.0,10.0,G
3880,-61.509654912138565,15.400693770514353,10.0,10.0,G
3881,-61.50970862887532,15.400678775330395,10.0,10.0,G
3882,-61.50968133843856,15.400691626439436,10.0,10.0,G
3883,-61.509723853884836,15.400646287947966,10.0,10.0,G
3884,-61.50966032786196,15.400744714639432,10.0,10.0,G
3885,-61.50966096654208,15.400507529662027,10.0,10.0,G
3886,-61.509649956049444,15.40067372825082,10.0,10.0,G
3887,-61.509682166197805,15.400644269993853,10.0,10.0,G
3888,-61.509705246193995,15.400594037664842,10.0,10.0,G
3889,-61.509712167202466,15.40061021492209,10.0,10.0,G
3890,-61.509655572146,15.400610623684297,10.0,10.0,G
3891,-61.50971119104969,15.400588462872184,10.0,10.0,G
3892,-61.50968757855304,15.400579725480387,10.0,10.0,G
3893,-61.509714254262505,15.400553031537491,10.0,10.0,G
3894,-61.50966116171341,15.400591336511923,10.0,10.0,G
3895,-61.50966186277977,15.400605532653284,10.0,10.0,G
3896,-61.50968068824366,15.40053077753286,10.0,10.0,G
3897,-61.50969250226877,15.400498401676558,10.0,10.0,G
3898,-61.50978525294292,15.400553237632256,10.0,10.0,G
3899,-61.50963748516883,15.40058411014165,10.0,10.0,G
3900,-61.50962972260729,15.400545529344198,10.0,10.0,G
3901,-61.509664225517284,15.400492590634178,10.0,10.0,G
3902,-61.50956033590963,15.400505511918748,10.0,10.0,G
3903,-61.50956766229039,15.400424109961286,10.0,10.0,G
3904,-61.509658978957525,15.400500695063895,10.0,10.0,G
3905,-61.50968222999588,15.40052052251029,10.0,10.0,G
3906,-61.509649803746306,15.40047169115697,10.0,10.0,G
3907,-61.50962467236533,15.4004690709963,10.0,10.0,G
3908,-61.50955128078864,15.400337464911791,10.0,10.0,G
3909,-61.509807498699296,15.400430059557902,10.0,10.0,G
3910,-61.50966512168953,15.400465676709642,10.0,10.0,G
3911,-61.50966022989782,15.400432834034126,10.0,10.0,G
3912,-61.50975181631251,15.400432964866328,10.0,10.0,G
3913,-61.50977997958807,15.400323898975968,10.0,10.0,G
3914,-61.50955943754205,15.400379971896982,10.0,10.0,G
3915,-61.509468573049574,15.400475977736301,10.0,10.0,G
3916,-61.50961905821484,15.400372335597707,10.0,10.0,G
3917,-61.509639745186405,15.400350646775136,10.0,10.0,G
3918,-61.509600877041066,15.400425784581062,10.0,10.0,G
3919,-61.509535740212335,15.400438067421428,10.0,10.0,G
3920,-61.50965594724281,15.400350490663406,10.0,10.0,G
3921,-61.50958443967785,15.400303641602694,10.0,10.0,G
3922,-61.509581850799286,15.400288822586129,10.0,10.0,G
3923,-61.50959796969796,15.400255416119506,10.0,10.0,G
3924,-61.509583671230985,15.40024391789211,10.0,10.0,G
3925,-61.509567620325285,15.400275250164416,10.0,10.0,G
3926,-61.50959119408849,15.400291323868563,10.0,10.0,G
3927,-61.5094641506825,15.400263877215568,10.0,10.0,G
3928,-61.50953008634769,15.400203874654062,10.0,10.0,G
3929,-61.50973292022029,15.400218154580077,10.0,10.0,G
3930,-61.50956745355685,15.400220205469367,10.0,10.0,G
3931,-61.50949070556029,15.400249882222202,10.0,10.0,G
3932,-61.50953550945411,15.40018073743606,10.0,10.0,G
3933,-61.50969104257028,15.40008710114371,10.0,10.0,G
3934,-61.50960795588174,15.400134622140843,10.0,10.0,G
3935,-61.509660928121484,15.400100498987337,10.0,10.0,G
3936,-61.509544263202045,15.400157239745816,10.0,10.0,G
3937,-61.50952655372108,15.4000961789846,10.0,10.0,G
3938,-61.50951627455202,15.40015833131417,10.0,10.0,G
3939,-61.509561396461955,15.400006249183207,10.0,10.0,G
3940,-61.50951382962596,15.400160527614378,10.0,10.0,G
3941,-61.50953242064951,15.400113979828014,10.0,10.0,G
3942,-61.509650851357065,15.400065735914648,10.0,10.0,G
3943,-61.509523698125676,15.40009869220496,10.0,10.0,G
3944,-61.509508600202786,15.400065127734987,10.0,10.0,G
3945,-61.50948404714333,15.400061113929253,10.0,10.0,G
3946,-61.509508464962515,15.400041904419977,10.0,10.0,G
3947,-61.50946505216432,15.400048746751676,10.0,10.0,G
3948,-61.50948581977048,15.40005822211597,10.0,10.0,G
3949,-61.509444668632675,15.40006906490112,10.0,10.0,G
3950,-61.50945212420722,15.400035700002919,10.0,10.0,G
3951,-61.509511031100885,15.399997742656913,10.0,10.0,G
3952,-61.50943546972488,15.399963675515838,10.0,10.0,G
3953,-61.50940563412902,15.39994341512302,10.0,10.0,G
3954,-61.50948435831436,15.400010985413777,10.0,10.0,G
3955,-61.50952766081916,15.400026511483857,10.0,10.0,G
3956,-61.50957962644704,15.400038249434386,10.0,10.0,G
3957,-61.50942488952304,15.399896672789652,10.0,10.0,G
3958,-61.50950522218063,15.399861612194043,10.0,10.0,G
3959,-61.50948108984103,15.399942967045583,10.0,10.0,G
3960,-61.5095680067953,15.399858919637937,10.0,10.0,G
3961,-61.509467540072755,15.399946420126554,10.0,10.0,G
3962,-61.509573816917346,15.40004986695271,10.0,10.0,G
3963,-61.50949706425783,15.399922949141375,10.0,10.0,G
3964,-61.50944509853374,15.399897621782177,10.0,10.0,G
3965,-61.509482078972056,15.39992195693792,10.0,10.0,G
3966,-61.50945036562386,15.399829786869114,10.0,10.0,G
3967,-61.509383486862646,15.399809566978089,10.0,10.0,G
3968,-61.509373684766686,15.399848589570142,10.0,10.0,G
3969,-61.509453583009204,15.399926269645038,10.0,10.0,G
3970,-61.509450490421635,15.399856530588217,10.0,10.0,G
7287,-61.48684820327485,15.36263571943247,10.0,10.0,G
7288,-61.486908269177675,15.362793722811904,10.0,10.0,G
7289,-61.4868580030854,15.362658106508169,10.0,10.0,G
7290,-61.48685449004025,15.362615719901077,10.0,10.0,G
7291,-61.48680018751941,15.362607785151702,10.0,10.0,G
7292,-61.48675604160068,15.362612008250059,10.0,10.0,G
7293,-61.48673214809682,15.36258542332382,10.0,10.0,G
7294,-61.48684314920348,15.362530233526945,10.0,10.0,G
7295,-61.486791592488174,15.36246445166013,10.0,10.0,G
7296,-61.486701004983125,15.36254783475489,10.0,10.0,G
7297,-61.48677677950768,15.362574398852395,10.0,10.0,G
7298,-61.486754378479006,15.362525611108454,10.0,10.0,G
7299,-61.48673581740588,15.362523426539733,10.0,10.0,G
7300,-61.486609200075975,15.36254022357195,10.0,10.0,G
7301,-61.486682318228475,15.36247992029347,10.0,10.0,G
7302,-61.48682320260084,15.362517683544745,10.0,10.0,G
7303,-61.48678088912351,15.362518832823921,10.0,10.0,G
7304,-61.48662330594477,15.362402254063264,10.0,10.0,G
7305,-61.486665627810794,15.362501258114104,10.0,10.0,G
7306,-61.486527461806645,15.36241668764382,10.0,10.0,G
7307,-61.486618308055625,15.36236899285411,10.0,10.0,G
7308,-61.48656138084932,15.36245531915149,10.0,10.0,G
7309,-61.48657730954987,15.36241536689396,10.0,10.0,G
7310,-61.48672145335677,15.362527308469032,10.0,10.0,G
7311,-61.48652006515748,15.362455630749906,10.0,10.0,G
7312,-61.48657309005429,15.362312310473856,10.0,10.0,G
7313,-61.48653735809107,15.362360234986166,10.0,10.0,G
7314,-61.48660413901423,15.362321996061205,10.0,10.0,G
7315,-61.48652722223348,15.362299139064213,10.0,10.0,G
7316,-61.48662582397932,15.362260446885513,10.0,10.0,G
7317,-61.486586427810444,15.362369884030494,10.0,10.0,G
7318,-61.48661027782382,15.362253012466933,10.0,10.0,G
7319,-61.48651082552407,15.362249551573687,10.0,10.0,G
7320,-61.486439388160065,15.362166813320748,10.0,10.0,G
7321,-61.48662186002489,15.362341405201333,10.0,10.0,G
7322,-61.48662619289749,15.362294571363664,10.0,10.0,G
7323,-61.48646941735044,15.362231120510677,10.0,10.0,G
7324,-61.48634516115535,15.362166621369099,10.0,10.0,G
7325,-61.48635938435584,15.362286432646405,10.0,10.0,G
7326,-61.48652837353766,15.362029948323373,10.0,10.0,G
7327,-61.486394569363696,15.362133448849661,10.0,10.0,G
7328,-61.4864190124703,15.362101850273854,10.0,10.0,G
7329,-61.4864362499945,15.362109893908329,10.0,10.0,G
7330,-61.48630117633893,15.362097972044152,10.0,10.0,G
7331,-61.486324730255085,15.362048758133882,10.0,10.0,G
7332,-61.48636263695928,15.36216373875702,10.0,10.0,G
7333,-61.48638634043557,15.361971708721418,10.0,10.0,G
7334,-61.48638742996729,15.362007540012343,10.0,10.0,G
7335,-61.48635551012303,15.362085132213933,10.0,10.0,G
7336,-61.486325279797704,15.362060901312283,10.0,10.0,G
7337,-61.48631076564874,15.36199337454863,10.0,10.0,G
7338,-61.48619483694338,15.361967365525263,10.0,10.0,G
7339,-61.48630780445868,15.361965417226722,10.0,10.0,G
7340,-61.48624735380105,15.361973531178494,10.0,10.0,G
7341,-61.486281457599155,15.361948206876468,10.0,10.0,G
7342,-61.48634539766732,15.361918331118442,10.0,10.0,G
7343,-61.48625335012761,15.361936826691066,10.0,10.0,G
7344,-61.48626884249131,15.361876712190792,10.0,10.0,G
7345,-61.4860977925846,15.36198760164039,10.0,10.0,G
7346,-61.48611745312601,15.361950569340113,10.0,10.0,G
7347,-61.48623031741967,15.361874867071183,10.0,10.0,G
7348,-61.486231601145064,15.361789179953632,10.0,10.0,G
7349,-61.486198478029635,15.36187299107025,10.0,10.0,G
7350,-61.486143730601356,15.361917919831136,10.0,10.0,G
7351,-61.486136287303765,15.361854885779868,10.0,10.0,G
7352,-61.48621497729269,15.36185780999341,10.0,10.0,G
7353,-61.48634763939095,15.36178350881484,10.0,10.0,G
7354,-61.4861644405427,15.36182324569867,10.0,10.0,G
7355,-61.48630193450635,15.361805510954508,10.0,10.0,G
7356,-61.486224178760665,15.361777904127404,10.0,10.0,G
7357,-61.486185604166806,15.361825287085638,10.0,10.0,G
7358,-61.486157691296874,15.361635186583447,10.0,10.0,G
7359,-61.4861156040749,15.361647440933963,10.0,10.0,G
7360,-61.48626290508529,15.361716519982956,10.0,10.0,G
7361,-61.48604171100637,15.361715414143383,10.0,10.0,G
7362,-61.48612966231344,15.361720870409792,10.0,10.0,G
7363,-61.48604182893999,15.361656604120094,10.0,10.0,G
7364,-61.48605000143307,15.361761557087561,10.0,10.0,G
7365,-61.48605046658426,15.36168899013238,10.0,10.0,G
7366,-61.486091510343385,15.361684937407674,10.0,10.0,G
7367,-61.486016610029786,15.36161393802654,10.0,10.0,G
7368,-61.48594207973525,15.361790076075534,10.0,10.0,G
7369,-61.485935867945045,15.36159857581428,10.0,10.0,G
7370,-61.48598294420145,15.36157879336531,10.0,10.0,G
7371,-61.48601463571494,15.361559439716174,10.0,10.0,G
7372,-61.486006764180296,15.36158287292872,10.0,10.0,G
7373,-61.48584165841811,15.36157526667081,10.0,10.0,G
7374,-61.485924556399134,15.361551714103683,10.0,10.0,G
7375,-61.48585523036224,15.3615676350436,10.0,10.0,G
7376,-61.48589493871382,15.36148151092819,10.0,10.0,G
7377,-61.485914021432684,15.361473958054018,10.0,10.0,G
7378,-61.48598411258526,15.361402846702738,10.0,10.0,G
7379,-61.485891970379065,15.361395084060998,10.0,10.0,G
7380,-61.48586542033709,15.36144358334143,10.0,10.0,G
7381,-61.48583276892944,15.361435972884244,10.0,10.0,G
7382,-61.48588722368765,15.361375974473976,10.0,10.0,G
7383,-61.48586916908851,15.361463511198005,10.0,10.0,G
7384,-61.48592959571127,15.361327414351777,10.0,10.0,G
7385,-61.48576589897817,15.36144065604934,10.0,10.0,G
7386,-61.48580606421401,15.361367414819544,10.0,10.0,G
7387,-61.48579392107264,15.361356939784628,10.0,10.0,G
7388,-61.485691302749004,15.361330845540678,10.0,10.0,G
7389,-61.485777797005355,15.361282709985389,10.0,10.0,G
7390,-61.48572780653173,15.361366084661219,10.0,10.0,G
7391,-61.485802394129806,15.361474921409048,10.0,10.0,G
7392,-61.48566324417868,15.361258250359487,10.0,10.0,G
7393,-61.48572484805912,15.361283687901016,10.0,10.0,G
7394,-61.485665450293055,15.361194269551827,10.0,10.0,G
7395,-61.48560800687532,15.36136764584763,10.0,10.0,G
7396,-61.48574203607391,15.361339360602239,10.0,10.0,G
7397,-61.485699464584904,15.361252368562988,10.0,10.0,G
7398,-61.48553779438747,15.361322508640395,10.0,10.0,G
7399,-61.485860722391,15.361209966659578,10.0,10.0,G
7400,-61.48567292065094,15.361175429513397,10.0,10.0,G
7401,-61.48573750200554,15.361140863216935,10.0,10.0,G
7402,-61.48564086504933,15.361236697746563,10.0,10.0,G
7403,-61.48554913924902,15.36100157066702,10.0,10.0,G
7404,-61.48564691865317,15.361163556666334,10.0,10.0,G
7405,-61.485561698658,15.361119869763627,10.0,10.0,G
7406,-61.4855705524622,15.36106728452193,10.0,10.0,G
7407,-61.485572111213486,15.361067200407117,10.0,10.0,G
7408,-61.48553457837622,15.36110169433295,10.0,10.0,G
7409,-61.485523688210996,15.361087555552928,10.0,10.0,G
7410,-61.48554975571778,15.361057222241008,10.0,10.0,G
7411,-61.48550981712454,15.360991849821598,10.0,10.0,G
7412,-61.48549679314295,15.360863399776346,10.0,10.0,G
7413,-61.48542140207287,15.361026231457666,10.0,10.0,G
7414,-61.485577961090016,15.36083329673524,10.0,10.0,G
7415,-61.48552029048972,15.360999519944206,10.0,10.0,G
7416,-61.48553435286437,15.360985803165853,10.0,10.0,G
7417,-61.485483050122774,15.360954265305338,10.0,10.0,G
7418,-61.48546277526154,15.360945720755279,10.0,10.0,G
7419,-61.485467012011576,15.360966832169037,10.0,10.0,G
7420,-61.485547189742334,15.360959520883647,10.0,10.0,G
7421,-61.48553342321117,15.360962033632198,10.0,10.0,G
7422,-61.48538996726852,15.360937751466075,10.0,10.0,G
7423,-61.48540942232509,15.360851169351362,10.0,10.0,G
7424,-61.485499138739335,15.360800890178142,10.0,10.0,G
7425,-61.48546369387472,15.360945224485043,10.0,10.0,G
7426,-61.48528735446378,15.360960244217384,10.0,10.0,G
7427,-61.48547908124952,15.360900633227072,10.0,10.0,G
7428,-61.48528335932804,15.360905858256675,10.0,10.0,G
7429,-61.485281011341065,15.360775348327062,10.0,10.0,G
7430,-61.48532274031626,15.36080361039052,10.0,10.0,G
7431,-61.48534678192992,15.360749780305609,10.0,10.0,G
7432,-61.48532238659081,15.360760924233283,10.0,10.0,G
7433,-61.48534101549035,15.360761033247375,10.0,10.0,G
7434,-61.485374676153555,15.360735631153451,10.0,10.0,G
7435,-61.48541917758719,15.360643411374221,10.0,10.0,G
7436,-61.48542430255423,15.360749483891828,10.0,10.0,G
7437,-61.48545893491141,15.360783815914674,10.0,10.0,G
7438,-61.485320508770045,15.360726124102575,10.0,10.0,G
7439,-61.48531937149708,15.360678390365639,10.0,10.0,G
7440,-61.485195367234894,15.360733012701411,10.0,10.0,G
7441,-61.48515796447244,15.360676072004994,10.0,10.0,G
7442,-61.48522342876324,15.36060036561441,10.0,10.0,G
7443,-61.485236451987944,15.360548426730436,10.0,10.0,G
7444,-61.48518709085616,15.360586948087551,10.0,10.0,G
7445,-61.485244018926345,15.360609818060453,10.0,10.0,G
7446,-61.48510851468304,15.360542085860967,10.0,10.0,G
7447,-61.48510850972849,15.3606469147366,10.0,10.0,G
7448,-61.48515466738911,15.360558755177406,10.0,10.0,G
7449,-61.48517768306202,15.360625477175374,10.0,10.0,G
7450,-61.48513238711757,15.360523237709083,10.0,10.0,G
7451,-61.485006148172765,15.360374995430236,10.0,10.0,G
7452,-61.485082143399794,15.360467135251186,10.0,10.0,G
7453,-61.48508459230297,15.360496261051065,10.0,10.0,G
7454,-61.4850992964973,15.360621013361506,10.0,10.0,G
7455,-61.485079534613774,15.36046172013017,10.0,10.0,G
7456,-61.48504928052092,15.360462096702568,10.0,10.0,G
7457,-61.48495425509879,15.360439083419404,10.0,10.0,G
7458,-61.48505546255287,15.360456478129736,10.0,10.0,G
7459,-61.48489869418035,15.360435321213721,10.0,10.0,G
7460,-61.485011171715236,15.36045159877082,10.0,10.0,G
7461,-61.484978568892096,15.360457916226142,10.0,10.0,G
7462,-61.48501842104587,15.36036963048503,10.0,10.0,G
7463,-61.484990412953195,15.360419470987079,10.0,10.0,G
7464,-61.48500650860543,15.360329617669185,10.0,10.0,G
7465,-61.485029427405195,15.360289250442587,10.0,10.0,G
7466,-61.48495916260737,15.360317111330138,10.0,10.0,G
7467,-61.48505509960781,15.36027419215825,10.0,10.0,G
7468,-61.484939436202794,15.360288615513564,10.0,10.0,G
7469,-61.48495124002407,15.36023157352533,10.0,10.0,G
7470,-61.484923982030715,15.360261553495478,10.0,10.0,G
7471,-61.48477098053034,15.360151347720455,10.0,10.0,G
7472,-61.48488700337247,15.360228783462421,10.0,10.0,G
7473,-61.48491911176759,15.360228242398065,10.0,10.0,G
7474,-61.4847816184832,15.360303526622378,10.0,10.0,G
7475,-61.48478652476508,15.36018733434439,10.0,10.0,G
7476,-61.4848618950934,15.360208249260628,10.0,10.0,G
7477,-61.48479591686246,15.360223504250943,10.0,10.0,G
7478,-61.48481942956009,15.360165450821485,10.0,10.0,G
7479,-61.48483116784651,15.360075664868967,10.0,10.0,G
7480,-61.48476656042922,15.360040252708085,10.0,10.0,G
7481,-61.48487502896211,15.360046948271583,10.0,10.0,G
7482,-61.48477759584155,15.360137909298485,10.0,10.0,G
7483,-61.484766044617906,15.360051152244282,10.0,10.0,G
7484,-61.48473089715574,15.36004897158986,10.0,10.0,G
7485,-61.48474756832592,15.360146919022377,10.0,10.0,G
7486,-61.48476440000642,15.35987897349315,10.0,10.0,G
7487,-61.48465579122835,15.360073375170604,10.0,10.0,G
7488,-61.48468037823966,15.360138122442704,10.0,10.0,G
7489,-61.484608690407775,15.359971478221556,10.0,10.0,G
7490,-61.48472009195638,15.360035994860034,10.0,10.0,G
7491,-61.484746800455696,15.359962208435041,10.0,10.0,G
7492,-61.484730864768615,15.359959183937237,10.0,10.0,G
7493,-61.48459770644932,15.35992687292275,10.0,10.0,G
7494,-61.484708025582954,15.36000139838549,10.0,10.0,G
7495,-61.48463118989199,15.359915096888239,10.0,10.0,G
7496,-61.48464298266972,15.359907440184442,10.0,10.0,G
7497,-61.484581975854404,15.359839212601676,10.0,10.0,G
7498,-61.484574291381755,15.359802021750024,10.0,10.0,G
7499,-61.48457969637871,15.3599044229589,10.0,10.0,G
7500,-61.48448542663653,15.359786298131183,10.0,10.0,G
7501,-61.484594748412874,15.359875696642716,10.0,10.0,G
7502,-61.48454907403789,15.359761691491345,10.0,10.0,G
7503,-61.4847185393998,15.359822648813042,10.0,10.0,G
7504,-61.48445958496678,15.359809966656751,10.0,10.0,G
7505,-61.48452834980395,15.359790768370157,10.0,10.0,G
7506,-61.484508807975914,15.35979908698768,10.0,10.0,G
7507,-61.48453387976914,15.359844644731348,10.0,10.0,G
7508,-61.48460430424383,15.359745047272884,10.0,10.0,G
7509,-61.48450674251041,15.359738286917542,10.0,10.0,G
7510,-61.48449361274104,15.359587111951722,10.0,10.0,G
7511,-61.48455780347049,15.35977937561811,10.0,10.0,G
7512,-61.48447383788522,15.359698438163532,10.0,10.0,G
7513,-61.484558573879426,15.359713359298548,10.0,10.0,G
7514,-61.4843978122123,15.359729510045913,10.0,10.0,G
7515,-61.48445756170173,15.359708227795629,10.0,10.0,G
7516,-61.484488736538594,15.359681142903826,10.0,10.0,G
7517,-61.48440698809723,15.359624705659366,10.0,10.0,G
7518,-61.4843193593287,15.359502973895989,10.0,10.0,G
7519,-61.48436052813673,15.35988724600878,10.0,10.0,G
7520,-61.48436618681814,15.35958554513495,10.0,10.0,G
7521,-61.484346649474695,15.359623248067855,10.0,10.0,G
7522,-61.48441440008556,15.359775819296766,10.0,10.0,G
7523,-61.48430079248358,15.35960377685841,10.0,10.0,G
7524,-61.48432047664188,15.359482918393445,10.0,10.0,G
7525,-61.484521184001906,15.359429482638575,10.0,10.0,G
7526,-61.48432314902841,15.359414359331806,10.0,10.0,G
7527,-61.484303173664905,15.359513880717815,10.0,10.0,G
7528,-61.48444845025773,15.359434409806061,10.0,10.0,G
7529,-61.48429209867509,15.359411385576225,10.0,10.0,G
7530,-61.48440948920649,15.359450285599294,10.0,10.0,G
7531,-61.4842412291357,15.35946466279318,10.0,10.0,G
7532,-61.48426389733545,15.359492354000956,10.0,10.0,G
7533,-61.484224351878474,15.35937565147219,10.0,10.0,G
7534,-61.48419303258242,15.359521768007607,10.0,10.0,G
7535,-61.484131052479626,15.359497090420403,10.0,10.0,G
7536,-61.4843182407906,15.359416564747564,10.0,10.0,G
7537,-61.48418819660512,15.35941067769825,10.0,10.0,G
7538,-61.48415601449268,15.359322380748218,10.0,10.0,G
7539,-61.48415886601545,15.359314046260264,10.0,10.0,G
7540,-61.484110585635364,15.359309587540045,10.0,10.0,G
7541,-61.48417517554875,15.359328082256473,10.0,10.0,G
7542,-61.48413790137537,15.359289636418737,10.0,10.0,G
7543,-61.48413159993674,15.35928492656679,10.0,10.0,G
7544,-61.484086118300795,15.359321632405223,10.0,10.0,G
7545,-61.48413455555914,15.359295310643555,10.0,10.0,G
7546,-61.48401749818974,15.359169548619908,10.0,10.0,G
7547,-61.484060207732675,15.359291034582096,10.0,10.0,G
7548,-61.4840541166678,15.35917561492238,10.0,10.0,G
7549,-61.4840659906605,15.359192087846925,10.0,10.0,G
7550,-61.48418266517623,15.35925641804476,10.0,10.0,G
7551,-61.48420272996321,15.359059698000332,10.0,10.0,G
7552,-61.48394892052419,15.35898382164985,10.0,10.0,G
7553,-61.484010670029726,15.359166846857638,10.0,10.0,G
7554,-61.48403840285805,15.359264173123325,10.0,10.0,G
7555,-61.48398310597042,15.359176228842472,10.0,10.0,G
7556,-61.48399044810143,15.359108568945842,10.0,10.0,G
7557,-61.48397807260135,15.359094612493204,10.0,10.0,G
7558,-61.4839634649035,15.359096097836508,10.0,10.0,G
7559,-61.4837641188847,15.358974288085667,10.0,10.0,G
7560,-61.48388634045599,15.35907856042393,10.0,10.0,G
7561,-61.4839226521449,15.359021118060236,10.0,10.0,G
7562,-61.48383144525317,15.359147650426467,10.0,10.0,G
7563,-61.4838279190956,15.358981263736348,10.0,10.0,G
7564,-61.48372298300881,15.359055420081539,10.0,10.0,G
7565,-61.48392604750757,15.359020809006907,10.0,10.0,G
7566,-61.483890018720196,15.358989243712772,10.0,10.0,G
7567,-61.483784991526576,15.35887209239267,10.0,10.0,G
7568,-61.48395906525317,15.358764014675035,10.0,10.0,G
7569,-61.483834139679196,15.35892851413745,10.0,10.0,G
7570,-61.4838475986575,15.358961777015958,10.0,10.0,G
7571,-61.48383225323306,15.358994316938496,10.0,10.0,G
7572,-61.483751751454946,15.358899924736912,10.0,10.0,G
7573,-61.48382801103244,15.358897460696648,10.0,10.0,G
7574,-61.48377381111921,15.35885378394633,10.0,10.0,G
7575,-61.48374646161849,15.358948239217593,10.0,10.0,G
7576,-61.48388014689949,15.35893654232037,10.0,10.0,G
7577,-61.48375443806944,15.358836622944667,10.0,10.0,G
7578,-61.48370551660066,15.358846580314722,10.0,10.0,G
7579,-61.483802188573016,15.35879892212207,10.0,10.0,G
7580,-61.483678529294316,15.358805902303576,10.0,10.0,G
7581,-61.483690938015734,15.35878519844322,10.0,10.0,G
7582,-61.48369891863474,15.358752081755208,10.0,10.0,G
7583,-61.483838573675726,15.358735523727521,10.0,10.0,G
7584,-61.48371325190115,15.35854762821992,10.0,10.0,G
7585,-61.483678419376176,15.358772293496783,10.0,10.0,G
7586,-61.48364798948106,15.358835671981852,10.0,10.0,G
7587,-61.48378735996717,15.358712664830106,10.0,10.0,G
7588,-61.48363640807074,15.358713989984812,10.0,10.0,G
7589,-61.48368983623812,15.358537537052397,10.0,10.0,G
7590,-61.48370186627962,15.358683344287464,10.0,10.0,G
7591,-61.48367994930756,15.358567373714209,10.0,10.0,G
7592,-61.48362823229518,15.358658912326177,10.0,10.0,G
7593,-61.48350186614882,15.358632472007072,10.0,10.0,G
7594,-61.48355448989094,15.358626284433667,10.0,10.0,G
7595,-61.483555551155554,15.358638586716525,10.0,10.0,G
7596,-61.483734750864095,15.358670056363207,10.0,10.0,G
7597,-61.48353806974708,15.358498593769463,10.0,10.0,G
7598,-61.48345881887017,15.35852896226534,10.0,10.0,G
7599,-61.483506798186504,15.35857803903384,10.0,10.0,G
7600,-61.483456337657074,15.358453837185506,10.0,10.0,G
7601,-61.483321845239054,15.358602966615921,10.0,10.0,G
7602,-61.483496646104015,15.358512393493386,10.0,10.0,G
7603,-61.483517548050656,15.358494323399695,10.0,10.0,G
7604,-61.48339995220727,15.358428365833923,10.0,10.0,G
7605,-61.483424533507524,15.358406781041632,10.0,10.0,G
7606,-61.48340890313285,15.358479588089198,10.0,10.0,G
7607,-61.48338081720933,15.358476461653407,10.0,10.0,G
7608,-61.483390888688135,15.358437057226352,10.0,10.0,G
7609,-61.483356400330784,15.358353902286657,10.0,10.0,G
7610,-61.48331438035982,15.358367527091437,10.0,10.0,G
7611,-61.48338563989878,15.358497076090318,10.0,10.0,G
7612,-61.483387097914964,15.358347698228323,10.0,10.0,G
7613,-61.483367781926034,15.358269097050615,10.0,10.0,G
7614,-61.48335014548223,15.358328443094571,10.0,10.0,G
7615,-61.48333060009848,15.358355244882057,10.0,10.0,G
7616,-61.48345841094199,15.358386700233725,10.0,10.0,G
7617,-61.48338740061761,15.358280312049027,10.0,10.0,G
7618,-61.483251297257866,15.358312196298066,10.0,10.0,G
7619,-61.483206082384065,15.35818169291561,10.0,10.0,G
7620,-61.48314943807164,15.358338860849729,10.0,10.0,G
7621,-61.48329213626365,15.358264900260464,10.0,10.0,G
7622,-61.48326735960919,15.358219077111345,10.0,10.0,G
7623,-61.48327251847969,15.358235022872185,10.0,10.0,G
7624,-61.483230573584656,15.358211286594168,10.0,10.0,G
7625,-61.48316456655927,15.358236179336515,10.0,10.0,G
7626,-61.4832060536739,15.358179710924556,10.0,10.0,G
7627,-61.483238631999996,15.3581860214728,10.0,10.0,G
7628,-61.48320237725018,15.35831184761379,10.0,10.0,G
7629,-61.48320624912424,15.358172287531053,10.0,10.0,G
7630,-61.483157811452834,15.358190771190907,10.0,10.0,G
7631,-61.48317414416831,15.358072234619852,10.0,10.0,G
7632,-61.48312261210941,15.358073886770947,10.0,10.0,G
7633,-61.48321813690911,15.358111800673965,10.0,10.0,G
7634,-61.48323438533906,15.358200315391146,10.0,10.0,G
7635,-61.48313124109833,15.358077406390791,10.0,10.0,G
7636,-61.48308797259207,15.357970833436521,10.0,10.0,G
7637,-61.48314795586204,15.358070666618136,10.0,10.0,G
7638,-61.483200703349866,15.35799286371669,10.0,10.0,G
7639,-61.483133544865794,15.358031248819254,10.0,10.0,G
7640,-61.48306643538219,15.357982503965438,10.0,10.0,G
7641,-61.48294100780396,15.358025363800408,10.0,10.0,G
7642,-61.48300908297699,15.357886697013251,10.0,10.0,G
7643,-61.48316896489642,15.357950526376078,10.0,10.0,G
7644,-61.482949297641134,15.357813179550673,10.0,10.0,G
7645,-61.48307694443021,15.357922671010174,10.0,10.0,G
7646,-61.48302372811862,15.357934755237117,10.0,10.0,G
7647,-61.4828781660345,15.357850173093425,10.0,10.0,G
7648,-61.483010838909145,15.357905083144146,10.0,10.0,G
7649,-61.48295123425724,15.357997331721869,10.0,10.0,G
7650,-61.48289830796551,15.357806632371549,10.0,10.0,G
7651,-61.4828865465907,15.357784480170476,10.0,10.0,G
7652,-61.482855430952185,15.35785533733801,10.0,10.0,G
7653,-61.48294650943621,15.357778624489317,10.0,10.0,G
7654,-61.482950547983386,15.357847893807142,10.0,10.0,G
7655,-61.482824388269584,15.357864485234566,10.0,10.0,G
7656,-61.48286053411367,15.357768374238717,10.0,10.0,G
7657,-61.482852917667216,15.357713851767643,10.0,10.0,G
7658,-61.482882969701066,15.357710028415438,10.0,10.0,G
7659,-61.482848600650435,15.357724260065982,10.0,10.0,G
7660,-61.48277278978573,15.357693933867562,10.0,10.0,G
7661,-61.48279342972498,15.357727895352763,10.0,10.0,G
7662,-61.48281865762904,15.357692193974843,10.0,10.0,G
7663,-61.482891447722906,15.357640471873568,10.0,10.0,G
7664,-61.48272088982965,15.357618866336422,10.0,10.0,G
7665,-61.48273928193339,15.357612859726645,10.0,10.0,G
7666,-61.482755135537346,15.35769332247709,10.0,10.0,G
7667,-61.482798844219424,15.357528604068674,10.0,10.0,G
7668,-61.482767339584775,15.357608670886991,10.0,10.0,G
7669,-61.482719068168365,15.357581610439409,10.0,10.0,G
7670,-61.482725140260435,15.357563950345627,10.0,10.0,G
7671,-61.48278494605237,15.357655478244173,10.0,10.0,G
7672,-61.48263920195991,15.35764827067668,10.0,10.0,G
7673,-61.48265194925067,15.357564882697881,10.0,10.0,G
7674,-61.48270089322353,15.357531179568877,10.0,10.0,G
7675,-61.4827125425213,15.357464488445297,10.0,10.0,G
7676,-61.482664280085814,15.357491211535539,10.0,10.0,G
7677,-61.4826409532156,15.357346849175435,10.0,10.0,G
7678,-61.48263457344395,15.357464376205483,10.0,10.0,G
7679,-61.482662234145394,15.357421505719977,10.0,10.0,G
7680,-61.4825825510719,15.357541251169675,10.0,10.0,G
7681,-61.48261266234567,15.35742908706989,10.0,10.0,G
7682,-61.48261614845968,15.357320462494748,10.0,10.0,G
7683,-61.482630161615376,15.357326786665572,10.0,10.0,G
7684,-61.4826029906657,15.357337333484418,10.0,10.0,G
7685,-61.48256701695637,15.357366497727938,10.0,10.0,G
7686,-61.482602934508805,15.357528542736741,10.0,10.0,G
7687,-61.482482627955754,15.357336207375443,10.0,10.0,G
7688,-61.482414667375366,15.357483248457504,10.0,10.0,G
7689,-61.48256265885625,15.35730820236221,10.0,10.0,G
7690,-61.482535532555495,15.35731707204061,10.0,10.0,G
7691,-61.48254530913424,15.357150743233442,10.0,10.0,G
7692,-61.482451021701735,15.357397594542606,10.0,10.0,G
7693,-61.48260190196437,15.357270634269964,10.0,10.0,G
7694,-61.4824638502359,15.357262730173783,10.0,10.0,G
7695,-61.48248881487393,15.357255220995215,10.0,10.0,G
7696,-61.48225346037712,15.357316506902766,10.0,10.0,G
7697,-61.4824337743862,15.357336498802125,10.0,10.0,G
7698,-61.48237558741663,15.357081991835845,10.0,10.0,G
7699,-61.48241330047587,15.357189241836048,10.0,10.0,G
7700,-61.48238898522914,15.356974861747073,10.0,10.0,G
7701,-61.482516945898155,15.357151599354156,10.0,10.0,G
7702,-61.48229918375076,15.357163619077348,10.0,10.0,G
7703,-61.482345837502734,15.357233858717423,10.0,10.0,G
7704,-61.48236108894728,15.357098485352632,10.0,10.0,G
7705,-61.48247274205675,15.357176155911839,10.0,10.0,G
7706,-61.48239324562466,15.357085799992419,10.0,10.0,G
7707,-61.48233673860824,15.357113396531538,10.0,10.0,G
7708,-61.48233859130447,15.357043709338887,10.0,10.0,G
7709,-61.48232552523262,15.357128238343464,10.0,10.0,G
7710,-61.48230666342036,15.357029820112151,10.0,10.0,G
7711,-61.482300014167855,15.357050647178443,10.0,10.0,G
7712,-61.482274382562274,15.357014681253167,10.0,10.0,G
7713,-61.48218608778032,15.357070022888818,10.0,10.0,G
7714,-61.48228535508801,15.35696716478666,10.0,10.0,G
7715,-61.48221137017722,15.357033427428316,10.0,10.0,G
7716,-61.48219417205197,15.356971978296748,10.0,10.0,G
7717,-61.48218366282786,15.356973439781408,10.0,10.0,G
7718,-61.48221782019601,15.356928659423597,10.0,10.0,G
7719,-61.48223354130759,15.356963555407876,10.0,10.0,G
7720,-61.48218441489006,15.35695387374602,10.0,10.0,G
7721,-61.48214952414067,15.356914041693361,10.0,10.0,G
7722,-61.482147884922846,15.35685443024474,10.0,10.0,G
7723,-61.482049904581416,15.357022774457548,10.0,10.0,G
7724,-61.48210712274004,15.3567315935413,10.0,10.0,G
7725,-61.48215656484853,15.356911383136914,10.0,10.0,G
7726,-61.482060140960705,15.35698198031323,10.0,10.0,G
7727,-61.48210203937224,15.356855068477183,10.0,10.0,G
7728,-61.48225863880318,15.356706527420304,10.0,10.0,G
7729,-61.48209294968886,15.356789421839135,10.0,10.0,G
7730,-61.48207020470317,15.356761919476066,10.0,10.0,G
7731,-61.48205186589836,15.35674587982752,10.0,10.0,G
7732,-61.48200576132186,15.35676742411012,10.0,10.0,G
7733,-61.48196491327266,15.356723636457222,10.0,10.0,G
7734,-61.48205403378432,15.356740607776233,10.0,10.0,G
7735,-61.482042459404305,15.356697449412383,10.0,10.0,G
7736,-61.48194201690007,15.35646573386816,10.0,10.0,G
7737,-61.48212330979554,15.3567710549071,10.0,10.0,G
7738,-61.48197324173097,15.356657820079297,10.0,10.0,G
7739,-61.481984200904996,15.356702216117611,10.0,10.0,G
7740,-61.48209913439327,15.356697430838075,10.0,10.0,G
7741,-61.48192121228428,15.35667778921789,10.0,10.0,G
7742,-61.48192773235471,15.35660622344743,10.0,10.0,G
7743,-61.48190617198044,15.35660266659705,10.0,10.0,G
7744,-61.482055762889246,15.356513519809768,10.0,10.0,G
7745,-61.48176434846855,15.356571825571494,10.0,10.0,G
7746,-61.481842834318385,15.356547110285298,10.0,10.0,G
7747,-61.48187414784892,15.356504122985703,10.0,10.0,G
7748,-61.481967227593046,15.356591306978356,10.0,10.0,G
7749,-61.481812832621884,15.356566258746687,10.0,10.0,G
7750,-61.481928906570246,15.356510443314827,10.0,10.0,G
7751,-61.4816689722172,15.35647195537437,10.0,10.0,G
7752,-61.48192776124846,15.35643678453262,10.0,10.0,G
7753,-61.48185692686803,15.356433099197755,10.0,10.0,G
7754,-61.48176346310961,15.35644089894285,10.0,10.0,G
7755,-61.481605193669076,15.356518303454365,10.0,10.0,G
7756,-61.48173720765778,15.356436504133006,10.0,10.0,G
7757,-61.48184242249129,15.356549772121125,10.0,10.0,G
7758,-61.48162206144821,15.356526674496264,10.0,10.0,G
7759,-61.481757620150105,15.356454661789279,10.0,10.0,G
7760,-61.48162909917845,15.356317535493233,10.0,10.0,G
7761,-61.48159565848149,15.356446108363318,10.0,10.0,G
7762,-61.481686370028726,15.356278616751812,10.0,10.0,G
7763,-61.48171060710623,15.356338346185748,10.0,10.0,G
7764,-61.48165058579292,15.356294357993503,10.0,10.0,G
7765,-61.48165651451706,15.356260107958628,10.0,10.0,G
7766,-61.48162991176183,15.356369862506888,10.0,10.0,G
7767,-61.48165262921663,15.356173602137597,10.0,10.0,G
7768,-61.48155770299414,15.356386294705203,10.0,10.0,G
7769,-61.48161488922999,15.356268282444328,10.0,10.0,G
7770,-61.48161451952711,15.356199226009291,10.0,10.0,G
7771,-61.481828635939415,15.356179951274814,10.0,10.0,G
7772,-61.48156662803341,15.356203332660224,10.0,10.0,G
7773,-61.48158005208575,15.35615954375393,10.0,10.0,G
7774,-61.48151852372714,15.356139155736816,10.0,10.0,G
7775,-61.481591179196684,15.35618774727681,10.0,10.0,G
7776,-61.481579352623434,15.356090610639486,10.0,10.0,G
7777,-61.48145008006185,15.35616128705542,10.0,10.0,G
7778,-61.481525492669064,15.356121896664531,10.0,10.0,G
7779,-61.481542139003395,15.356125991465142,10.0,10.0,G
7780,-61.48141782473271,15.356046664574729,10.0,10.0,G
7781,-61.48144954947256,15.356060697977723,10.0,10.0,G
7782,-61.481485668109045,15.356201422908272,10.0,10.0,G
7783,-61.48151610460705,15.356019847214252,10.0,10.0,G
7784,-61.481429858540366,15.356063810497385,10.0,10.0,G
7785,-61.48144496581344,15.35601982764263,10.0,10.0,G
7786,-61.48146522619013,15.356103917578388,10.0,10.0,G
7787,-61.48138269781949,15.355869671622617,10.0,10.0,G
7788,-61.48131785695933,15.355939361601965,10.0,10.0,G
7789,-61.48139024433527,15.355870844056325,10.0,10.0,G
7790,-61.48130703086823,15.356108002802792,10.0,10.0,G
7791,-61.48148313997554,15.355837704279091,10.0,10.0,G
7792,-61.4814041021016,15.356098439415883,10.0,10.0,G
7793,-61.481387630704134,15.355846232677484,10.0,10.0,G
7794,-61.48130788841751,15.356038887132984,10.0,10.0,G
7795,-61.48136282830538,15.35588956799646,10.0,10.0,G
7796,-61.48130596471849,15.355862561359375,10.0,10.0,G
7797,-61.48135790044829,15.355991787562575,10.0,10.0,G
7798,-61.48122084152897,15.355797909885535,10.0,10.0,G
7799,-61.48129025082612,15.355833302651366,10.0,10.0,G
7800,-61.4813086005462,15.355810470399616,10.0,10.0,G
7801,-61.48127795789183,15.355761826822041,10.0,10.0,G
7802,-61.48135508886364,15.355837760642785,10.0,10.0,G
7803,-61.48128671146255,15.355807641293541,10.0,10.0,G
7804,-61.481102365566265,15.355812010037294,10.0,10.0,G
7805,-61.48121071666877,15.355754328693186,10.0,10.0,G
7806,-61.48120067156997,15.355725002165668,10.0,10.0,G
7807,-61.481213093835265,15.355706561067299,10.0,10.0,G
7808,-61.481228074560335,15.355705474152751,10.0,10.0,G
7809,-61.48117080380541,15.355693535252774,10.0,10.0,G
7810,-61.481271036348424,15.355733284865826,10.0,10.0,G
7811,-61.48108020848822,15.355699255834804,10.0,10.0,G
7812,-61.48116700232815,15.355777216797378,10.0,10.0,G
7813,-61.48110444405619,15.355639130211276,10.0,10.0,G
7814,-61.48116098746016,15.355542451393212,10.0,10.0,G
7815,-61.48101424913663,15.35566954458152,10.0,10.0,G
7816,-61.48093367353772,15.355645757574996,10.0,10.0,G
7817,-61.481108470811215,15.35561508675942,10.0,10.0,G
7818,-61.48116396624067,15.355569392543057,10.0,10.0,G
7819,-61.48097583483772,15.35550986360315,10.0,10.0,G
7820,-61.48098899569373,15.355548500029842,10.0,10.0,G
7821,-61.48095576560787,15.355554743855881,10.0,10.0,G
7822,-61.481140091427385,15.355530449561966,10.0,10.0,G
7823,-61.48104874516605,15.355594546133293,10.0,10.0,G
7824,-61.480981148441266,15.35546195283635,10.0,10.0,G
7825,-61.481138967360245,15.355455461547841,10.0,10.0,G
7826,-61.48088089824856,15.355446689235725,10.0,10.0,G
7827,-61.48108023081709,15.355417100310277,10.0,10.0,G
7828,-61.48109996987247,15.35552211977792,10.0,10.0,G
7829,-61.48094033424718,15.355406051432032,10.0,10.0,G
7830,-61.48092582021797,15.35542446998747,10.0,10.0,G
7831,-61.48097175633282,15.35531253768445,10.0,10.0,G
7832,-61.48087722163779,15.35534303466844,10.0,10.0,G
7833,-61.480951878090075,15.355267827534972,10.0,10.0,G
7834,-61.48086481343142,15.355405292923782,10.0,10.0,G
7835,-61.48088451331425,15.355356776294123,10.0,10.0,G
7836,-61.48092805946007,15.355335177119613,10.0,10.0,G
7837,-61.48091929154877,15.355163513457976,10.0,10.0,G
7838,-61.48095426850871,15.355395157484963,10.0,10.0,G
7839,-61.48086935008379,15.355276951153828,10.0,10.0,G
7840,-61.480715548590204,15.355238529521127,10.0,10.0,G
7841,-61.480821114265495,15.355000768201302,10.0,10.0,G
7842,-61.48082976998273,15.355217137677451,10.0,10.0,G
7843,-61.48074335161898,15.355163373109077,10.0,10.0,G
7844,-61.48079882443511,15.355167957703001,10.0,10.0,G
7845,-61.48090032812633,15.3551512632093,10.0,10.0,G
7846,-61.48074195092945,15.355296578076926,10.0,10.0,G
7847,-61.48074913972489,15.355144949690686,10.0,10.0,G
7848,-61.48071065623979,15.355168702335316,10.0,10.0,G
7849,-61.48068959739355,15.355152041279018,10.0,10.0,G
7850,-61.480702765061444,15.355185655825343,10.0,10.0,G
7851,-61.48065640542127,15.355132324323147,10.0,10.0,G
7852,-61.48077215760855,15.354972422377715,10.0,10.0,G
7853,-61.48064872027323,15.355188785304696,10.0,10.0,G
7854,-61.4806863702993,15.35508044064966,10.0,10.0,G
7855,-61.48068809490426,15.355029247498825,10.0,10.0,G
7856,-61.48068641439353,15.355088011573663,10.0,10.0,G
7857,-61.480616979384706,15.355071789819798,10.0,10.0,G
7858,-61.480556387318494,15.355066114864494,10.0,10.0,G
7859,-61.48060304507141,15.354996087641767,10.0,10.0,G
7860,-61.48062438466522,15.35496003405402,10.0,10.0,G
7861,-61.48058241043353,15.355056571761116,10.0,10.0,G
7862,-61.48056013974004,15.354952330584023,10.0,10.0,G
7863,-61.480553974056406,15.354956263443986,10.0,10.0,G
7864,-61.48055080734121,15.35483609003529,10.0,10.0,G
7865,-61.48054096282321,15.354945420662252,10.0,10.0,G
7866,-61.48044428255585,15.354877064615165,10.0,10.0,G
7867,-61.480568113264724,15.354876170892508,10.0,10.0,G
7868,-61.48049791603176,15.354870142309569,10.0,10.0,G
7869,-61.480434460118886,15.354884537230651,10.0,10.0,G
7870,-61.48033915015509,15.354859106787176,10.0,10.0,G
7871,-61.48048928050222,15.354911797005768,10.0,10.0,G
7872,-61.48038721248025,15.35500598310437,10.0,10.0,G
7873,-61.480416222026285,15.354755375403197,10.0,10.0,G
7874,-61.480572884594984,15.354802073491552,10.0,10.0,G
7875,-61.48041268966648,15.354791192609843,10.0,10.0,G
7876,-61.48034891734509,15.35479304648804,10.0,10.0,G
7877,-61.48044487002323,15.354819479215452,10.0,10.0,G
7878,-61.480348608321265,15.35473557818569,10.0,10.0,G
7879,-61.48041250260669,15.35469562530051,10.0,10.0,G
7880,-61.48031205005518,15.354784237019862,10.0,10.0,G
7881,-61.480288397251456,15.354746903786866,10.0,10.0,G
7882,-61.48037543931984,15.354624595213451,10.0,10.0,G
7883,-61.48033578912186,15.354676773087427,10.0,10.0,G
7884,-61.480261834332794,15.354685481544617,10.0,10.0,G
7885,-61.480280248906894,15.354659845906388,10.0,10.0,G
7886,-61.48027008789073,15.354630282618242,10.0,10.0,G
7887,-61.48025239432119,15.354606914693418,10.0,10.0,G
7888,-61.480278341703595,15.354629243763606,10.0,10.0,G
7889,-61.48027826990792,15.354593321891143,10.0,10.0,G
7890,-61.48023148431759,15.354581191266215,10.0,10.0,G
7891,-61.48038111731387,15.354539223434392,10.0,10.0,G
7892,-61.48028913963613,15.354580450297911,10.0,10.0,G
7893,-61.480192973818866,15.354493965891034,10.0,10.0,G
7894,-61.4801342728584,15.354472385449721,10.0,10.0,G
7895,-61.480202174218185,15.35446500225403,10.0,10.0,G
7896,-61.48022143685441,15.354509073321847,10.0,10.0,G
7897,-61.48013149364638,15.354476836653676,10.0,10.0,G
7898,-61.48010342973237,15.354470258884279,10.0,10.0,G
7899,-61.480185280651305,15.354453201501922,10.0,10.0,G
7900,-61.48016454728633,15.35451876221773,10.0,10.0,G
7901,-61.48010832397421,15.354433723422472,10.0,10.0,G
7902,-61.48007234565129,15.354414054576942,10.0,10.0,G
7903,-61.48010304344282,15.354419040084213,10.0,10.0,G
7904,-61.480068055279666,15.354401818698067,10.0,10.0,G
7905,-61.48006237820759,15.354383901783333,10.0,10.0,G
7906,-61.480153768050286,15.354316610030748,10.0,10.0,G
7907,-61.48013671322789,15.354317100792683,10.0,10.0,G
7908,-61.48005233385189,15.354375039473634,10.0,10.0,G
7909,-61.479989623692184,15.354390512806665,10.0,10.0,G
7910,-61.480008949865656,15.354306697706837,10.0,10.0,G
7911,-61.480008417601006,15.35431287071088,10.0,10.0,G
7912,-61.480038177538056,15.354270369078897,10.0,10.0,G
7913,-61.479958056389044,15.354230178707315,10.0,10.0,G
7914,-61.479946939420486,15.354275029776444,10.0,10.0,G
7915,-61.47994031720387,15.354239435566248,10.0,10.0,G
7916,-61.47991650877867,15.354231480858017,10.0,10.0,G
7917,-61.48002544851582,15.354211772076859,10.0,10.0,G
7918,-61.479916758788,15.35419864745765,10.0,10.0,G
7919,-61.47993252101397,15.354159875374569,10.0,10.0,G
7920,-61.47993540130295,15.354194571444571,10.0,10.0,G
7921,-61.47993510295701,15.354372117327427,10.0,10.0,G
7922,-61.479915482713494,15.354081191479382,10.0,10.0,G
7923,-61.47984821772884,15.35414542735836,10.0,10.0,G
7924,-61.48003413256208,15.354147589855641,10.0,10.0,G
7925,-61.4798378128119,15.354110407217911,10.0,10.0,G
7926,-61.47982052997439,15.35409519540645,10.0,10.0,G
7927,-61.47981827350231,15.354072148213406,10.0,10.0,G
7928,-61.479804745456626,15.35408055101918,10.0,10.0,G
7929,-61.47976872691413,15.35396838282239,10.0,10.0,G
7930,-61.47976951987802,15.354052924969011,10.0,10.0,G
7931,-61.47980973285826,15.353903843305076,10.0,10.0,G
7932,-61.47967088635349,15.354040138562144,10.0,10.0,G
7933,-61.47972759372744,15.354076858636498,10.0,10.0,G
7934,-61.47967064310719,15.354018265517498,10.0,10.0,G
7935,-61.47950552059369,15.354011247486053,10.0,10.0,G
7936,-61.47971163864519,15.35394836310548,10.0,10.0,G
7937,-61.47969479532741,15.353938825184564,10.0,10.0,G
7938,-61.47960337330388,15.353841364514249,10.0,10.0,G
7939,-61.4795882946657,15.35384303845023,10.0,10.0,G
7940,-61.47978981816685,15.353826043566173,10.0,10.0,G
7941,-61.47964993517752,15.353903389188595,10.0,10.0,G
7942,-61.47969258027626,15.353952313474213,10.0,10.0,G
7943,-61.47951678596423,15.353846601875132,10.0,10.0,G
7944,-61.47962724909422,15.353834256908469,10.0,10.0,G
7945,-61.4796233468597,15.35386276571513,10.0,10.0,G
7946,-61.47967679342681,15.353788631870557,10.0,10.0,G
7947,-61.479403148563456,15.353733158093108,10.0,10.0,G
7948,-61.47961412064426,15.353767191099923,10.0,10.0,G
7949,-61.47957805998604,15.353794701501462,10.0,10.0,G
7950,-61.47952599499285,15.35375691075823,10.0,10.0,G
7951,-61.47954079423295,15.353792374930926,10.0,10.0,G
7952,-61.479601589101186,15.353681267358887,10.0,10.0,G
7953,-61.479518974686556,15.353718321168502,10.0,10.0,G
7954,-61.47951121906342,15.353662967887077,10.0,10.0,G
7955,-61.47947881897585,15.35368998816572,10.0,10.0,G
7956,-61.47947213073652,15.353676904252342,10.0,10.0,G
7957,-61.47940840715729,15.353787988792815,10.0,10.0,G
7958,-61.47947210914218,15.353706669073757,10.0,10.0,G
7959,-61.47942477905013,15.35364413643668,10.0,10.0,G
7960,-61.479432924780426,15.353771654513308,10.0,10.0,G
7961,-61.479458815874075,15.353644422130914,10.0,10.0,G
7962,-61.479359192291476,15.35376667019529,10.0,10.0,G
7963,-61.47935076926715,15.35360197885945,10.0,10.0,G
7964,-61.479287599185426,15.353590613073418,10.0,10.0,G
7965,-61.479359273169095,15.353537791215329,10.0,10.0,G
7966,-61.47934986446898,15.353553772880499,10.0,10.0,G
7967,-61.47933815572094,15.353588692847493,10.0,10.0,G
7968,-61.47925336231868,15.353481480324719,10.0,10.0,G
7969,-61.47931788992441,15.353493023869174,10.0,10.0,G
7970,-61.47930822236043,15.353481148312927,10.0,10.0,G
7971,-61.479318087761655,15.353385213946677,10.0,10.0,G
7972,-61.47917657172089,15.353513622234065,10.0,10.0,G
7973,-61.47922382507179,15.353367180752779,10.0,10.0,G
7974,-61.47937304095102,15.353438842338738,10.0,10.0,G
7975,-61.479248801887934,15.35337648849784,10.0,10.0,G
7976,-61.47923600419742,15.353395266045354,10.0,10.0,G
7977,-61.47927505998111,15.35330844317397,10.0,10.0,G
7978,-61.47915688571259,15.353364947686094,10.0,10.0,G
7979,-61.479194621426565,15.353314805542757,10.0,10.0,G
7980,-61.47921232555198,15.353387654476485,10.0,10.0,G
7981,-61.47918429367958,15.353325620691857,10.0,10.0,G
7982,-61.479184143591894,15.353337803179546,10.0,10.0,G
7983,-61.479157765549324,15.35330654684348,10.0,10.0,G
7984,-61.47919603314688,15.353277416369876,10.0,10.0,G
7985,-61.47908423678655,15.353267166524535,10.0,10.0,G
7986,-61.47892649096408,15.3534576581591,10.0,10.0,G
7987,-61.47923401087226,15.353296822514611,10.0,10.0,G
7988,-61.47905230496319,15.353223553437683,10.0,10.0,G
7989,-61.47916063188984,15.353257473198559,10.0,10.0,G
7990,-61.47905647408681,15.353180831547023,10.0,10.0,G
7991,-61.47909365001346,15.353300045043111,10.0,10.0,G
7992,-61.47901907337688,15.353103397896797,10.0,10.0,G
7993,-61.47904463038406,15.353145001245647,10.0,10.0,G
7994,-61.47902862262329,15.353127801048425,10.0,10.0,G
7995,-61.47898274537902,15.353120828808377,10.0,10.0,G
7996,-61.478955584856905,15.353250517378832,10.0,10.0,G
7997,-61.47893526161774,15.35321814218259,10.0,10.0,G
7998,-61.47891547445247,15.353185718335673,10.0,10.0,G
7999,-61.47888876790877,15.353111436647728,10.0,10.0,G
8000,-61.47892723375631,15.35307862647608,10.0,10.0,G
8001,-61.47883599875772,15.353291865873851,10.0,10.0,G
8002,-61.47891842513237,15.353064891203339,10.0,10.0,G
8003,-61.47887388042662,15.352963570716911,10.0,10.0,G
8004,-61.4788368761809,15.353070398566974,10.0,10.0,G
8005,-61.47893702285796,15.353013110874624,10.0,10.0,G
8006,-61.478906773361295,15.35289115828224,10.0,10.0,G
8007,-61.47885758951772,15.352998300379332,10.0,10.0,G
8008,-61.478821743666366,15.35297016979424,10.0,10.0,G
8009,-61.47886271215272,15.352945788819257,10.0,10.0,G
8010,-61.4788280358564,15.352948732429864,10.0,10.0,G
8011,-61.47886422720131,15.3529814156047,10.0,10.0,G
8012,-61.4788944031164,15.352936331742775,10.0,10.0,G
8013,-61.47875102524423,15.352917519045551,10.0,10.0,G
8014,-61.47875486657419,15.352880859627906,10.0,10.0,G
8015,-61.47875526628856,15.352854886903252,10.0,10.0,G
