258,-61.53294146548286,15.507555066038696,200.0,200.0,U
259,-61.53299361322617,15.506759880460843,200.0,200.0,U
260,-61.5343599320623,15.510199123682264,200.0,200.0,U
261,-61.53330069733041,15.509261591878923,200.0,200.0,U
262,-61.53323948721052,15.506589861446741,200.0,200.0,U
263,-61.533197021093784,15.507672233063479,200.0,200.0,U
264,-61.5326530600968,15.507025424015838,200.0,200.0,U
265,-61.532452808914634,15.507800041930235,200.0,200.0,U
266,-61.53271491278648,15.507898419237861,200.0,200.0,U
267,-61.53385748712118,15.508293831459445,200.0,200.0,U
268,-61.531838072765815,15.506192416601973,200.0,200.0,U
269,-61.530695841070255,15.507101613766242,200.0,200.0,U
270,-61.5314494482379,15.507916015800996,200.0,200.0,U
271,-61.533871208218784,15.508422158357732,200.0,200.0,U
272,-61.53248949184531,15.510687956608194,200.0,200.0,U
273,-61.534878343462175,15.509797871841043,200.0,200.0,U
274,-61.5329455777017,15.507757023245457,200.0,200.0,U
275,-61.53349656241725,15.505655378244997,200.0,200.0,U
276,-61.53309278160272,15.50808647179499,200.0,200.0,U
277,-61.53306798085145,15.507996520113156,200.0,200.0,U
278,-61.53371400647663,15.508095023397955,200.0,200.0,U
279,-61.53158430561056,15.506572167591827,200.0,200.0,U
280,-61.53486579323426,15.508218481322602,200.0,200.0,U
281,-61.53364139794571,15.508433383774841,200.0,200.0,U
282,-61.533678975519216,15.506624238891115,200.0,200.0,U
283,-61.53364451575634,15.506329972448874,200.0,200.0,U
284,-61.53770649554262,15.507132134824731,200.0,200.0,U
285,-61.529641036634246,15.50847155595458,200.0,200.0,U
286,-61.534828087686456,15.506951748833703,200.0,200.0,U
287,-61.53322176534374,15.508293638423952,200.0,200.0,U
288,-61.53269245741841,15.508063741732586,200.0,200.0,U
289,-61.53088198927839,15.50763558231209,200.0,200.0,U
290,-61.53209520067361,15.508839830856045,200.0,200.0,U
291,-61.53276075165575,15.507878615915164,200.0,200.0,U
292,-61.53389586519045,15.505889916572805,200.0,200.0,U
293,-61.53128232043743,15.50845730262701,200.0,200.0,U
294,-61.53407987818092,15.508414366635511,200.0,200.0,U
295,-61.534501002617446,15.508878017448287,200.0,200.0,U
296,-61.53185549559883,15.510241357959652,200.0,200.0,U
297,-61.5335762805971,15.508310932580962,200.0,200.0,U
298,-61.53316799945507,15.50797270207115,200.0,200.0,U
299,-61.53321509274759,15.50779665065331,200.0,200.0,U
300,-61.532268652216246,15.508628882350504,200.0,200.0,U
301,-61.53415147747858,15.50809521538225,200.0,200.0,U
302,-61.53388853305565,15.508076111462199,200.0,200.0,U
303,-61.532608980609744,15.50865930670771,200.0,200.0,U
304,-61.533301732342466,15.507941194003614,200.0,200.0,U
305,-61.533064718245456,15.505272104781017,200.0,200.0,U
306,-61.53241702519529,15.50810020515561,200.0,200.0,U
307,-61.53326698975471,15.50577136040465,200.0,200.0,U
308,-61.5345304777015,15.508754782333467,200.0,200.0,U
309,-61.531600566478055,15.507308145291224,200.0,200.0,U
310,-61.53506123836557,15.508504679555958,200.0,200.0,U
311,-61.53365354423931,15.507437683133505,200.0,200.0,U
312,-61.53198924319042,15.508649110927102,200.0,200.0,U
313,-61.534441523442624,15.504809797327361,200.0,200.0,U
314,-61.53320641819406,15.50802624360495,200.0,200.0,U
315,-61.53471767659038,15.509146612749806,200.0,200.0,U
316,-61.53335307580041,15.508272727331775,200.0,200.0,U
317,-61.53524378152662,15.508824954352,200.0,200.0,U
318,-61.531658688360096,15.50845043952072,200.0,200.0,U
319,-61.53361654582014,15.508338832506968,200.0,200.0,U
320,-61.534747511128366,15.508496243499255,200.0,200.0,U
321,-61.53547046239024,15.505826624571558,200.0,200.0,U
322,-61.53381514154387,15.507927952196212,200.0,200.0,U
323,-61.52805169491045,15.505339692659549,200.0,200.0,U
324,-61.53319950453711,15.509000208864366,200.0,200.0,U
325,-61.53445115839931,15.50770724744029,200.0,200.0,U
326,-61.5354751319463,15.508284615181612,200.0,200.0,U
327,-61.53354388242076,15.507913886403962,200.0,200.0,U
328,-61.53474651716151,15.507054435300294,200.0,200.0,U
329,-61.534023228107195,15.508139315119132,200.0,200.0,U
330,-61.53323571579676,15.507862682515043,200.0,200.0,U
331,-61.534076194787914,15.50742492347102,200.0,200.0,U
332,-61.53319300334957,15.508173783306214,200.0,200.0,U
333,-61.53428388953617,15.507507217653593,200.0,200.0,U
334,-61.5341974670175,15.5056465879267,200.0,200.0,U
335,-61.533281343635856,15.508130929409084,200.0,200.0,U
336,-61.533212569785306,15.508089908233066,200.0,200.0,U
337,-61.53224540872126,15.507937563794854,200.0,200.0,U
338,-61.533140106234995,15.508112536858498,200.0,200.0,U
339,-61.53367628118094,15.507897410722203,200.0,200.0,U
340,-61.53327854390407,15.508052775819468,200.0,200.0,U
341,-61.532777103814354,15.510136530505992,200.0,200.0,U
342,-61.53229190421721,15.508377052705248,200.0,200.0,U
343,-61.531858256389356,15.506348216538399,200.0,200.0,U
344,-61.53312301793126,15.507314719090102,200.0,200.0,U
345,-61.53546811034283,15.50862280210593,200.0,200.0,U
346,-61.53342156604452,15.507548377757296,200.0,200.0,U
347,-61.53398085497409,15.508996236530544,200.0,200.0,U
348,-61.53354621325032,15.508953740087101,200.0,200.0,U
349,-61.53282651577723,15.50845925650582,200.0,200.0,U
350,-61.53426472698976,15.507750482460688,200.0,200.0,U
351,-61.53105488961117,15.505202506466476,200.0,200.0,U
352,-61.53347684584382,15.508022332041488,200.0,200.0,U
353,-61.53256141536643,15.507020821469604,200.0,200.0,U
354,-61.53530312025389,15.509003446377978,200.0,200.0,U
355,-61.53312875612179,15.508099343826359,200.0,200.0,U
356,-61.53435132333662,15.510430421368053,200.0,200.0,U
357,-61.53574481505124,15.507580034514099,200.0,200.0,U
358,-61.532516442844496,15.507442627060879,200.0,200.0,U
359,-61.53125464526211,15.513181752397042,200.0,200.0,U
360,-61.53269369607021,15.50617810755875,200.0,200.0,U
361,-61.533382819440355,15.50828753647662,200.0,200.0,U
362,-61.53285496459841,15.508206138742418,200.0,200.0,U
363,-61.53411284711528,15.507742476015956,200.0,200.0,U
364,-61.53365821915838,15.50860815830174,200.0,200.0,U
365,-61.53318949578772,15.50675005192095,200.0,200.0,U
366,-61.53616308821479,15.507375193401376,200.0,200.0,U
367,-61.53503782148563,15.51091647287263,200.0,200.0,U
368,-61.53332347387428,15.509281148076667,200.0,200.0,U
369,-61.53333747140927,15.508189243128834,200.0,200.0,U
370,-61.53156194663266,15.50949782350477,200.0,200.0,U
371,-61.533708864809924,15.505796114451263,200.0,200.0,U
372,-61.53205085682848,15.507245589112904,200.0,200.0,U
373,-61.53326025527989,15.508222668674346,200.0,200.0,U
374,-61.533221463787555,15.509247640723036,200.0,200.0,U
375,-61.533715762041396,15.508755650073418,200.0,200.0,U
376,-61.533715973038156,15.509790564301206,200.0,200.0,U
377,-61.53176570558835,15.5067143077995,200.0,200.0,U
378,-61.533080933245905,15.509278555415955,200.0,200.0,U
379,-61.52980925168182,15.511428961686295,200.0,200.0,U
380,-61.53283301985938,15.50904097285622,200.0,200.0,U
381,-61.5360575908115,15.505364052789318,200.0,200.0,U
382,-61.53356790418781,15.50887461822404,200.0,200.0,U
383,-61.532024617615015,15.508857875975208,200.0,200.0,U
384,-61.533735199666104,15.505963860691288,200.0,200.0,U
385,-61.53308952562834,15.5061766109063,200.0,200.0,U
386,-61.53044275491152,15.508096842445024,200.0,200.0,U
387,-61.535119544665406,15.507204360936559,200.0,200.0,U
388,-61.53361010324517,15.508690119519024,200.0,200.0,U
389,-61.53357448132992,15.507635731890343,200.0,200.0,U
390,-61.534391949302275,15.509098472185515,200.0,200.0,U
391,-61.53381417581677,15.508806956923307,200.0,200.0,U
392,-61.53249447243446,15.505008134384983,200.0,200.0,U
393,-61.53303098684949,15.509166800577466,200.0,200.0,U
394,-61.533503548196734,15.5077709910734,200.0,200.0,U
395,-61.53499633357936,15.509526725707481,200.0,200.0,U
396,-61.53388367052733,15.508533839997748,200.0,200.0,U
397,-61.53350014473662,15.507347299784852,200.0,200.0,U
398,-61.53290530935423,15.508814416351084,200.0,200.0,U
399,-61.53262583469074,15.507857022488702,200.0,200.0,U
400,-61.53418279910775,15.508507491273935,200.0,200.0,U
401,-61.53106230501649,15.511065630667693,200.0,200.0,U
402,-61.53309308088326,15.509183969029868,200.0,200.0,U
403,-61.53272123316862,15.506962280270361,200.0,200.0,U
404,-61.5329089505662,15.505748631001254,200.0,200.0,U
405,-61.53268756349226,15.508480396197784,200.0,200.0,U
406,-61.53472861655002,15.508120035745504,200.0,200.0,U
407,-61.53313552458144,15.508404650297036,200.0,200.0,U
408,-61.53355403573714,15.508172112840908,200.0,200.0,U
409,-61.5335270651556,15.508217167693594,200.0,200.0,U
410,-61.530974693410094,15.507965109036949,200.0,200.0,U
411,-61.52971742998861,15.505187075776735,200.0,200.0,U
412,-61.533647958819465,15.5082875544558,200.0,200.0,U
413,-61.53137497845836,15.50680863472506,200.0,200.0,U
414,-61.53353114317303,15.510347326695118,200.0,200.0,U
415,-61.53445873116866,15.50839725395552,200.0,200.0,U
416,-61.532709074621245,15.508793829536437,200.0,200.0,U
417,-61.53320239154871,15.508629585919122,200.0,200.0,U
418,-61.53316881174133,15.507618835924578,200.0,200.0,U
419,-61.530608832531954,15.504324162696117,200.0,200.0,U
420,-61.53327082104718,15.508388088201981,200.0,200.0,U
421,-61.533198529923055,15.50788670551352,200.0,200.0,U
422,-61.53344134606256,15.508305637211693,200.0,200.0,U
423,-61.53495622341272,15.507669031303951,200.0,200.0,U
424,-61.534422996380336,15.510088210954061,200.0,200.0,U
425,-61.533452060556726,15.509262476445967,200.0,200.0,U
426,-61.53388674521876,15.508430357148333,200.0,200.0,U
427,-61.53392422917112,15.508794975380038,200.0,200.0,U
428,-61.534971543045984,15.508978113034074,200.0,200.0,U
429,-61.53178073789545,15.507587121252124,200.0,200.0,U
430,-61.53514917421668,15.50623534043479,200.0,200.0,U
431,-61.53379078222974,15.50840367648604,200.0,200.0,U
432,-61.53355898434773,15.50851269588022,200.0,200.0,U
433,-61.5334499741587,15.50869545907247,200.0,200.0,U
434,-61.5344393513878,15.50710573297538,200.0,200.0,U
435,-61.53335419519878,15.50872942516711,200.0,200.0,U
436,-61.53194565359149,15.508422638297695,200.0,200.0,U
437,-61.531666197240085,15.507990785848003,200.0,200.0,U
438,-61.533563867215285,15.508645745070694,200.0,200.0,U
439,-61.53198710257501,15.507078413169701,200.0,200.0,U
440,-61.53379768167119,15.50925858426019,200.0,200.0,U
441,-61.53386653961193,15.506352338495775,200.0,200.0,U
442,-61.53183674874468,15.508436582493852,200.0,200.0,U
443,-61.53380017798457,15.508602831085136,200.0,200.0,U
444,-61.533298949108406,15.510157816322835,200.0,200.0,U
445,-61.53231062422646,15.508127886524662,200.0,200.0,U
446,-61.53384519608495,15.508339707181216,200.0,200.0,U
447,-61.53457417572728,15.507940518885171,200.0,200.0,U
448,-61.53410030361199,15.507707600889637,200.0,200.0,U
449,-61.533469805043666,15.508252657239728,200.0,200.0,U
450,-61.53414396045054,15.509257813521078,200.0,200.0,U
451,-61.53141239099384,15.505225026003126,200.0,200.0,U
452,-61.53368378331883,15.509215522646162,200.0,200.0,U
453,-61.530481816993536,15.506770718472886,200.0,200.0,U
454,-61.5350237586956,15.508742428470114,200.0,200.0,U
455,-61.53367784495234,15.508525783998497,200.0,200.0,U
456,-61.53266754804506,15.508187901573384,200.0,200.0,U
457,-61.53367560382241,15.50853333367939,200.0,200.0,U
458,-61.53401550660237,15.508711455734343,200.0,200.0,U
459,-61.533260763688695,15.5072829569738,200.0,200.0,U
460,-61.533893641183965,15.508669483400672,200.0,200.0,U
461,-61.53403552124115,15.508072850016005,200.0,200.0,U
462,-61.53346523847853,15.508804067330205,200.0,200.0,U
463,-61.53513251979897,15.511576698307948,200.0,200.0,U
464,-61.533129435494274,15.507836381797997,200.0,200.0,U
465,-61.53408725408329,15.507656796477171,200.0,200.0,U
466,-61.53513968504843,15.508039831112288,200.0,200.0,U
467,-61.532089694186716,15.505736635445713,200.0,200.0,U
468,-61.53403143999757,15.508073507826161,200.0,200.0,U
469,-61.53600500994719,15.509626249545912,200.0,200.0,U
470,-61.533596456706974,15.510514827747262,200.0,200.0,U
471,-61.53372797093685,15.508695460151857,200.0,200.0,U
472,-61.536120248188794,15.507727477796903,200.0,200.0,U
473,-61.53372280325671,15.50852636462238,200.0,200.0,U
474,-61.53527965196193,15.508788271787507,200.0,200.0,U
475,-61.53773053457471,15.509618068596447,200.0,200.0,U
476,-61.53383426510227,15.50948721497143,200.0,200.0,U
477,-61.533803111978855,15.50893970932543,200.0,200.0,U
478,-61.53378782923442,15.508214509162205,200.0,200.0,U
479,-61.5337610764348,15.508514522583646,200.0,200.0,U
480,-61.533737187420826,15.503515047135453,200.0,200.0,U
481,-61.533903254106846,15.510259675527845,200.0,200.0,U
482,-61.53283404870121,15.508223666494395,200.0,200.0,U
483,-61.53360607576521,15.508844224349899,200.0,200.0,U
484,-61.53410818164401,15.508910410571763,200.0,200.0,U
485,-61.535361433700096,15.504392829298775,200.0,200.0,U
486,-61.533833658370355,15.508623290736997,200.0,200.0,U
487,-61.53363484632244,15.506390339702666,200.0,200.0,U
488,-61.53562123738679,15.510751234406406,200.0,200.0,U
489,-61.5337549210649,15.508621780253927,200.0,200.0,U
490,-61.53363757579423,15.507211399992238,200.0,200.0,U
491,-61.532750411994115,15.507543575113468,200.0,200.0,U
492,-61.53419236503904,15.50705731879856,200.0,200.0,U
493,-61.533845752027716,15.508245790553639,200.0,200.0,U
494,-61.53343981118375,15.511472679915556,200.0,200.0,U
495,-61.534245268142406,15.511251218794198,200.0,200.0,U
496,-61.534550084037654,15.50770766109261,200.0,200.0,U
497,-61.53717769153151,15.508627230056783,200.0,200.0,U
498,-61.53281982068575,15.508267297735047,200.0,200.0,U
499,-61.528551279819574,15.509097763950635,200.0,200.0,U
500,-61.53508461959245,15.508445192096355,200.0,200.0,U
501,-61.53372500697089,15.507635350038386,200.0,200.0,U
502,-61.53353681505772,15.508535008528513,200.0,200.0,U
503,-61.535237324165784,15.505607072792218,200.0,200.0,U
504,-61.53219640815829,15.509377904968694,200.0,200.0,U
505,-61.53408252658214,15.50858712235897,200.0,200.0,U
506,-61.53254758514383,15.50733633872763,200.0,200.0,U
507,-61.53382371814246,15.507166714513913,200.0,200.0,U
508,-61.533802582671925,15.508694800357786,200.0,200.0,U
509,-61.53266646002922,15.507688774720506,200.0,200.0,U
510,-61.532434419201074,15.50898238329075,200.0,200.0,U
511,-61.53391950656999,15.508707583178824,200.0,200.0,U
512,-61.53442474162888,15.508565271509214,200.0,200.0,U
513,-61.532116322685155,15.50893120484861,200.0,200.0,U
514,-61.53359915421534,15.5112781198071,200.0,200.0,U
515,-61.536381895988036,15.511117219411812,200.0,200.0,U
516,-61.532532577527725,15.507141116548034,200.0,200.0,U
517,-61.53485779328733,15.509633618277103,200.0,200.0,U
518,-61.53353990591425,15.51036742807645,200.0,200.0,U
519,-61.53397704972634,15.508035495278289,200.0,200.0,U
520,-61.535625001188926,15.508983042039349,200.0,200.0,U
521,-61.532005250891736,15.507822635320935,200.0,200.0,U
522,-61.534942153058026,15.509251432547579,200.0,200.0,U
523,-61.534573110759546,15.508674200358994,200.0,200.0,U
524,-61.53324185817761,15.507450945293126,200.0,200.0,U
525,-61.53626743409943,15.50784055630887,200.0,200.0,U
526,-61.53278392517206,15.51136963109231,200.0,200.0,U
527,-61.53249206194414,15.510026775103896,200.0,200.0,U
528,-61.53272663304262,15.509397377117468,200.0,200.0,U
529,-61.53383135905717,15.50767237918498,200.0,200.0,U
530,-61.53215827847043,15.511567526805862,200.0,200.0,U
531,-61.53383449651153,15.508679125242962,200.0,200.0,U
532,-61.53394095740806,15.508612606481268,200.0,200.0,U
533,-61.5358843972657,15.50437640239042,200.0,200.0,U
534,-61.534206642080036,15.508871767547229,200.0,200.0,U
535,-61.53461249844333,15.507980079711407,200.0,200.0,U
536,-61.53451365445427,15.508934076024193,200.0,200.0,U
537,-61.533135918394976,15.507950678492007,200.0,200.0,U
538,-61.531210458550056,15.50914707277513,200.0,200.0,U
539,-61.53392674174407,15.50875167542185,200.0,200.0,U
540,-61.53633868584204,15.509879936693004,200.0,200.0,U
541,-61.53371276490213,15.508245034930972,200.0,200.0,U
542,-61.53388577874042,15.508676589879427,200.0,200.0,U
543,-61.533354851373964,15.508578380783087,200.0,200.0,U
544,-61.53386946736504,15.50804719914942,200.0,200.0,U
545,-61.534944973292944,15.50846480861916,200.0,200.0,U
546,-61.533447773289744,15.50899810088012,200.0,200.0,U
547,-61.53490926785868,15.50890939953769,200.0,200.0,U
548,-61.533446188995626,15.509313154451862,200.0,200.0,U
549,-61.53385602585765,15.50837475955808,200.0,200.0,U
550,-61.534706918762026,15.508015655150556,200.0,200.0,U
551,-61.53390621491008,15.50882422309284,200.0,200.0,U
552,-61.53208492900901,15.511595060676115,200.0,200.0,U
553,-61.535844465678835,15.508202510364884,200.0,200.0,U
554,-61.53376994718286,15.50914847700723,200.0,200.0,U
555,-61.53499136636124,15.508569214165464,200.0,200.0,U
556,-61.53316236428308,15.508327700455704,200.0,200.0,U
557,-61.53620995673152,15.509196669150471,200.0,200.0,U
558,-61.533271801359675,15.508769387343808,200.0,200.0,U
559,-61.5364216978866,15.509198389668258,200.0,200.0,U
560,-61.53396904347826,15.508889528038482,200.0,200.0,U
561,-61.53348541760098,15.507872530175664,200.0,200.0,U
562,-61.53537348054026,15.50837182666907,200.0,200.0,U
563,-61.533445026371936,15.509270400900668,200.0,200.0,U
564,-61.533927116246225,15.508236764836905,200.0,200.0,U
565,-61.53409935479674,15.509284093442004,200.0,200.0,U
566,-61.5343165458382,15.510466550761118,200.0,200.0,U
567,-61.53305083005572,15.510314013505077,200.0,200.0,U
568,-61.53418501014565,15.508846686208143,200.0,200.0,U
569,-61.534012741336,15.506913838901127,200.0,200.0,U
570,-61.53319774912386,15.507798596187909,200.0,200.0,U
571,-61.53389933393664,15.510068837928083,200.0,200.0,U
572,-61.53145821103827,15.510390220234868,200.0,200.0,U
573,-61.53452073945406,15.509840029439836,200.0,200.0,U
574,-61.53444276933917,15.508615269841208,200.0,200.0,U
575,-61.533804984051194,15.510765979546594,200.0,200.0,U
576,-61.53532496141127,15.50807943263634,200.0,200.0,U
577,-61.53220766774806,15.507824713963197,200.0,200.0,U
578,-61.53440843434257,15.509030235504397,200.0,200.0,U
579,-61.531020796594994,15.512420731210275,200.0,200.0,U
580,-61.53388632458086,15.507360180192054,200.0,200.0,U
581,-61.53373333951429,15.508766967314639,200.0,200.0,U
582,-61.53343742526626,15.50928257386675,200.0,200.0,U
583,-61.5356600090851,15.506627969563697,200.0,200.0,U
584,-61.5354202414476,15.51118176506302,200.0,200.0,U
585,-61.53393864670556,15.510534203064385,200.0,200.0,U
586,-61.53309664636226,15.509891166322292,200.0,200.0,U
587,-61.53416552141164,15.5097696364156,200.0,200.0,U
588,-61.534154541192024,15.511512036345847,200.0,200.0,U
589,-61.53487296207866,15.509574994501742,200.0,200.0,U
590,-61.537072437564625,15.507562113310481,200.0,200.0,U
591,-61.53496383603994,15.510480350149235,200.0,200.0,U
592,-61.53555816444259,15.50740231305416,200.0,200.0,U
593,-61.53597642093772,15.50924296365002,200.0,200.0,U
594,-61.53428856220975,15.507760656263363,200.0,200.0,U
595,-61.535423399437065,15.508734187729567,200.0,200.0,U
596,-61.53521968335218,15.506488978607065,200.0,200.0,U
597,-61.5356349522943,15.510816233888892,200.0,200.0,U
598,-61.53288314862086,15.509241567867916,200.0,200.0,U
599,-61.53349910841359,15.50967212568054,200.0,200.0,U
600,-61.5328814960138,15.511388679918934,200.0,200.0,U
601,-61.533503116546115,15.508324703528066,200.0,200.0,U
602,-61.533739161009656,15.510925279030443,200.0,200.0,U
603,-61.53295954077082,15.509397448493779,200.0,200.0,U
604,-61.53265477872541,15.508101197176343,200.0,200.0,U
605,-61.53405834951097,15.508889184263612,200.0,200.0,U
606,-61.53265924762332,15.507599350989695,200.0,200.0,U
607,-61.532361290053956,15.508823351500812,200.0,200.0,U
608,-61.5354646764049,15.508736931673194,200.0,200.0,U
609,-61.534496937680146,15.50894235728994,200.0,200.0,U
610,-61.53531590153288,15.51056506981036,200.0,200.0,U
611,-61.53462745940454,15.508883925458864,200.0,200.0,U
612,-61.53842113987035,15.511574313793583,200.0,200.0,U
613,-61.53303290007532,15.509314571536857,200.0,200.0,U
614,-61.53493560662113,15.508945245502185,200.0,200.0,U
615,-61.53724917521611,15.50882023942798,200.0,200.0,U
616,-61.53402161982797,15.50973190461716,200.0,200.0,U
617,-61.533772340751675,15.509505481027883,200.0,200.0,U
618,-61.536170776792176,15.50809203484727,200.0,200.0,U
619,-61.535593377603135,15.508593399025086,200.0,200.0,U
620,-61.531458834945,15.508708665132437,200.0,200.0,U
621,-61.535913391868846,15.509052046078528,200.0,200.0,U
622,-61.53279124501157,15.508127231641309,200.0,200.0,U
623,-61.53400814902811,15.509101213464142,200.0,200.0,U
624,-61.53354575343373,15.509614545767826,200.0,200.0,U
625,-61.53649867959547,15.508312777570394,200.0,200.0,U
626,-61.535343912113525,15.508588091769441,200.0,200.0,U
627,-61.534107155057086,15.506629567411363,200.0,200.0,U
628,-61.534567621324555,15.510041868604361,200.0,200.0,U
629,-61.5298072503471,15.508201862715039,200.0,200.0,U
630,-61.53664740305693,15.509929676317732,200.0,200.0,U
631,-61.53129736983528,15.508638225816584,200.0,200.0,U
632,-61.53298467986032,15.510964151105275,200.0,200.0,U
633,-61.53356775674082,15.508152533919516,200.0,200.0,U
634,-61.53438801201558,15.508567977380809,200.0,200.0,U
635,-61.53292082164951,15.509427859074236,200.0,200.0,U
636,-61.534891424095434,15.510199072667584,200.0,200.0,U
637,-61.530655107553045,15.508366104691854,200.0,200.0,U
638,-61.53420502564623,15.50916863260888,200.0,200.0,U
639,-61.53448755845413,15.507441279685509,200.0,200.0,U
640,-61.535282067479876,15.507892034951796,200.0,200.0,U
641,-61.533621240212675,15.507654012453195,200.0,200.0,U
642,-61.53230277451089,15.506303738793804,200.0,200.0,U
643,-61.534896792729455,15.508341486056711,200.0,200.0,U
644,-61.531811957916375,15.507182141671022,200.0,200.0,U
645,-61.537693585112244,15.508650632234469,200.0,200.0,U
646,-61.532518223077865,15.508270002287219,200.0,200.0,U
647,-61.53255551719611,15.508299833902957,200.0,200.0,U
648,-61.53403164739811,15.508623922120519,200.0,200.0,U
649,-61.53280574952322,15.510774860597335,200.0,200.0,U
650,-61.53617126157585,15.50898044958088,200.0,200.0,U
651,-61.53247600247867,15.509229392342634,200.0,200.0,U
652,-61.53357611098001,15.508431957189522,200.0,200.0,U
653,-61.5343251650362,15.5091582127136,200.0,200.0,U
654,-61.53319779797556,15.507900197042643,200.0,200.0,U
655,-61.53490284434258,15.510730647844127,200.0,200.0,U
656,-61.53439810428561,15.509696553158786,200.0,200.0,U
657,-61.53422657997933,15.509275937993472,200.0,200.0,U
658,-61.534087115427624,15.509085126067138,200.0,200.0,U
659,-61.536768666912955,15.507687601168616,200.0,200.0,U
660,-61.53173003384185,15.511218909485647,200.0,200.0,U
661,-61.53479226012918,15.507742015521334,200.0,200.0,U
662,-61.53656740683659,15.507621955641985,200.0,200.0,U
663,-61.53366441951181,15.509524157774175,200.0,200.0,U
664,-61.534907267702586,15.508918245671932,200.0,200.0,U
665,-61.53762072831403,15.505351279850245,200.0,200.0,U
666,-61.53399192870438,15.508901281260199,200.0,200.0,U
667,-61.534255643038584,15.509470873969038,200.0,200.0,U
668,-61.530022915332076,15.508878590199652,200.0,200.0,U
669,-61.534062533410776,15.509658045129381,200.0,200.0,U
670,-61.53393091860451,15.50786285844006,200.0,200.0,U
671,-61.536367287433684,15.506947526223046,200.0,200.0,U
672,-61.53288066658036,15.508853299672005,200.0,200.0,U
673,-61.53454336809382,15.509308246876529,200.0,200.0,U
674,-61.532693541912224,15.509530982585419,200.0,200.0,U
675,-61.53318937794589,15.509731882311543,200.0,200.0,U
676,-61.53327095097023,15.507460538041986,200.0,200.0,U
677,-61.534342625104216,15.509626298123742,200.0,200.0,U
678,-61.5370974621895,15.51326838791421,200.0,200.0,U
679,-61.533946850572406,15.51081556904012,200.0,200.0,U
680,-61.53390320284021,15.509713677365038,200.0,200.0,U
681,-61.532809706790786,15.509222730867915,200.0,200.0,U
682,-61.53205277177517,15.509440893670032,200.0,200.0,U
683,-61.533864765770666,15.509647805545699,200.0,200.0,U
684,-61.534268872559466,15.50850754045059,200.0,200.0,U
685,-61.53441380926725,15.509760586326621,200.0,200.0,U
686,-61.53471512176159,15.509696377644307,200.0,200.0,U
687,-61.53428717217294,15.510677236019037,200.0,200.0,U
688,-61.53482047894377,15.50901700362961,200.0,200.0,U
689,-61.531132423403186,15.507615509896752,200.0,200.0,U
690,-61.53400929735002,15.509720154038162,200.0,200.0,U
691,-61.53494209535193,15.50907670021326,200.0,200.0,U
692,-61.534072164690485,15.509311662729864,200.0,200.0,U
693,-61.53323689864276,15.512696290704172,200.0,200.0,U
694,-61.53331053646745,15.510219182460721,200.0,200.0,U
695,-61.53344410746011,15.50913439828828,200.0,200.0,U
696,-61.53437120881254,15.509410064417473,200.0,200.0,U
697,-61.534845376437936,15.509019392979127,200.0,200.0,U
698,-61.53435128154623,15.509380165222602,200.0,200.0,U
699,-61.53438620044744,15.50941906843663,200.0,200.0,U
700,-61.53786075763432,15.508790961289067,200.0,200.0,U
701,-61.53430593395864,15.509684429750235,200.0,200.0,U
702,-61.53306922647035,15.508334409924913,200.0,200.0,U
703,-61.534005166716504,15.50945887666391,200.0,200.0,U
704,-61.533233532828426,15.508654232126949,200.0,200.0,U
705,-61.534499249607435,15.511839319481183,200.0,200.0,U
706,-61.53350768448851,15.512756912229483,200.0,200.0,U
707,-61.53289484486182,15.508602361946235,200.0,200.0,U
708,-61.536695154443585,15.509277154137008,200.0,200.0,U
709,-61.534472972312805,15.509798993486404,200.0,200.0,U
710,-61.5345160424677,15.509772294792192,200.0,200.0,U
711,-61.53422200361778,15.509094576207824,200.0,200.0,U
712,-61.535533324736456,15.509547914162484,200.0,200.0,U
713,-61.53389411481883,15.510062291897345,200.0,200.0,U
714,-61.5334657775003,15.509464536252487,200.0,200.0,U
715,-61.534415923183076,15.509596887945065,200.0,200.0,U
716,-61.53379957953843,15.511302962884628,200.0,200.0,U
717,-61.53411567129487,15.510285944991319,200.0,200.0,U
718,-61.53870472967111,15.513127513933863,200.0,200.0,U
719,-61.533338522946046,15.510464360127182,200.0,200.0,U
720,-61.53595763787254,15.50839706447484,200.0,200.0,U
721,-61.53631378363851,15.510129682223216,200.0,200.0,U
722,-61.536066377975985,15.508703319621603,200.0,200.0,U
723,-61.533530354993026,15.509567352325867,200.0,200.0,U
724,-61.534280603952354,15.511221663375858,200.0,200.0,U
725,-61.53306436052269,15.50946997942134,200.0,200.0,U
726,-61.53232508252513,15.506921099728334,200.0,200.0,U
727,-61.534541525688724,15.509412312860299,200.0,200.0,U
728,-61.53374909918152,15.510868658488212,200.0,200.0,U
729,-61.53633330795952,15.511050012178528,200.0,200.0,U
730,-61.53497306275115,15.507756088810797,200.0,200.0,U
731,-61.53461366573216,15.50997812436688,200.0,200.0,U
732,-61.536116449088986,15.507654474540436,200.0,200.0,U
733,-61.53834725383889,15.510638750050926,200.0,200.0,U
734,-61.529942820538196,15.511025788284213,200.0,200.0,U
735,-61.534263140468504,15.509611017005847,200.0,200.0,U
736,-61.532773374805025,15.508471703987318,200.0,200.0,U
737,-61.53400537556032,15.50849181331421,200.0,200.0,U
738,-61.53653493693214,15.51057343581893,200.0,200.0,U
739,-61.53424672077093,15.510094243331114,200.0,200.0,U
740,-61.53554961431116,15.509316334332167,200.0,200.0,U
741,-61.534659329488534,15.509531430457145,200.0,200.0,U
742,-61.53282042223782,15.510814374684642,200.0,200.0,U
743,-61.53547353748703,15.508613413193386,200.0,200.0,U
744,-61.53196546874683,15.511169729516018,200.0,200.0,U
745,-61.534409359482616,15.5095304333911,200.0,200.0,U
746,-61.53467459435713,15.510135513202664,200.0,200.0,U
747,-61.53615148252773,15.509869178983967,200.0,200.0,U
748,-61.53373189831721,15.509941111152429,200.0,200.0,U
749,-61.53322779835113,15.508814406726328,200.0,200.0,U
750,-61.53642248737244,15.512442696737928,200.0,200.0,U
751,-61.53619747771605,15.510937192775858,200.0,200.0,U
752,-61.53460179045981,15.509614419128788,200.0,200.0,U
753,-61.53347513250092,15.509581774216212,200.0,200.0,U
754,-61.53459982071959,15.509591040723162,200.0,200.0,U
755,-61.53413062504828,15.509474469326884,200.0,200.0,U
756,-61.5340135331463,15.511096521031506,200.0,200.0,U
757,-61.53534674085298,15.50788617949944,200.0,200.0,U
758,-61.534587827946126,15.509725758540068,200.0,200.0,U
759,-61.537545572994325,15.507744274403596,200.0,200.0,U
760,-61.5334705926942,15.508833859924355,200.0,200.0,U
761,-61.537961846150175,15.507287814692129,200.0,200.0,U
762,-61.53486438669846,15.508840176947617,200.0,200.0,U
763,-61.53136885368017,15.509196483730769,200.0,200.0,U
764,-61.53384457812441,15.508178313432197,200.0,200.0,U
765,-61.53385296373623,15.508979565122287,200.0,200.0,U
766,-61.53453069060046,15.509505795806515,200.0,200.0,U
767,-61.533200879865085,15.509161776974839,200.0,200.0,U
768,-61.53465164782606,15.509605753001981,200.0,200.0,U
769,-61.533398619939696,15.509852771736359,200.0,200.0,U
770,-61.536106567912555,15.508420288069651,200.0,200.0,U
771,-61.53472355018762,15.509577173839913,200.0,200.0,U
772,-61.536242929784024,15.509465365643253,200.0,200.0,U
773,-61.534396668808995,15.510033167489278,200.0,200.0,U
774,-61.53330829830425,15.51013711611194,200.0,200.0,U
775,-61.5351201272508,15.509079936427426,200.0,200.0,U
776,-61.534174145312015,15.509797790758707,200.0,200.0,U
777,-61.53572224320797,15.509134032504674,200.0,200.0,U
778,-61.53649489808716,15.509941944019713,200.0,200.0,U
779,-61.53523710638163,15.50961250211426,200.0,200.0,U
780,-61.534701869253276,15.510471335221677,200.0,200.0,U
781,-61.53748558144785,15.507918171899911,200.0,200.0,U
782,-61.53606426813464,15.509596456844093,200.0,200.0,U
783,-61.534629409490016,15.509409519301341,200.0,200.0,U
784,-61.53494936027037,15.507440683601784,200.0,200.0,U
785,-61.53773747242519,15.50908820877444,200.0,200.0,U
786,-61.53482444431264,15.510870689315393,200.0,200.0,U
787,-61.53414847732798,15.510205603674564,200.0,200.0,U
788,-61.53464153679433,15.510992667861807,200.0,200.0,U
789,-61.53311154850612,15.51052051176868,200.0,200.0,U
790,-61.534036718360014,15.510654511198123,200.0,200.0,U
791,-61.537877253051406,15.510438085648422,200.0,200.0,U
792,-61.53466638545224,15.509761647370814,200.0,200.0,U
793,-61.533828670693936,15.511327666284583,200.0,200.0,U
794,-61.53141581143456,15.510104781496441,200.0,200.0,U
795,-61.5346934550782,15.50983240933488,200.0,200.0,U
796,-61.53578308429184,15.50652077659835,200.0,200.0,U
797,-61.534193359805535,15.510298702559746,200.0,200.0,U
798,-61.53489113421091,15.510809119706382,200.0,200.0,U
799,-61.533830616393836,15.508974643368184,200.0,200.0,U
800,-61.536305677271194,15.509810320424979,200.0,200.0,U
801,-61.53758647255115,15.509839351364644,200.0,200.0,U
802,-61.53440476090465,15.510645947012172,200.0,200.0,U
803,-61.534694790628485,15.511979643230557,200.0,200.0,U
804,-61.5355549735598,15.510332576710027,200.0,200.0,U
805,-61.5347571031338,15.509891064229999,200.0,200.0,U
806,-61.53397978831562,15.512400714621407,200.0,200.0,U
807,-61.5350326739863,15.507840617109439,200.0,200.0,U
808,-61.53589556596184,15.511454936908503,200.0,200.0,U
809,-61.53487249699784,15.509760952450229,200.0,200.0,U
810,-61.532034021828736,15.51187315395674,200.0,200.0,U
811,-61.53527431878146,15.508713053538143,200.0,200.0,U
812,-61.53680485556907,15.509109358883114,200.0,200.0,U
813,-61.534598372567174,15.509896710349587,200.0,200.0,U
814,-61.535391869832104,15.510472141099461,200.0,200.0,U
815,-61.535405110487176,15.509838962877016,200.0,200.0,U
816,-61.53730539371324,15.512066852287841,200.0,200.0,U
817,-61.532376723868666,15.509736519886609,200.0,200.0,U
818,-61.534318428819084,15.508777970903123,200.0,200.0,U
819,-61.534898311315295,15.509241939609874,200.0,200.0,U
820,-61.53313887561749,15.508824904558617,200.0,200.0,U
821,-61.535163752831124,15.509540893539723,200.0,200.0,U
822,-61.53693019805233,15.509840506688825,200.0,200.0,U
823,-61.534591109987964,15.5112567993666,200.0,200.0,U
824,-61.53392371127455,15.51212385239805,200.0,200.0,U
825,-61.534969432339686,15.508911711121904,200.0,200.0,U
826,-61.533109875375786,15.50754359065493,200.0,200.0,U
827,-61.53436821642447,15.51113644292394,200.0,200.0,U
828,-61.53505458247084,15.508960435029477,200.0,200.0,U
829,-61.53585864501171,15.511228574601844,200.0,200.0,U
830,-61.534662748331634,15.510524057732935,200.0,200.0,U
831,-61.533104719907286,15.509324642585876,200.0,200.0,U
832,-61.5347187654026,15.509385300103773,200.0,200.0,U
833,-61.5379072968445,15.511008548467984,200.0,200.0,U
834,-61.53542676466374,15.506571852822237,200.0,200.0,U
835,-61.53381355009374,15.509356676907416,200.0,200.0,U
836,-61.535521659260375,15.51154122800962,200.0,200.0,U
837,-61.534423282169335,15.510645119735653,200.0,200.0,U
838,-61.53326749731927,15.509858840155117,200.0,200.0,U
839,-61.534868759646486,15.511729572811658,200.0,200.0,U
840,-61.53514703365885,15.507707523096558,200.0,200.0,U
841,-61.53393908754034,15.508980634776629,200.0,200.0,U
842,-61.53247393929677,15.507967856778558,200.0,200.0,U
843,-61.53522297843123,15.510199351395544,200.0,200.0,U
844,-61.534740179531624,15.510512385270935,200.0,200.0,U
845,-61.53612101151338,15.512796550758418,200.0,200.0,U
846,-61.53509788151622,15.510484180334727,200.0,200.0,U
847,-61.53520066375495,15.510072209838288,200.0,200.0,U
848,-61.53495231704323,15.510494938551528,200.0,200.0,U
849,-61.533701934941206,15.509897085364095,200.0,200.0,U
850,-61.53252360661171,15.51010916464507,200.0,200.0,U
851,-61.5357744281658,15.509558042131518,200.0,200.0,U
852,-61.53635022319573,15.511239576041138,200.0,200.0,U
853,-61.53453517593842,15.510781509039079,200.0,200.0,U
854,-61.53436537006688,15.510891133960852,200.0,200.0,U
855,-61.5340084557128,15.510231111771297,200.0,200.0,U
856,-61.53402168825855,15.510255612600329,200.0,200.0,U
857,-61.53650687625133,15.51114646271101,200.0,200.0,U
858,-61.536907292115494,15.508178259637601,200.0,200.0,U
859,-61.53618878657524,15.509985956311638,200.0,200.0,U
860,-61.53493963051629,15.510052767587586,200.0,200.0,U
861,-61.534437909363795,15.51003901650563,200.0,200.0,U
862,-61.5347742146782,15.509898294821944,200.0,200.0,U
863,-61.5345267515686,15.509387203626988,200.0,200.0,U
864,-61.533644179673146,15.511065874130598,200.0,200.0,U
865,-61.53474910077927,15.507945076159526,200.0,200.0,U
866,-61.53503010669766,15.51078550964051,200.0,200.0,U
867,-61.53489702235243,15.509774200808788,200.0,200.0,U
868,-61.53522873582545,15.510684896184427,200.0,200.0,U
869,-61.53517678124412,15.511004465826776,200.0,200.0,U
870,-61.53335120823507,15.506873296940434,200.0,200.0,U
871,-61.53492819258271,15.510095314846513,200.0,200.0,U
872,-61.53504012779254,15.510181448559523,200.0,200.0,U
873,-61.5340459980934,15.5100170560846,200.0,200.0,U
874,-61.53476496837219,15.509785268464537,200.0,200.0,U
875,-61.53379423807846,15.510658549714046,200.0,200.0,U
876,-61.53464760861281,15.510163217586781,200.0,200.0,U
877,-61.536326719654745,15.509852576444139,200.0,200.0,U
878,-61.531821630203446,15.511281118028785,200.0,200.0,U
879,-61.5373356604471,15.50769466841117,200.0,200.0,U
880,-61.53313470772784,15.510667801738808,200.0,200.0,U
881,-61.53535206774574,15.50937068421437,200.0,200.0,U
882,-61.53531362514544,15.510023828181762,200.0,200.0,U
883,-61.53615921080262,15.511570653758751,200.0,200.0,U
884,-61.53430856507103,15.509283825023676,200.0,200.0,U
885,-61.53567268133854,15.509900288440182,200.0,200.0,U
886,-61.534420171373796,15.510388597749534,200.0,200.0,U
887,-61.53419268020626,15.512567238999868,200.0,200.0,U
888,-61.53459968069212,15.509881979157004,200.0,200.0,U
889,-61.537750161119334,15.510678610530729,200.0,200.0,U
890,-61.53460652230938,15.510308644558311,200.0,200.0,U
891,-61.537198595448174,15.51064011061642,200.0,200.0,U
892,-61.53456699193943,15.509084466428483,200.0,200.0,U
893,-61.535030157508885,15.510211202239816,200.0,200.0,U
894,-61.5361133321813,15.510981513365483,200.0,200.0,U
895,-61.534519024242435,15.50950958042642,200.0,200.0,U
896,-61.53713163409104,15.509918118382494,200.0,200.0,U
897,-61.53251102034777,15.511497786093706,200.0,200.0,U
898,-61.534554672244646,15.507687972430107,200.0,200.0,U
899,-61.53497858690644,15.509902697179497,200.0,200.0,U
900,-61.53320745467578,15.50996365003969,200.0,200.0,U
901,-61.53366664253573,15.509166276358952,200.0,200.0,U
902,-61.53446773706828,15.511118305842475,200.0,200.0,U
903,-61.53750085662733,15.511445846324447,200.0,200.0,U
904,-61.53577111538685,15.510094543967371,200.0,200.0,U
905,-61.53480992850155,15.509326297323925,200.0,200.0,U
906,-61.535322752351775,15.51026454936911,200.0,200.0,U
907,-61.53307349165456,15.511163377503106,200.0,200.0,U
908,-61.53681643738245,15.50730796325409,200.0,200.0,U
909,-61.533754923948116,15.51052459714772,200.0,200.0,U
910,-61.53566422252867,15.510088263465278,200.0,200.0,U
911,-61.53589282250818,15.513532593624586,200.0,200.0,U
912,-61.537700648126794,15.509600557365783,200.0,200.0,U
913,-61.53393909817727,15.510729322546643,200.0,200.0,U
914,-61.53538600631341,15.510164021106862,200.0,200.0,U
915,-61.53609321718849,15.504507215157158,200.0,200.0,U
916,-61.53445778827799,15.509192999091994,200.0,200.0,U
917,-61.53304200786591,15.510443498921783,200.0,200.0,U
918,-61.534151221348495,15.511415725090643,200.0,200.0,U
919,-61.53547100624666,15.510454538291047,200.0,200.0,U
920,-61.528776810897945,15.51121957515332,200.0,200.0,U
921,-61.53446878832994,15.513824465198114,200.0,200.0,U
922,-61.534960381073475,15.508951148391757,200.0,200.0,U
923,-61.53492851482372,15.512651268238928,200.0,200.0,U
924,-61.53457549084465,15.511452444671034,200.0,200.0,U
925,-61.5367055917089,15.510184259857011,200.0,200.0,U
926,-61.53557973835284,15.507718923827426,200.0,200.0,U
927,-61.53433557575826,15.51144239042894,200.0,200.0,U
928,-61.533598531751764,15.513405469084748,200.0,200.0,U
929,-61.534469341716424,15.510755018336083,200.0,200.0,U
930,-61.53646009229864,15.512430197149047,200.0,200.0,U
931,-61.5394251481322,15.510904812260991,200.0,200.0,U
932,-61.53413980617869,15.5111048886818,200.0,200.0,U
933,-61.53379362633413,15.50985768676293,200.0,200.0,U
934,-61.53520743505921,15.510306459360862,200.0,200.0,U
935,-61.53548637540223,15.51057459131049,200.0,200.0,U
936,-61.53476143222348,15.510571387801113,200.0,200.0,U
937,-61.53544137916486,15.509537371699492,200.0,200.0,U
938,-61.53639308562775,15.510485642407,200.0,200.0,U
939,-61.5334579455311,15.509912138896013,200.0,200.0,U
940,-61.533209905773916,15.512401987947205,200.0,200.0,U
941,-61.53461189142648,15.512497528807344,200.0,200.0,U
942,-61.534649573878745,15.509594561234744,200.0,200.0,U
943,-61.536711443553344,15.509830101486715,200.0,200.0,U
944,-61.531999245086716,15.510178696385056,200.0,200.0,U
945,-61.53367781178855,15.511730229516,200.0,200.0,U
946,-61.5352910852728,15.510479327538496,200.0,200.0,U
947,-61.53701215516484,15.510156420506858,200.0,200.0,U
948,-61.53704604931548,15.508769027736912,200.0,200.0,U
949,-61.534937501231866,15.51048511663062,200.0,200.0,U
950,-61.534993781806406,15.509356539121013,200.0,200.0,U
951,-61.53821184237002,15.511180155738458,200.0,200.0,U
952,-61.53339293455003,15.510183404146252,200.0,200.0,U
953,-61.53587401493438,15.509247923174875,200.0,200.0,U
954,-61.535335949811696,15.509112609451602,200.0,200.0,U
955,-61.536119852859635,15.508444842806856,200.0,200.0,U
956,-61.53486200523867,15.510382697566179,200.0,200.0,U
957,-61.532297023230775,15.511892295545652,200.0,200.0,U
958,-61.53513984447398,15.51084087829192,200.0,200.0,U
959,-61.535151647488945,15.510227060603459,200.0,200.0,U
960,-61.53542055663225,15.51035640930647,200.0,200.0,U
961,-61.53784939160174,15.511540391367022,200.0,200.0,U
962,-61.535658440423354,15.51121216395909,200.0,200.0,U
963,-61.53664722890123,15.509063729866646,200.0,200.0,U
964,-61.5345055991215,15.50894997241359,200.0,200.0,U
965,-61.535915293560514,15.510889918977078,200.0,200.0,U
966,-61.536364298534004,15.511052352750308,200.0,200.0,U
967,-61.534365685141495,15.508207090443632,200.0,200.0,U
968,-61.53632686128622,15.511108953459784,200.0,200.0,U
969,-61.5370573846071,15.51053661304468,200.0,200.0,U
970,-61.53532437482825,15.513338655245027,200.0,200.0,U
971,-61.535025538486835,15.512223893000973,200.0,200.0,U
972,-61.53387927348889,15.509896316097402,200.0,200.0,U
973,-61.53547470482585,15.512502899393876,200.0,200.0,U
974,-61.53479009228112,15.51228167184251,200.0,200.0,U
975,-61.53563438307665,15.50998987600706,200.0,200.0,U
976,-61.535174491952816,15.510908508181068,200.0,200.0,U
977,-61.5355216062116,15.510687361813304,200.0,200.0,U
978,-61.53827813967023,15.513040922185857,200.0,200.0,U
979,-61.53521960003494,15.510833777924052,200.0,200.0,U
980,-61.53559268745717,15.507874932834525,200.0,200.0,U
981,-61.53529215012505,15.510604326995974,200.0,200.0,U
982,-61.53522003512568,15.510569472355069,200.0,200.0,U
983,-61.53694279578446,15.510543282210584,200.0,200.0,U
984,-61.53396372256483,15.510745148379815,200.0,200.0,U
985,-61.53417620314192,15.510593036314853,200.0,200.0,U
986,-61.5354389921231,15.51058627318929,200.0,200.0,U
987,-61.53505784145894,15.51100147703294,200.0,200.0,U
988,-61.535239502234866,15.50801320577875,200.0,200.0,U
989,-61.535159623519995,15.511942096504036,200.0,200.0,U
990,-61.53426338914373,15.511955236133584,200.0,200.0,U
991,-61.534538271747074,15.510472572902257,200.0,200.0,U
992,-61.53496065174194,15.51042481622244,200.0,200.0,U
993,-61.53585231160139,15.510358831210434,200.0,200.0,U
994,-61.53510058051943,15.508040294344976,200.0,200.0,U
995,-61.53673317560646,15.509224887237298,200.0,200.0,U
996,-61.535294642382404,15.510636446960689,200.0,200.0,U
997,-61.53543918423966,15.511594871741698,200.0,200.0,U
998,-61.5337974828007,15.51237624540702,200.0,200.0,U
999,-61.53535901090222,15.510457426280759,200.0,200.0,U
1000,-61.53305622133857,15.511870401957633,200.0,200.0,U
1001,-61.534067125672784,15.510552437103462,200.0,200.0,U
1002,-61.536085838801505,15.510983604360472,200.0,200.0,U
1003,-61.535727508715134,15.51235013167848,200.0,200.0,U
1004,-61.5384187254731,15.515600653783626,200.0,200.0,U
1005,-61.53573955786824,15.509659850788463,200.0,200.0,U
1006,-61.536808723711964,15.514115231063384,200.0,200.0,U
1007,-61.53668150695788,15.509266481281882,200.0,200.0,U
1008,-61.53701011120717,15.51024310868567,200.0,200.0,U
1009,-61.536106512219995,15.509564877957192,200.0,200.0,U
1010,-61.53537038926282,15.510804710472318,200.0,200.0,U
1011,-61.53795740894147,15.51363785968543,200.0,200.0,U
1012,-61.53585178342953,15.51061924455092,200.0,200.0,U
1013,-61.53648854951923,15.51104004800566,200.0,200.0,U
1014,-61.53522702119253,15.5124544239857,200.0,200.0,U
1015,-61.53459552971619,15.51046333359038,200.0,200.0,U
1016,-61.535898871627616,15.50919195787844,200.0,200.0,U
1017,-61.53596698594419,15.510691451126924,200.0,200.0,U
1018,-61.536161241563235,15.510615902433335,200.0,200.0,U
1019,-61.537682388581814,15.50799941230278,200.0,200.0,U
1020,-61.5375305710353,15.511808542860747,200.0,200.0,U
1021,-61.53565818234052,15.510523772907474,200.0,200.0,U
1022,-61.535485461852794,15.511002234540719,200.0,200.0,U
1023,-61.53506786874032,15.511168635287804,200.0,200.0,U
1024,-61.53495289592594,15.510084980253366,200.0,200.0,U
1025,-61.5363210415251,15.511358429463286,200.0,200.0,U
1026,-61.535107289968366,15.51222245038451,200.0,200.0,U
1027,-61.53306147622626,15.508953826237953,200.0,200.0,U
1028,-61.53503044473128,15.510957874719074,200.0,200.0,U
1029,-61.53715330136892,15.511721894602033,200.0,200.0,U
1030,-61.53579902987959,15.510203207604992,200.0,200.0,U
1031,-61.536263333682896,15.512034251160179,200.0,200.0,U
1032,-61.53572443648109,15.51149410510545,200.0,200.0,U
1033,-61.5357086414724,15.510616398208304,200.0,200.0,U
1034,-61.53462600439517,15.511069707224026,200.0,200.0,U
1035,-61.53508422766969,15.511398662281575,200.0,200.0,U
1036,-61.53510818161969,15.510564645487332,200.0,200.0,U
1037,-61.53424746504222,15.513221801261807,200.0,200.0,U
1038,-61.539260250902124,15.51050297663227,200.0,200.0,U
1039,-61.53718015331594,15.507831400895672,200.0,200.0,U
1040,-61.53533266383002,15.51097463852366,200.0,200.0,U
1041,-61.53478529194927,15.51047642490912,200.0,200.0,U
1042,-61.532321824184635,15.508610895939203,200.0,200.0,U
1043,-61.53584072311071,15.511000215218997,200.0,200.0,U
1044,-61.536460889922196,15.510880056720065,200.0,200.0,U
1045,-61.53342111770283,15.510493628824296,200.0,200.0,U
1046,-61.535459145052855,15.51073801519489,200.0,200.0,U
1047,-61.536316546598606,15.512193718835567,200.0,200.0,U
1048,-61.53551280898919,15.51098514219089,200.0,200.0,U
1049,-61.53562937554813,15.510842424528953,200.0,200.0,U
1050,-61.53522233099156,15.510853140118625,200.0,200.0,U
1051,-61.531557552080734,15.50860773871166,200.0,200.0,U
1052,-61.535547274061,15.510935732689564,200.0,200.0,U
1053,-61.53711859952208,15.511499586962879,200.0,200.0,U
1054,-61.53478559395817,15.511799634502445,200.0,200.0,U
1055,-61.53569160129794,15.510748416153305,200.0,200.0,U
1056,-61.53514371231129,15.511422081996804,200.0,200.0,U
1057,-61.53668232925678,15.510296157648167,200.0,200.0,U
1058,-61.537330949560186,15.508491773391189,200.0,200.0,U
1059,-61.53582749659092,15.511220803210346,200.0,200.0,U
1060,-61.53546879682212,15.511304636826745,200.0,200.0,U
1061,-61.5355829154686,15.51100344338607,200.0,200.0,U
1062,-61.535136967413806,15.510685567172398,200.0,200.0,U
1063,-61.534499860501185,15.511385965478064,200.0,200.0,U
1064,-61.53580569847022,15.511180811340243,200.0,200.0,U
1065,-61.5316182375773,15.510438561103454,200.0,200.0,U
1066,-61.535664119878405,15.511178706585948,200.0,200.0,U
1067,-61.53577612736623,15.51146963006381,200.0,200.0,U
1068,-61.535346758168885,15.509664720931454,200.0,200.0,U
1069,-61.53374578696864,15.512529491804894,200.0,200.0,U
1070,-61.53568409094853,15.510704965505925,200.0,200.0,U
1071,-61.53619794788734,15.507755832271378,200.0,200.0,U
1072,-61.53895767641733,15.509788965785635,200.0,200.0,U
1073,-61.534069674741694,15.51222855909387,200.0,200.0,U
1074,-61.53611411916444,15.511016581223934,200.0,200.0,U
1075,-61.54098162473218,15.511713377998841,200.0,200.0,U
1076,-61.53577539100501,15.51078113544274,200.0,200.0,U
1077,-61.53688891258036,15.514768226003675,200.0,200.0,U
1078,-61.533383572546235,15.511562917300228,200.0,200.0,U
1079,-61.535687604223135,15.511057563459582,200.0,200.0,U
1080,-61.536968053541166,15.512578375107063,200.0,200.0,U
1081,-61.53365667461228,15.511878654906145,200.0,200.0,U
1082,-61.53734030783138,15.509301979124187,200.0,200.0,U
1083,-61.53884147021125,15.510986146247319,200.0,200.0,U
1084,-61.53305336021004,15.512956990056853,200.0,200.0,U
1085,-61.53524170006112,15.50989337648399,200.0,200.0,U
1086,-61.536175725249784,15.511605602982762,200.0,200.0,U
1087,-61.53292344684967,15.511292341974553,200.0,200.0,U
1088,-61.53511199485601,15.508644211989653,200.0,200.0,U
1089,-61.53271752933435,15.511217334516488,200.0,200.0,U
1090,-61.53702235688206,15.510626081935747,200.0,200.0,U
1091,-61.53593607986174,15.51149060110454,200.0,200.0,U
1092,-61.536666171505075,15.511147996288537,200.0,200.0,U
1093,-61.536468089811834,15.510509939991596,200.0,200.0,U
1094,-61.53704112917808,15.509365085922733,200.0,200.0,U
1095,-61.53546326508004,15.515132685964286,200.0,200.0,U
1096,-61.53489936322379,15.510442465348177,200.0,200.0,U
1097,-61.53586736691102,15.511228976969404,200.0,200.0,U
1098,-61.5341332978977,15.50992928523151,200.0,200.0,U
1099,-61.535595829762656,15.509281029490353,200.0,200.0,U
1100,-61.53561410845562,15.511084476929321,200.0,200.0,U
1101,-61.534764495245874,15.51127145637286,200.0,200.0,U
1102,-61.53247004819403,15.51237743431793,200.0,200.0,U
1103,-61.535268038143826,15.510487479375149,200.0,200.0,U
1104,-61.53666853574991,15.51128555125342,200.0,200.0,U
1105,-61.5357157192637,15.512477567335837,200.0,200.0,U
1106,-61.53710044298545,15.511145713661364,200.0,200.0,U
1107,-61.53561122096715,15.510961081972837,200.0,200.0,U
1108,-61.53541640172353,15.511303691772442,200.0,200.0,U
1109,-61.53417382509526,15.512687722163273,200.0,200.0,U
1110,-61.53720708005375,15.5107549893352,200.0,200.0,U
1111,-61.537794441130416,15.509015917390984,200.0,200.0,U
1112,-61.53556692901936,15.511007527206962,200.0,200.0,U
1113,-61.53450294144908,15.51193436540582,200.0,200.0,U
1114,-61.534311089973954,15.51076473715146,200.0,200.0,U
1115,-61.53530583029728,15.511806243189737,200.0,200.0,U
1116,-61.533731977618224,15.511693480287985,200.0,200.0,U
1117,-61.5365074036639,15.51310427960833,200.0,200.0,U
1118,-61.534461966134835,15.51061646273221,200.0,200.0,U
1119,-61.535115903758395,15.511419900165922,200.0,200.0,U
1120,-61.535844693485984,15.510862505727587,200.0,200.0,U
1121,-61.535665200218396,15.512150861029307,200.0,200.0,U
1122,-61.535705944934016,15.51121625321941,200.0,200.0,U
1123,-61.535563098595254,15.513334756081477,200.0,200.0,U
1124,-61.53450996722989,15.51153061867293,200.0,200.0,U
1125,-61.5322954447294,15.508254818334757,200.0,200.0,U
1126,-61.53814412565514,15.509399870544408,200.0,200.0,U
1127,-61.5357506636449,15.510998543385844,200.0,200.0,U
1128,-61.5357931942354,15.511294099663477,200.0,200.0,U
1129,-61.53282141027457,15.508791462080238,200.0,200.0,U
1130,-61.537412734389186,15.51049584580991,200.0,200.0,U
1131,-61.534581400829325,15.511909805736416,200.0,200.0,U
1132,-61.53546476018752,15.511321067720084,200.0,200.0,U
1133,-61.53601733766587,15.511752049412623,200.0,200.0,U
1134,-61.53329234542973,15.510541534574285,200.0,200.0,U
1135,-61.536398968273424,15.511132735149243,200.0,200.0,U
1136,-61.5365934720293,15.511376472441066,200.0,200.0,U
1137,-61.5397054423117,15.5137777586078,200.0,200.0,U
1138,-61.534034869508005,15.50826485631578,200.0,200.0,U
1139,-61.53466016601715,15.512359390476805,200.0,200.0,U
1140,-61.53575744235691,15.511512258456483,200.0,200.0,U
1141,-61.53584567552027,15.51111504822362,200.0,200.0,U
1142,-61.53222095704767,15.508883421029854,200.0,200.0,U
1143,-61.53645486263219,15.510742001773579,200.0,200.0,U
1144,-61.535377227551656,15.511202487904772,200.0,200.0,U
1145,-61.53701894502496,15.51202959601468,200.0,200.0,U
1146,-61.53477968337063,15.510299667201854,200.0,200.0,U
1147,-61.53560974155066,15.513462616650543,200.0,200.0,U
1148,-61.53451031851358,15.510212419396513,200.0,200.0,U
1149,-61.534884924413255,15.511802309977556,200.0,200.0,U
1150,-61.533280756082185,15.51303882310465,200.0,200.0,U
1151,-61.538551012379635,15.51246186791733,200.0,200.0,U
1152,-61.53437130561258,15.512353733923645,200.0,200.0,U
1153,-61.53740835846657,15.51061795847847,200.0,200.0,U
1154,-61.53611948456058,15.509769516480137,200.0,200.0,U
1155,-61.53713057436675,15.514643317321005,200.0,200.0,U
1156,-61.53546460319192,15.510820810472595,200.0,200.0,U
1157,-61.53436268360804,15.511312096289613,200.0,200.0,U
1158,-61.53588374106407,15.511225205694084,200.0,200.0,U
1159,-61.53549732911118,15.512206369889563,200.0,200.0,U
1160,-61.53248616452701,15.50924804856114,200.0,200.0,U
1161,-61.53606241791184,15.511062953698087,200.0,200.0,U
1162,-61.53560661038231,15.510467468556161,200.0,200.0,U
1163,-61.53603934887206,15.511561082891163,200.0,200.0,U
1164,-61.53692368917591,15.509653390758054,200.0,200.0,U
1165,-61.53431260024629,15.511217934931214,200.0,200.0,U
1166,-61.539771007188484,15.510637018684081,200.0,200.0,U
1167,-61.53528218578406,15.509778894540988,200.0,200.0,U
1168,-61.53455586164236,15.511297835760686,200.0,200.0,U
1169,-61.534751371754695,15.508509788485638,200.0,200.0,U
1170,-61.535784678422196,15.511710360026646,200.0,200.0,U
1171,-61.53439666874105,15.510039208894188,200.0,200.0,U
1172,-61.5373787033387,15.50886810511131,200.0,200.0,U
1173,-61.536878536593576,15.512045752587929,200.0,200.0,U
1174,-61.53596804219027,15.511474169499682,200.0,200.0,U
1175,-61.53630629779665,15.511723258355785,200.0,200.0,U
1176,-61.53331639425748,15.510068916566466,200.0,200.0,U
1177,-61.53564935003044,15.511260462795727,200.0,200.0,U
1178,-61.53565866420078,15.512175685844385,200.0,200.0,U
1179,-61.534278328812746,15.511450390058615,200.0,200.0,U
1180,-61.53586767152183,15.51316515256745,200.0,200.0,U
1181,-61.53557642449357,15.512699865247347,200.0,200.0,U
1182,-61.53771564612823,15.51074452432293,200.0,200.0,U
1183,-61.53404344822327,15.511678882716053,200.0,200.0,U
1184,-61.53766880892272,15.513538650159548,200.0,200.0,U
1185,-61.53688981905196,15.512991987519543,200.0,200.0,U
1186,-61.536284932998626,15.511859772891293,200.0,200.0,U
1187,-61.53519486627572,15.510823138803804,200.0,200.0,U
1188,-61.536379292964064,15.512956600873455,200.0,200.0,U
1189,-61.53605862356899,15.511875932291188,200.0,200.0,U
1190,-61.535035038416716,15.51304481251696,200.0,200.0,U
1191,-61.53841926084183,15.511699053232284,200.0,200.0,U
1192,-61.536061495046326,15.510811212671888,200.0,200.0,U
1193,-61.53495039728796,15.510520841942919,200.0,200.0,U
1194,-61.5352875974446,15.512888048659118,200.0,200.0,U
1195,-61.5363025522808,15.511803558133414,200.0,200.0,U
1196,-61.53406351045744,15.511133156937786,200.0,200.0,U
1197,-61.53610990841243,15.510466369976125,200.0,200.0,U
1198,-61.53675726267143,15.510731096664589,200.0,200.0,U
1199,-61.53645597935686,15.51165601646508,200.0,200.0,U
1200,-61.534970855646435,15.510120307018953,200.0,200.0,U
1201,-61.53669272342884,15.513394976383562,200.0,200.0,U
1202,-61.53693064010274,15.513368772800897,200.0,200.0,U
1203,-61.53570526584742,15.511111609263477,200.0,200.0,U
1204,-61.53647189951897,15.512055368080496,200.0,200.0,U
1205,-61.53633377414857,15.512170252418105,200.0,200.0,U
1206,-61.534260147353486,15.511422250191027,200.0,200.0,U
1207,-61.5360024896756,15.51042559732948,200.0,200.0,U
1208,-61.53720715165989,15.511507603398524,200.0,200.0,U
1209,-61.53682263135811,15.511259275703939,200.0,200.0,U
1210,-61.53558273538089,15.51241912992926,200.0,200.0,U
1211,-61.53719506814314,15.511151378077164,200.0,200.0,U
1212,-61.53602040934818,15.510034387958191,200.0,200.0,U
1213,-61.53606133695894,15.511658905855642,200.0,200.0,U
1214,-61.53626409163045,15.512089187391084,200.0,200.0,U
1215,-61.53606886472326,15.511592260802496,200.0,200.0,U
1216,-61.5359547380604,15.508801892642499,200.0,200.0,U
1217,-61.53474330654202,15.511465945344526,200.0,200.0,U
1218,-61.53633054200595,15.511631453747572,200.0,200.0,U
1219,-61.53570098968251,15.511570684456343,200.0,200.0,U
1220,-61.535284029122444,15.513046245976712,200.0,200.0,U
1221,-61.5356168497662,15.51226593402456,200.0,200.0,U
1222,-61.53604587116685,15.51138739149958,200.0,200.0,U
1223,-61.53665424276049,15.51117885434259,200.0,200.0,U
1224,-61.53685158895635,15.512079051371662,200.0,200.0,U
1225,-61.536899111027026,15.511466142439142,200.0,200.0,U
1226,-61.53607130895596,15.511684381676044,200.0,200.0,U
1227,-61.5346219208027,15.513211176278071,200.0,200.0,U
1228,-61.53587186249887,15.511268781856499,200.0,200.0,U
1229,-61.536286225348626,15.507719813704052,200.0,200.0,U
1230,-61.538362161478695,15.512529369618248,200.0,200.0,U
1231,-61.535025497204565,15.513311039803328,200.0,200.0,U
1232,-61.53419211683855,15.5145376016976,200.0,200.0,U
1233,-61.53522551176371,15.51243336449932,200.0,200.0,U
1234,-61.536742612109634,15.511512928524697,200.0,200.0,U
1235,-61.53563627350236,15.511062843659097,200.0,200.0,U
1236,-61.536132064608374,15.512266630358985,200.0,200.0,U
1237,-61.53591036092668,15.512620963601663,200.0,200.0,U
1238,-61.534990025071245,15.510215686969673,200.0,200.0,U
1239,-61.53497233282761,15.515953458694838,200.0,200.0,U
1240,-61.53610282776962,15.511417758366045,200.0,200.0,U
1241,-61.53635692105509,15.511782223493306,200.0,200.0,U
1242,-61.534571429101774,15.511710952237733,200.0,200.0,U
1243,-61.534577004495375,15.511787635932162,200.0,200.0,U
1244,-61.535983169153155,15.511890417240517,200.0,200.0,U
1245,-61.53690064865983,15.511455329265239,200.0,200.0,U
1246,-61.53494532670564,15.510478772825406,200.0,200.0,U
1247,-61.53868773231668,15.508096459938262,200.0,200.0,U
1248,-61.536865089055446,15.512218672515509,200.0,200.0,U
1249,-61.537334490100015,15.512602203942176,200.0,200.0,U
1250,-61.53677684937913,15.513404152598461,200.0,200.0,U
1251,-61.53658989656952,15.512133396858397,200.0,200.0,U
1252,-61.5360829673074,15.51199059532819,200.0,200.0,U
1253,-61.53488726206122,15.51407390665323,200.0,200.0,U
1254,-61.535946446062795,15.509481992869844,200.0,200.0,U
1255,-61.53558064204408,15.511223697649832,200.0,200.0,U
1256,-61.539681564446006,15.516092175578908,200.0,200.0,U
1257,-61.53572125819204,15.51058708526262,200.0,200.0,U
1258,-61.53604945749053,15.51093106684725,200.0,200.0,U
1259,-61.53932603172088,15.510447015826985,200.0,200.0,U
1260,-61.53742213681637,15.512394987219823,200.0,200.0,U
1261,-61.536047324010624,15.510344026649506,200.0,200.0,U
1262,-61.536714245154734,15.513204280595518,200.0,200.0,U
1263,-61.53627299747868,15.512443612648369,200.0,200.0,U
1264,-61.53625225743034,15.512448036864285,200.0,200.0,U
1265,-61.536163919856804,15.5107131691287,200.0,200.0,U
1266,-61.53612804338137,15.51322531109279,200.0,200.0,U
1267,-61.53504027616957,15.511901059157328,200.0,200.0,U
1268,-61.53642415642051,15.511979886986003,200.0,200.0,U
1269,-61.53506755481306,15.512024039500742,200.0,200.0,U
1270,-61.536283390835166,15.511569589746964,200.0,200.0,U
1271,-61.53476143954918,15.515075168357276,200.0,200.0,U
1272,-61.53603064431928,15.511529640659061,200.0,200.0,U
1273,-61.53631237755021,15.511237247553252,200.0,200.0,U
1274,-61.53624011085075,15.51191816776003,200.0,200.0,U
1275,-61.534973279051634,15.50832490935293,200.0,200.0,U
1276,-61.53628151993395,15.511965871161044,200.0,200.0,U
1277,-61.53911927279809,15.5146326082813,200.0,200.0,U
1278,-61.53764870208805,15.51143130961247,200.0,200.0,U
1279,-61.53698979351137,15.511676640412901,200.0,200.0,U
1280,-61.53989249097364,15.512676132789839,200.0,200.0,U
1281,-61.53681722083013,15.51194047811692,200.0,200.0,U
1282,-61.53642564554691,15.512428008509842,200.0,200.0,U
1283,-61.53505389396235,15.511722874414895,200.0,200.0,U
1284,-61.53959435495587,15.509464568971419,200.0,200.0,U
1285,-61.536540522575315,15.512671967606337,200.0,200.0,U
1286,-61.53825227288787,15.511703490373325,200.0,200.0,U
1287,-61.53629141173555,15.512113677611165,200.0,200.0,U
1288,-61.532985062299225,15.512658951150605,200.0,200.0,U
1289,-61.53608285902369,15.514045771943573,200.0,200.0,U
1290,-61.53656090139144,15.511935946687522,200.0,200.0,U
1291,-61.53554725882944,15.511445075297399,200.0,200.0,U
1292,-61.53599447539592,15.512130880193062,200.0,200.0,U
1293,-61.53414550704475,15.514290533897288,200.0,200.0,U
1294,-61.5328141382465,15.51266318771047,200.0,200.0,U
1295,-61.53667324709303,15.51313288383833,200.0,200.0,U
1296,-61.533492378413264,15.51514488365511,200.0,200.0,U
1297,-61.5359006395254,15.512079172512806,200.0,200.0,U
1298,-61.53730214730742,15.512682858680694,200.0,200.0,U
1299,-61.53635518812526,15.512103315036043,200.0,200.0,U
1300,-61.53620618069773,15.512016339964251,200.0,200.0,U
1301,-61.53656615426357,15.512287780370222,200.0,200.0,U
1302,-61.53639476257749,15.51207984089587,200.0,200.0,U
1303,-61.53540338791923,15.512156317331494,200.0,200.0,U
1304,-61.53470987070527,15.513258813386237,200.0,200.0,U
1305,-61.53480596708643,15.513413445060833,200.0,200.0,U
1306,-61.53658749329677,15.511402514070712,200.0,200.0,U
1307,-61.5360539365017,15.514837933639066,200.0,200.0,U
1308,-61.53648561372638,15.511852097556352,200.0,200.0,U
1309,-61.53540496376588,15.513097385248193,200.0,200.0,U
1310,-61.53445608561051,15.514611404163547,200.0,200.0,U
1311,-61.53719353681703,15.512969414234401,200.0,200.0,U
1312,-61.53446887721478,15.511797481776002,200.0,200.0,U
1313,-61.53642946171066,15.512172445155668,200.0,200.0,U
1314,-61.5384895773475,15.513369330112935,200.0,200.0,U
1315,-61.537750782822364,15.513559935936668,200.0,200.0,U
1316,-61.53467647847825,15.511204400700128,200.0,200.0,U
1317,-61.536008330115564,15.512467211232813,200.0,200.0,U
1318,-61.53665368825133,15.511701553206285,200.0,200.0,U
1319,-61.5354331865343,15.51155511890391,200.0,200.0,U
1320,-61.538795383860716,15.51241369190828,200.0,200.0,U
1321,-61.53626454178918,15.514849039501119,200.0,200.0,U
1322,-61.536343573611404,15.512064412102099,200.0,200.0,U
1323,-61.53441748229781,15.510435221113068,200.0,200.0,U
1324,-61.53594566870934,15.511499506608521,200.0,200.0,U
1325,-61.53411477818662,15.512426112902661,200.0,200.0,U
1326,-61.53459371903873,15.513888915395896,200.0,200.0,U
1327,-61.53726548461328,15.512768036595844,200.0,200.0,U
1328,-61.53781753309768,15.513332645387237,200.0,200.0,U
1329,-61.536367633291,15.51226172958083,200.0,200.0,U
1330,-61.53740788835402,15.512782964451683,200.0,200.0,U
1331,-61.53613178864716,15.511756001746235,200.0,200.0,U
1332,-61.53713678597465,15.511878562848393,200.0,200.0,U
1333,-61.53641780308439,15.5120945705448,200.0,200.0,U
1334,-61.53648693918199,15.507952424730666,200.0,200.0,U
1335,-61.53818490914503,15.511746470092296,200.0,200.0,U
1336,-61.53642131044672,15.51218193999208,200.0,200.0,U
1337,-61.535788254632315,15.514588174508319,200.0,200.0,U
1338,-61.53647769475854,15.509493792487222,200.0,200.0,U
1339,-61.53668403383105,15.511360557962744,200.0,200.0,U
1340,-61.53469013785788,15.509815384134487,200.0,200.0,U
1341,-61.53740309383065,15.510899697768178,200.0,200.0,U
1342,-61.53307134050963,15.512804806226677,200.0,200.0,U
1343,-61.53742018604338,15.513137271282767,200.0,200.0,U
1344,-61.53652298957108,15.51367851643947,200.0,200.0,U
1345,-61.53665788471908,15.512361269464394,200.0,200.0,U
1346,-61.53697787385407,15.512484318925944,200.0,200.0,U
1347,-61.53392611828693,15.51368190789315,200.0,200.0,U
1348,-61.53663385568347,15.512384180274907,200.0,200.0,U
1349,-61.53790007250901,15.51313411402171,200.0,200.0,U
1350,-61.53677364202571,15.51184946593225,200.0,200.0,U
1351,-61.53649779480739,15.512605902362738,200.0,200.0,U
1352,-61.5361576194966,15.510983155149543,200.0,200.0,U
1353,-61.53812954188463,15.511457812650324,200.0,200.0,U
1354,-61.537303892747,15.512060669569603,200.0,200.0,U
1355,-61.53772824737244,15.513771799007916,200.0,200.0,U
1356,-61.53651839934942,15.512468498896393,200.0,200.0,U
1357,-61.536106226423094,15.512391248318101,200.0,200.0,U
1358,-61.536616348192496,15.512392347213916,200.0,200.0,U
1359,-61.5362380018812,15.509182218291466,200.0,200.0,U
1360,-61.5363934792421,15.512196678585074,200.0,200.0,U
1361,-61.53573249547219,15.513718744248118,200.0,200.0,U
1362,-61.53669078936854,15.51099955595562,200.0,200.0,U
1363,-61.53656712229548,15.512523584960114,200.0,200.0,U
1364,-61.5364677176414,15.512799339974348,200.0,200.0,U
1365,-61.53519063074256,15.513113047201125,200.0,200.0,U
1366,-61.5368819974141,15.511537947178084,200.0,200.0,U
1367,-61.53875669204736,15.51230533225168,200.0,200.0,U
1368,-61.5374270345332,15.512226984810647,200.0,200.0,U
1369,-61.5364751559726,15.510596528942447,200.0,200.0,U
1370,-61.53790331566799,15.51130061036195,200.0,200.0,U
1371,-61.535739145004314,15.513325775753833,200.0,200.0,U
1372,-61.536572407987435,15.512443989512391,200.0,200.0,U
1373,-61.536774305100806,15.51571303904121,200.0,200.0,U
1374,-61.53341470312029,15.51184375649459,200.0,200.0,U
1375,-61.535304315606915,15.512987287960014,200.0,200.0,U
1376,-61.53601503197866,15.513602385526058,200.0,200.0,U
1377,-61.537928649845604,15.51218125685522,200.0,200.0,U
1378,-61.53383013206053,15.51255844755513,200.0,200.0,U
1379,-61.535561189715594,15.513535412083499,200.0,200.0,U
1380,-61.53560722729851,15.511618705081112,200.0,200.0,U
1381,-61.536700535029034,15.508992920625529,200.0,200.0,U
1382,-61.53666251998259,15.51259520380279,200.0,200.0,U
1383,-61.53659876458339,15.51249955909305,200.0,200.0,U
1384,-61.53677634902911,15.514741972168569,200.0,200.0,U
1385,-61.53654097620021,15.513249639357735,200.0,200.0,U
1386,-61.5360902522108,15.513762921666652,200.0,200.0,U
1387,-61.53713646594442,15.512604074611668,200.0,200.0,U
1388,-61.534327204924296,15.51232348216818,200.0,200.0,U
1389,-61.53545636395723,15.512871591657586,200.0,200.0,U
1390,-61.53718303080673,15.510339109104988,200.0,200.0,U
1391,-61.53699407527244,15.514413429403001,200.0,200.0,U
1392,-61.53439283286574,15.515323691559223,200.0,200.0,U
1393,-61.536580240433054,15.512550713546142,200.0,200.0,U
1394,-61.53467266978081,15.513154218504777,200.0,200.0,U
1395,-61.53452899548723,15.513173845375901,200.0,200.0,U
1396,-61.53881803650095,15.510882684110959,200.0,200.0,U
1397,-61.53689712302342,15.513095174144695,200.0,200.0,U
1398,-61.535179134790596,15.512025408241948,200.0,200.0,U
1399,-61.53918835589049,15.514680562273393,200.0,200.0,U
1400,-61.53900101536718,15.513640406443404,200.0,200.0,U
1401,-61.537235740883546,15.511503240749462,200.0,200.0,U
1402,-61.53785555563881,15.511892137433895,200.0,200.0,U
1403,-61.537642156074476,15.512925957017766,200.0,200.0,U
1404,-61.53688734411746,15.512801664837072,200.0,200.0,U
1405,-61.53507313729143,15.511904343211876,200.0,200.0,U
1406,-61.53597472046631,15.51134698218958,200.0,200.0,U
1407,-61.53630552569422,15.51257230110082,200.0,200.0,U
1408,-61.539055054688326,15.512457326102364,200.0,200.0,U
1409,-61.53707490828019,15.510825172054622,200.0,200.0,U
1410,-61.534881392393466,15.512358918953419,200.0,200.0,U
1411,-61.53663799412483,15.513046376753815,200.0,200.0,U
1412,-61.534939792231086,15.514790925284524,200.0,200.0,U
1413,-61.53687541741694,15.511324375985817,200.0,200.0,U
1414,-61.53436799068936,15.513376615401526,200.0,200.0,U
1415,-61.53612385168415,15.512892711417642,200.0,200.0,U
1416,-61.536532602828494,15.51403184504718,200.0,200.0,U
1417,-61.53659480388046,15.512229081201516,200.0,200.0,U
1418,-61.536211885314934,15.514210975552615,200.0,200.0,U
1419,-61.533563573003505,15.51076530446843,200.0,200.0,U
1420,-61.53675738058965,15.5126847931791,200.0,200.0,U
1421,-61.536445895434106,15.513632165304791,200.0,200.0,U
1422,-61.53769327356758,15.512989766294469,200.0,200.0,U
1423,-61.53709609285356,15.512676448363813,200.0,200.0,U
1424,-61.53664894759038,15.512905175998124,200.0,200.0,U
1425,-61.53638068822991,15.51305421188669,200.0,200.0,U
1426,-61.53952791048217,15.51422294603562,200.0,200.0,U
1427,-61.53666765964489,15.51258870213146,200.0,200.0,U
1428,-61.536838182677315,15.51363183404712,200.0,200.0,U
1429,-61.536866418578335,15.513117313677768,200.0,200.0,U
1430,-61.53624550190579,15.512531104094247,200.0,200.0,U
1431,-61.53670788524833,15.513123952623857,200.0,200.0,U
1432,-61.536751463145585,15.514575624873764,200.0,200.0,U
1433,-61.535239618837124,15.513218848668405,200.0,200.0,U
1434,-61.53683959776727,15.512344935164421,200.0,200.0,U
1435,-61.53652490117717,15.512330157787318,200.0,200.0,U
1436,-61.537017077270164,15.514066623562677,200.0,200.0,U
1437,-61.53708747262468,15.512366200089808,200.0,200.0,U
1438,-61.53594390068393,15.514970866553828,200.0,200.0,U
1439,-61.53661138177903,15.511672620668921,200.0,200.0,U
1440,-61.537680687876,15.512701657951263,200.0,200.0,U
1441,-61.53625686702095,15.511567485705793,200.0,200.0,U
1442,-61.53609602532917,15.512924466864057,200.0,200.0,U
1443,-61.53423013401658,15.513673667227772,200.0,200.0,U
1444,-61.53675020109762,15.512800874607445,200.0,200.0,U
1445,-61.53854784135979,15.511771266952769,200.0,200.0,U
1446,-61.53576105633157,15.508324296010981,200.0,200.0,U
1447,-61.537330174770915,15.513675531791415,200.0,200.0,U
1448,-61.537277782089355,15.513251023414764,200.0,200.0,U
1449,-61.53709919460833,15.512659613936497,200.0,200.0,U
1450,-61.535493084349774,15.512091033893775,200.0,200.0,U
1451,-61.536845530764786,15.512878673133988,200.0,200.0,U
1452,-61.53668251892742,15.5138358845694,200.0,200.0,U
1453,-61.53810569083983,15.511068695262505,200.0,200.0,U
1454,-61.53707231277464,15.51514898419969,200.0,200.0,U
1455,-61.539691994559504,15.514900397450962,200.0,200.0,U
1456,-61.53699791983313,15.512962615708222,200.0,200.0,U
1457,-61.53757871388391,15.512716580101422,200.0,200.0,U
1458,-61.53750569233588,15.512820823958117,200.0,200.0,U
1459,-61.534551839987415,15.51289354460276,200.0,200.0,U
1460,-61.53515443950722,15.512545668684636,200.0,200.0,U
1461,-61.53848839743246,15.51463823859044,200.0,200.0,U
1462,-61.53613647338008,15.514159910014504,200.0,200.0,U
1463,-61.53596597755983,15.515871694930755,200.0,200.0,U
1464,-61.537434149281495,15.51183810338701,200.0,200.0,U
1465,-61.53748329166209,15.513596104626847,200.0,200.0,U
1466,-61.53802241045706,15.512959734453172,200.0,200.0,U
1467,-61.53863551540694,15.512936088041423,200.0,200.0,U
1468,-61.53651691900931,15.513791795521165,200.0,200.0,U
1469,-61.53664071164272,15.51249882439542,200.0,200.0,U
1470,-61.53691582522748,15.512703170789791,200.0,200.0,U
1471,-61.53593173382799,15.513503349662244,200.0,200.0,U
1472,-61.536773934762124,15.512979085349896,200.0,200.0,U
1473,-61.53470966538824,15.514157748721171,200.0,200.0,U
1474,-61.538813933921354,15.512263829969914,200.0,200.0,U
1475,-61.536997385193054,15.513691491090583,200.0,200.0,U
1476,-61.537286605477185,15.514697154114657,200.0,200.0,U
1477,-61.536990337746765,15.51128608823926,200.0,200.0,U
1478,-61.53242705491345,15.511416246670946,200.0,200.0,U
1479,-61.53706579831359,15.511472583918904,200.0,200.0,U
1480,-61.53643431464998,15.513539810580243,200.0,200.0,U
1481,-61.53451387502607,15.513813399325667,200.0,200.0,U
1482,-61.53788171434481,15.512575518733783,200.0,200.0,U
1483,-61.536870772741,15.513088462243433,200.0,200.0,U
1484,-61.540826896371485,15.51633272382162,200.0,200.0,U
1485,-61.5369708472571,15.513039068879825,200.0,200.0,U
1486,-61.536584613167406,15.510617808172878,200.0,200.0,U
1487,-61.53663281260362,15.512579933880902,200.0,200.0,U
1488,-61.5351679600755,15.510730564153127,200.0,200.0,U
1489,-61.53754740694929,15.513098188458965,200.0,200.0,U
1490,-61.536674973138815,15.512098338838083,200.0,200.0,U
1491,-61.53870351986981,15.51319076363236,200.0,200.0,U
1492,-61.536122239600985,15.513524278372058,200.0,200.0,U
1493,-61.53684927740897,15.515724431725683,200.0,200.0,U
1494,-61.53698711292355,15.512691228056031,200.0,200.0,U
1495,-61.53702114518457,15.513114655400953,200.0,200.0,U
1496,-61.5369964118982,15.514711942669209,200.0,200.0,U
1497,-61.53732306863936,15.513755112370605,200.0,200.0,U
1498,-61.53424950700098,15.513569190280156,200.0,200.0,U
1499,-61.537155373809846,15.513123557175097,200.0,200.0,U
1500,-61.537324417484584,15.512852463879044,200.0,200.0,U
1501,-61.536057651619174,15.51208223555146,200.0,200.0,U
1502,-61.53858543701127,15.51219101374645,200.0,200.0,U
1503,-61.53674223914233,15.514580822960749,200.0,200.0,U
1504,-61.53656619729096,15.513650474782184,200.0,200.0,U
1505,-61.53599266585633,15.513392258956776,200.0,200.0,U
1506,-61.53658624375908,15.512448812315297,200.0,200.0,U
1507,-61.538555909440646,15.51413928882495,200.0,200.0,U
1508,-61.537065490979124,15.513192066876671,200.0,200.0,U
1509,-61.53568879414779,15.513734972765244,200.0,200.0,U
1510,-61.53721872367388,15.513269842533807,200.0,200.0,U
1511,-61.53605688595491,15.514425737459492,200.0,200.0,U
1512,-61.5367430677623,15.513057743185442,200.0,200.0,U
1513,-61.5371506532093,15.513508364749061,200.0,200.0,U
1514,-61.53842530540298,15.513520764190721,200.0,200.0,U
1515,-61.53514566632239,15.512514005328446,200.0,200.0,U
1516,-61.53703696249741,15.513091650222966,200.0,200.0,U
1517,-61.537456699513534,15.514151188085046,200.0,200.0,U
1518,-61.53769501716618,15.512823800331919,200.0,200.0,U
1519,-61.53623721650659,15.510995681603388,200.0,200.0,U
1520,-61.53810691583428,15.514497921543116,200.0,200.0,U
1521,-61.53674687850566,15.513611493879958,200.0,200.0,U
1522,-61.537414717892744,15.512912147829113,200.0,200.0,U
1523,-61.53950892359778,15.513677703635285,200.0,200.0,U
1524,-61.538304637857756,15.512191721173668,200.0,200.0,U
1525,-61.535948292998526,15.509796726996727,200.0,200.0,U
1526,-61.53705819915378,15.513102499060075,200.0,200.0,U
1527,-61.53699137705647,15.513405773680088,200.0,200.0,U
1528,-61.53788357470966,15.513285552415036,200.0,200.0,U
1529,-61.54059105942931,15.513305740430663,200.0,200.0,U
1530,-61.53456420222689,15.511433886094489,200.0,200.0,U
1531,-61.5347678506944,15.511352591187823,200.0,200.0,U
1532,-61.538769661940194,15.513620534558761,200.0,200.0,U
1533,-61.53719567217279,15.514689921438293,200.0,200.0,U
1534,-61.53668425095254,15.512421837534092,200.0,200.0,U
1535,-61.5376988014803,15.515305289371106,200.0,200.0,U
1536,-61.53671684051892,15.513246037821576,200.0,200.0,U
1537,-61.534628315405826,15.516653583730484,200.0,200.0,U
1538,-61.53706361354265,15.514433316858259,200.0,200.0,U
1539,-61.53638876395943,15.512772087658131,200.0,200.0,U
1540,-61.53836519885665,15.511838492981424,200.0,200.0,U
1541,-61.53662076051151,15.513443887337706,200.0,200.0,U
1542,-61.53820857270212,15.514670552317646,200.0,200.0,U
1543,-61.535983052680514,15.512013690963677,200.0,200.0,U
1544,-61.53931750431363,15.5102730661221,200.0,200.0,U
1545,-61.53708132822809,15.512452858679277,200.0,200.0,U
1546,-61.53708105814596,15.513223686295323,200.0,200.0,U
1547,-61.539591853549965,15.51354790133947,200.0,200.0,U
1548,-61.536145786922226,15.512248186396322,200.0,200.0,U
1549,-61.53829640258603,15.510601206679802,200.0,200.0,U
1550,-61.53954564274923,15.518040839689748,200.0,200.0,U
1551,-61.53677166454377,15.512977736954909,200.0,200.0,U
1552,-61.53543211725741,15.512584537653266,200.0,200.0,U
1553,-61.537025110185255,15.513019752028356,200.0,200.0,U
1554,-61.53625043162582,15.514227317166636,200.0,200.0,U
1555,-61.53531428202609,15.512786318361137,200.0,200.0,U
1556,-61.53705474640773,15.513629724327943,200.0,200.0,U
1557,-61.53698094242669,15.513380101199354,200.0,200.0,U
1558,-61.53663514985921,15.514303635947565,200.0,200.0,U
1559,-61.53790138024878,15.512957642521464,200.0,200.0,U
1560,-61.53829415995137,15.512213366908782,200.0,200.0,U
1561,-61.53916535177274,15.513795868423804,200.0,200.0,U
1562,-61.53744293291349,15.512703594378669,200.0,200.0,U
1563,-61.53700286144021,15.513276197604368,200.0,200.0,U
1564,-61.53821938850795,15.51459014258351,200.0,200.0,U
1565,-61.537900233405566,15.515563900309377,200.0,200.0,U
1566,-61.537411489519975,15.514295319716124,200.0,200.0,U
1567,-61.53562911145601,15.511618527832855,200.0,200.0,U
1568,-61.53740872111206,15.512667945375393,200.0,200.0,U
1569,-61.5382226203887,15.511224131758992,200.0,200.0,U
1570,-61.5396717242083,15.515122230296363,200.0,200.0,U
1571,-61.53555983432805,15.51301276790197,200.0,200.0,U
1572,-61.53720394478663,15.513626302570614,200.0,200.0,U
1573,-61.54130487495991,15.51413850345058,200.0,200.0,U
1574,-61.53819769353884,15.512802201740916,200.0,200.0,U
1575,-61.53594701972921,15.515562703560722,200.0,200.0,U
1576,-61.5373862593083,15.51363082287241,200.0,200.0,U
1577,-61.537637739178926,15.511210961717852,200.0,200.0,U
1578,-61.536684952191514,15.513974750062246,200.0,200.0,U
1579,-61.53710703084574,15.513142352888725,200.0,200.0,U
1580,-61.53372031084134,15.513375959654994,200.0,200.0,U
1581,-61.53806521071015,15.51360620136679,200.0,200.0,U
1582,-61.53840109196333,15.514295051796427,200.0,200.0,U
1583,-61.53616683625403,15.516832559193267,200.0,200.0,U
1584,-61.53607578672778,15.511061710037525,200.0,200.0,U
1585,-61.53745909042508,15.513583047272316,200.0,200.0,U
1586,-61.53822887194067,15.51420468560024,200.0,200.0,U
1587,-61.53645432345254,15.513227704814035,200.0,200.0,U
1588,-61.53726968876575,15.513463377459772,200.0,200.0,U
1589,-61.53972326526175,15.514288857843072,200.0,200.0,U
1590,-61.53679542406942,15.514362784380614,200.0,200.0,U
1591,-61.53652725212071,15.51604956753525,200.0,200.0,U
1592,-61.536486421865256,15.512333454833346,200.0,200.0,U
1593,-61.53738001233818,15.513654696968667,200.0,200.0,U
1594,-61.53685646175441,15.517794134573352,200.0,200.0,U
1595,-61.53839543634961,15.514651243225616,200.0,200.0,U
1596,-61.539675700469324,15.512046493360852,200.0,200.0,U
1597,-61.53373029678681,15.51430324318325,200.0,200.0,U
1598,-61.53733634754962,15.513627923021659,200.0,200.0,U
1599,-61.537346792479156,15.513616043221175,200.0,200.0,U
1600,-61.537343402615306,15.513140005578313,200.0,200.0,U
1601,-61.53694644312794,15.513725451802157,200.0,200.0,U
1602,-61.53675695030609,15.512798917739245,200.0,200.0,U
1603,-61.53699148751313,15.511663241809018,200.0,200.0,U
1604,-61.53890372941788,15.515085447861052,200.0,200.0,U
1605,-61.53706443136588,15.51333266545988,200.0,200.0,U
1606,-61.535127185716505,15.511702358393832,200.0,200.0,U
1607,-61.533755687420495,15.514497566442703,200.0,200.0,U
1608,-61.5373618354367,15.513688860684125,200.0,200.0,U
1609,-61.53743720180186,15.513664715927515,200.0,200.0,U
1610,-61.53791294597951,15.514525225864451,200.0,200.0,U
1611,-61.53756790421373,15.514175032691861,200.0,200.0,U
1612,-61.537658336115804,15.513583941435511,200.0,200.0,U
1613,-61.537375620686866,15.5137733142248,200.0,200.0,U
1614,-61.5374522351753,15.513696898058505,200.0,200.0,U
1615,-61.53634443273335,15.514689899699626,200.0,200.0,U
1616,-61.53751015454634,15.51334761599031,200.0,200.0,U
1617,-61.539077660215085,15.512092241177767,200.0,200.0,U
1618,-61.53739728601859,15.513583302850869,200.0,200.0,U
1619,-61.53883919793217,15.513289985458051,200.0,200.0,U
1620,-61.537027690634574,15.513313909863921,200.0,200.0,U
1621,-61.53966514066892,15.511760150167003,200.0,200.0,U
1622,-61.53761978615652,15.512564120688584,200.0,200.0,U
1623,-61.53124685435387,15.509440277919364,200.0,200.0,U
1624,-61.53737847125353,15.513435040622452,200.0,200.0,U
1625,-61.53584645252054,15.515064524421666,200.0,200.0,U
1626,-61.539020436311,15.509773626966659,200.0,200.0,U
1627,-61.536691946323245,15.513655250949052,200.0,200.0,U
1628,-61.53582571010221,15.5101457678384,200.0,200.0,U
1629,-61.540400423856674,15.512241897675729,200.0,200.0,U
1630,-61.53886784397242,15.514727033282355,200.0,200.0,U
1631,-61.539072068597434,15.516307615019745,200.0,200.0,U
1632,-61.53813329971149,15.51628861103889,200.0,200.0,U
1633,-61.537569500593804,15.513832550041137,200.0,200.0,U
1634,-61.53768554204835,15.513756853933161,200.0,200.0,U
1635,-61.53749949636894,15.51385978949775,200.0,200.0,U
1636,-61.53747669601848,15.513789082243727,200.0,200.0,U
1637,-61.536866855358824,15.512787423605682,200.0,200.0,U
1638,-61.53793841775295,15.513856247984542,200.0,200.0,U
1639,-61.53674160259706,15.514671251627,200.0,200.0,U
1640,-61.53965157671941,15.516142987145347,200.0,200.0,U
1641,-61.53929985540722,15.514850022662111,200.0,200.0,U
1642,-61.53817935048736,15.516342157760127,200.0,200.0,U
1643,-61.536740644316936,15.514928615068415,200.0,200.0,U
1644,-61.53860439237169,15.51465108921251,200.0,200.0,U
1645,-61.5381640601828,15.51335600530977,200.0,200.0,U
1646,-61.53718269323255,15.515105575177206,200.0,200.0,U
1647,-61.53915246993484,15.51386890920024,200.0,200.0,U
1648,-61.538861515904635,15.512111134381286,200.0,200.0,U
1649,-61.53418642007106,15.512267852194173,200.0,200.0,U
1650,-61.5377815042982,15.514439236396996,200.0,200.0,U
1651,-61.5387152637652,15.515430977938134,200.0,200.0,U
1652,-61.53937461208189,15.510961920158957,200.0,200.0,U
1653,-61.53728067635775,15.514283389801449,200.0,200.0,U
1654,-61.5373560304014,15.514119975063762,200.0,200.0,U
1655,-61.53681735471344,15.513956570814676,200.0,200.0,U
1656,-61.53752162022511,15.514048812883347,200.0,200.0,U
1657,-61.53655641374723,15.514580982585356,200.0,200.0,U
1658,-61.5408300383936,15.51438854245319,200.0,200.0,U
1659,-61.53678621534713,15.513617566853663,200.0,200.0,U
1660,-61.53751363008984,15.514430440669111,200.0,200.0,U
1661,-61.5375390389496,15.514077243183255,200.0,200.0,U
1662,-61.53845743233642,15.51188138348351,200.0,200.0,U
1663,-61.53818562279723,15.512794666926336,200.0,200.0,U
1664,-61.53779465956574,15.513481525214807,200.0,200.0,U
1665,-61.537613365022494,15.513999734967589,200.0,200.0,U
1666,-61.53798510771004,15.512869816684795,200.0,200.0,U
1667,-61.53786388897917,15.515350051318812,200.0,200.0,U
1668,-61.535316875682206,15.513383096924965,200.0,200.0,U
1669,-61.540137719779565,15.512683998390866,200.0,200.0,U
1670,-61.537899173011056,15.513918927147536,200.0,200.0,U
1671,-61.53800415904148,15.514755173965158,200.0,200.0,U
1672,-61.53779768496757,15.514625063596267,200.0,200.0,U
1673,-61.53796291042637,15.513781305321052,200.0,200.0,U
1674,-61.53696198114042,15.514491027823135,200.0,200.0,U
1675,-61.53842390792392,15.513050717850007,200.0,200.0,U
1676,-61.53593540436719,15.513511844700721,200.0,200.0,U
1677,-61.540236716570334,15.517087328618365,200.0,200.0,U
1678,-61.54024941830459,15.517603636153442,200.0,200.0,U
1679,-61.53778464909749,15.514089920285928,200.0,200.0,U
1680,-61.53773011008729,15.516612406547823,200.0,200.0,U
1681,-61.537297149121294,15.512760306586587,200.0,200.0,U
1682,-61.53626214187399,15.510382301227368,200.0,200.0,U
1683,-61.53564244270469,15.515040888952907,200.0,200.0,U
1684,-61.536423815168284,15.512979182290518,200.0,200.0,U
1685,-61.53734652566934,15.515061765973593,200.0,200.0,U
1686,-61.53828448953438,15.514656890111395,200.0,200.0,U
1687,-61.53709529912759,15.513564072732013,200.0,200.0,U
1688,-61.53645021096483,15.514555095825111,200.0,200.0,U
1689,-61.53771478813402,15.514859403772226,200.0,200.0,U
1690,-61.539169630923595,15.514947603970457,200.0,200.0,U
1691,-61.537608795530524,15.51412178439467,200.0,200.0,U
1692,-61.53617845136775,15.514006971777949,200.0,200.0,U
1693,-61.53750853261861,15.5141920069783,200.0,200.0,U
1694,-61.53655959948783,15.512535271197711,200.0,200.0,U
1695,-61.53930120971523,15.515283631614377,200.0,200.0,U
1696,-61.538052565578724,15.513339655720829,200.0,200.0,U
1697,-61.53742015665039,15.513794687803484,200.0,200.0,U
1698,-61.53956146653109,15.516213106405745,200.0,200.0,U
1699,-61.53729701948314,15.513369190021063,200.0,200.0,U
1700,-61.5379309481619,15.51334306189246,200.0,200.0,U
1701,-61.536323737647194,15.513800605060357,200.0,200.0,U
1702,-61.536278489828014,15.51712480042334,200.0,200.0,U
1703,-61.536267236310934,15.512822211946919,200.0,200.0,U
1704,-61.53702958187319,15.514031211925515,200.0,200.0,U
1705,-61.53591803114862,15.516430535483247,200.0,200.0,U
1706,-61.53657664685881,15.51540887155051,200.0,200.0,U
1707,-61.53452857548412,15.513905679938704,200.0,200.0,U
1708,-61.5405271353863,15.512980596462175,200.0,200.0,U
1709,-61.53655615584297,15.514501021215311,200.0,200.0,U
1710,-61.53678973910805,15.514137904966374,200.0,200.0,U
1711,-61.53642390782179,15.512713101666629,200.0,200.0,U
1712,-61.53601875054065,15.514101212627526,200.0,200.0,U
1713,-61.53781086153512,15.516792626442239,200.0,200.0,U
1714,-61.53720208241438,15.515211308032098,200.0,200.0,U
1715,-61.535272467317675,15.51655651444749,200.0,200.0,U
1716,-61.53771839361128,15.513958125610028,200.0,200.0,U
1717,-61.53748071841457,15.513395272538977,200.0,200.0,U
1718,-61.5377236596125,15.514530475698507,200.0,200.0,U
1719,-61.54018550640432,15.512729673568991,200.0,200.0,U
1720,-61.53845687645292,15.513240617594672,200.0,200.0,U
1721,-61.53691597685194,15.51394527240972,200.0,200.0,U
1722,-61.538430486400856,15.514092338597646,200.0,200.0,U
1723,-61.53841323588825,15.514489218100547,200.0,200.0,U
1724,-61.53748677804328,15.512455106512892,200.0,200.0,U
1725,-61.53877274829904,15.514235600021731,200.0,200.0,U
1726,-61.53824522659554,15.51545482938972,200.0,200.0,U
1727,-61.536188853466925,15.516508374143003,200.0,200.0,U
1728,-61.53728776464777,15.51305596273802,200.0,200.0,U
1729,-61.53832444055074,15.516165206876211,200.0,200.0,U
1730,-61.53512277945199,15.515313971212008,200.0,200.0,U
1731,-61.538097746515945,15.513886662954468,200.0,200.0,U
1732,-61.53882113058653,15.514576787518664,200.0,200.0,U
1733,-61.53918359494165,15.514360871006286,200.0,200.0,U
1734,-61.537631538024016,15.513948214030128,200.0,200.0,U
1735,-61.54154113772833,15.511684547840687,200.0,200.0,U
1736,-61.53868393194524,15.516164533101337,200.0,200.0,U
1737,-61.538601329579286,15.513053933540577,200.0,200.0,U
1738,-61.53659505294234,15.514669373044812,200.0,200.0,U
1739,-61.53896158972604,15.512588834979342,200.0,200.0,U
1740,-61.53770346129278,15.516106330549205,200.0,200.0,U
1741,-61.53820062482498,15.515460774579726,200.0,200.0,U
1742,-61.54044969726867,15.514751544953892,200.0,200.0,U
1743,-61.53816095674735,15.514580718439914,200.0,200.0,U
1744,-61.536470247634405,15.512409315679065,200.0,200.0,U
1745,-61.536364933482126,15.515510629203668,200.0,200.0,U
1746,-61.541291184746285,15.512562680760027,200.0,200.0,U
1747,-61.54016342277123,15.515899131333258,200.0,200.0,U
1748,-61.53784526664408,15.514125310748213,200.0,200.0,U
1749,-61.537650443232295,15.514962466736618,200.0,200.0,U
1750,-61.537854561744325,15.514851057338461,200.0,200.0,U
1751,-61.53788898380773,15.514561828212885,200.0,200.0,U
1752,-61.538067626922846,15.515348990426542,200.0,200.0,U
1753,-61.537508283439614,15.514567209152428,200.0,200.0,U
1754,-61.535053279902336,15.514389814651349,200.0,200.0,U
1755,-61.53816202530602,15.514587820077091,200.0,200.0,U
1756,-61.53907946394258,15.514739885437898,200.0,200.0,U
1757,-61.53989296143242,15.51357665977323,200.0,200.0,U
1758,-61.53934610331183,15.514801135480027,200.0,200.0,U
1759,-61.536245268039906,15.51438619546944,200.0,200.0,U
1760,-61.53781240914722,15.515326049808927,200.0,200.0,U
1761,-61.53868766457715,15.514968404209938,200.0,200.0,U
1762,-61.537141634112054,15.514091598877819,200.0,200.0,U
1763,-61.537914244478884,15.514624676411714,200.0,200.0,U
1764,-61.53780342076447,15.512942455933752,200.0,200.0,U
1765,-61.539992499725635,15.513610148670756,200.0,200.0,U
1766,-61.5384758980617,15.514614727897698,200.0,200.0,U
1767,-61.53534071270766,15.515547383497214,200.0,200.0,U
1768,-61.54010596625863,15.516122859846265,200.0,200.0,U
1769,-61.53880253708773,15.514263459594154,200.0,200.0,U
1770,-61.538355069952196,15.515465009779012,200.0,200.0,U
1771,-61.5389485867589,15.513852258319051,200.0,200.0,U
1772,-61.53714161041592,15.51587181278929,200.0,200.0,U
1773,-61.53652494316808,15.511072315535703,200.0,200.0,U
1774,-61.53849920858089,15.512802238332588,200.0,200.0,U
1775,-61.5405678370523,15.513365918612166,200.0,200.0,U
1776,-61.53821760709674,15.51674494230873,200.0,200.0,U
1777,-61.53717645028634,15.514557713835378,200.0,200.0,U
1778,-61.538177567727665,15.515976713153522,200.0,200.0,U
1779,-61.53914580299962,15.51347695417205,200.0,200.0,U
1780,-61.53757833696993,15.515172294667229,200.0,200.0,U
1781,-61.538077401285534,15.514927200352277,200.0,200.0,U
1782,-61.54201861003573,15.515190485209448,200.0,200.0,U
1783,-61.53797278546744,15.51470555849387,200.0,200.0,U
1784,-61.53796937758352,15.515643059380285,200.0,200.0,U
1785,-61.5380426155803,15.514884631422484,200.0,200.0,U
1786,-61.53820209010942,15.514688843063048,200.0,200.0,U
1787,-61.53830413979473,15.51491276826997,200.0,200.0,U
1788,-61.538935310925034,15.515146877734002,200.0,200.0,U
1789,-61.53843739052302,15.515550526173573,200.0,200.0,U
1790,-61.53806669283803,15.514713640084578,200.0,200.0,U
1791,-61.536469933241165,15.514444374889298,200.0,200.0,U
1792,-61.53815877033175,15.514442448618555,200.0,200.0,U
1793,-61.5389583422594,15.511751683816993,200.0,200.0,U
1794,-61.538567675577475,15.516021641694094,200.0,200.0,U
1795,-61.53749466317944,15.515578693806756,200.0,200.0,U
1796,-61.53827756684067,15.515095243539397,200.0,200.0,U
1797,-61.53784176525456,15.51784834479478,200.0,200.0,U
1798,-61.53682743139622,15.514858181990066,200.0,200.0,U
1799,-61.54000906178947,15.517693011513927,200.0,200.0,U
1800,-61.53783337684013,15.5146559510181,200.0,200.0,U
1801,-61.53817021951019,15.514389744723921,200.0,200.0,U
1802,-61.53442035571497,15.517138526695614,200.0,200.0,U
1803,-61.539557155260205,15.513975017740034,200.0,200.0,U
1804,-61.53816924498102,15.51406806857796,200.0,200.0,U
1805,-61.537991104753374,15.515536046672047,200.0,200.0,U
1806,-61.53762858856568,15.51394753121925,200.0,200.0,U
1807,-61.539863008008176,15.512849548460833,200.0,200.0,U
1808,-61.53808727185203,15.514857248896151,200.0,200.0,U
1809,-61.53523044551618,15.514144473510957,200.0,200.0,U
1810,-61.53777092443261,15.516523279439037,200.0,200.0,U
1811,-61.53834805887918,15.515067391187918,200.0,200.0,U
1812,-61.53613741488162,15.511891103516815,200.0,200.0,U
1813,-61.53769072867865,15.514130234386512,200.0,200.0,U
1814,-61.538140679947226,15.515115639377743,200.0,200.0,U
1815,-61.53838507988454,15.513726499863088,200.0,200.0,U
1816,-61.53938366750758,15.511783877237136,200.0,200.0,U
1817,-61.53797482893132,15.515099994900263,200.0,200.0,U
1818,-61.5396632578559,15.51659653206513,200.0,200.0,U
1819,-61.537790328029075,15.515422344782525,200.0,200.0,U
1820,-61.53969153589846,15.516341880173492,200.0,200.0,U
1821,-61.53803698696999,15.512299806191555,200.0,200.0,U
1822,-61.53674591165883,15.515281337895676,200.0,200.0,U
1823,-61.53954574975832,15.514776497651217,200.0,200.0,U
1824,-61.53730891576308,15.515982813506628,200.0,200.0,U
1825,-61.539033299234696,15.515147849279677,200.0,200.0,U
1826,-61.53677267451505,15.515050699026455,200.0,200.0,U
1827,-61.53879040080884,15.511058861106946,200.0,200.0,U
1828,-61.539252547847035,15.514156514493209,200.0,200.0,U
1829,-61.536344546004116,15.515290734520491,200.0,200.0,U
1830,-61.53941089830997,15.515331174261014,200.0,200.0,U
1831,-61.538060166634374,15.515123192627398,200.0,200.0,U
1832,-61.53944124926059,15.515087190510043,200.0,200.0,U
1833,-61.539723631917326,15.512778622392279,200.0,200.0,U
1834,-61.538601831881145,15.515505110336411,200.0,200.0,U
1835,-61.5359170981655,15.513487854990942,200.0,200.0,U
1836,-61.53681950785671,15.512783261435954,200.0,200.0,U
1837,-61.53797075801081,15.514786094768986,200.0,200.0,U
1838,-61.537856258231606,15.515244590730486,200.0,200.0,U
1839,-61.53880580204838,15.515183237240688,200.0,200.0,U
1840,-61.53759027093036,15.514469844861765,200.0,200.0,U
1841,-61.536484990442354,15.513351572841506,200.0,200.0,U
1842,-61.53811051283118,15.515057047779719,200.0,200.0,U
1843,-61.5383137750521,15.514731098816208,200.0,200.0,U
1844,-61.537530546033324,15.514384658294468,200.0,200.0,U
1845,-61.53800961312492,15.514871120964383,200.0,200.0,U
1846,-61.538072434795474,15.514849674799445,200.0,200.0,U
1847,-61.53927096591628,15.510543709216678,200.0,200.0,U
1848,-61.53839222419866,15.515202516205823,200.0,200.0,U
1849,-61.53936856451966,15.515612255221809,200.0,200.0,U
1850,-61.537233108333325,15.517319537485172,200.0,200.0,U
1851,-61.53839987196419,15.514071030789816,200.0,200.0,U
1852,-61.53807395109097,15.51522312902538,200.0,200.0,U
1853,-61.536707042142766,15.514426557487987,200.0,200.0,U
1854,-61.53763361070555,15.516482217080785,200.0,200.0,U
1855,-61.53695277006749,15.513145089743185,200.0,200.0,U
1856,-61.53823044706324,15.515037333578368,200.0,200.0,U
1857,-61.53853163389425,15.515052543544964,200.0,200.0,U
1858,-61.53767368079842,15.516167979268278,200.0,200.0,U
1859,-61.53990649145866,15.515359001940336,200.0,200.0,U
1860,-61.53300321817634,15.517637090933407,200.0,200.0,U
1861,-61.538114481845255,15.515153071277597,200.0,200.0,U
1862,-61.53857336424259,15.51543316186721,200.0,200.0,U
1863,-61.53726866343702,15.514661750795202,200.0,200.0,U
1864,-61.538918323236516,15.513599593422533,200.0,200.0,U
1865,-61.53946716692029,15.51296027553965,200.0,200.0,U
1866,-61.536943844507235,15.518591909179497,200.0,200.0,U
1867,-61.537388128920774,15.51556490359753,200.0,200.0,U
1868,-61.53866848772253,15.51547962852386,200.0,200.0,U
1869,-61.538742854326195,15.514974632348297,200.0,200.0,U
1870,-61.538821489585814,15.514276600301146,200.0,200.0,U
1871,-61.53870739103338,15.514840486224902,200.0,200.0,U
1872,-61.53845544168985,15.515649074500017,200.0,200.0,U
1873,-61.53515660396678,15.514974029769563,200.0,200.0,U
1874,-61.5380253868652,15.515715723192136,200.0,200.0,U
1875,-61.53871777989175,15.514576587316776,200.0,200.0,U
1876,-61.53751104280947,15.515245870797694,200.0,200.0,U
1877,-61.53790458605587,15.515527853874548,200.0,200.0,U
1878,-61.53666116292267,15.515134224999738,200.0,200.0,U
1879,-61.53859492777831,15.516258297217604,200.0,200.0,U
1880,-61.53661919480552,15.512351333232939,200.0,200.0,U
1881,-61.53905549212554,15.514744132223697,200.0,200.0,U
1882,-61.53889706143292,15.516201911514239,200.0,200.0,U
1883,-61.53834211390946,15.515313957333577,200.0,200.0,U
1884,-61.53832760923577,15.515296687351645,200.0,200.0,U
1885,-61.53711807225444,15.516330442791332,200.0,200.0,U
1886,-61.53824760223556,15.512601602250845,200.0,200.0,U
1887,-61.538743742926854,15.515641568991676,200.0,200.0,U
1888,-61.54000538496334,15.515269640501883,200.0,200.0,U
1889,-61.538798108239746,15.515281439642576,200.0,200.0,U
1890,-61.536580237031,15.517886884146742,200.0,200.0,U
1891,-61.53866723920385,15.515264142438422,200.0,200.0,U
1892,-61.53902332577054,15.515114448096693,200.0,200.0,U
1893,-61.53828124571222,15.51537441226522,200.0,200.0,U
1894,-61.53935273885146,15.515687068311692,200.0,200.0,U
1895,-61.54027905651001,15.517177258779368,200.0,200.0,U
1896,-61.54030620028301,15.5156523200233,200.0,200.0,U
1897,-61.53566136169266,15.514046378898636,200.0,200.0,U
1898,-61.53800156994267,15.514666978448783,200.0,200.0,U
1899,-61.5377720420186,15.516307867516668,200.0,200.0,U
1900,-61.5402679443533,15.513919946721403,200.0,200.0,U
1901,-61.53830332297439,15.515063028914648,200.0,200.0,U
1902,-61.53787045834919,15.516560889245387,200.0,200.0,U
1903,-61.53818908569686,15.51627409248875,200.0,200.0,U
1904,-61.536159052720116,15.515809380437812,200.0,200.0,U
1905,-61.5388200652518,15.514608094703364,200.0,200.0,U
1906,-61.53856669221458,15.515664514490593,200.0,200.0,U
1907,-61.53992792689686,15.516380472666379,200.0,200.0,U
1908,-61.538494865406,15.516312629159092,200.0,200.0,U
1909,-61.53847726445458,15.515238833961877,200.0,200.0,U
1910,-61.53992517041276,15.5144701490495,200.0,200.0,U
1911,-61.537752394094205,15.516087502284153,200.0,200.0,U
1912,-61.538612838904335,15.514379642922691,200.0,200.0,U
1913,-61.538956189575764,15.513174495090992,200.0,200.0,U
1914,-61.538735459237245,15.515934554263021,200.0,200.0,U
1915,-61.538465969356146,15.515332890153525,200.0,200.0,U
1916,-61.53700529586795,15.51654855010885,200.0,200.0,U
1917,-61.53961462461223,15.515463186398275,200.0,200.0,U
1918,-61.53833990563866,15.520033902435454,200.0,200.0,U
1919,-61.538069560682835,15.515763644557014,200.0,200.0,U
1920,-61.5385481425442,15.515624490137125,200.0,200.0,U
1921,-61.534319775636945,15.512107636585469,200.0,200.0,U
1922,-61.53856847053358,15.514965834212825,200.0,200.0,U
1923,-61.54024414881105,15.516601556684156,200.0,200.0,U
1924,-61.5410432580934,15.518199290171397,200.0,200.0,U
1925,-61.539229630335235,15.515012558636583,200.0,200.0,U
1926,-61.53817193704298,15.515686894337218,200.0,200.0,U
1927,-61.53757504441519,15.515805516931097,200.0,200.0,U
1928,-61.53892096863207,15.515547988909097,200.0,200.0,U
1929,-61.53662435975797,15.513393309392177,200.0,200.0,U
1930,-61.53798284352562,15.51479072143302,200.0,200.0,U
1931,-61.53814820357793,15.516237605266143,200.0,200.0,U
1932,-61.53822392862924,15.515622968025617,200.0,200.0,U
1933,-61.538358013729,15.515882647292969,200.0,200.0,U
1934,-61.53995013029358,15.514832821231854,200.0,200.0,U
1935,-61.54061883383773,15.51518494374949,200.0,200.0,U
1936,-61.537216805441346,15.51535771417166,200.0,200.0,U
1937,-61.53854903323281,15.515471588301523,200.0,200.0,U
1938,-61.53819009586011,15.516276727818894,200.0,200.0,U
1939,-61.53914033664764,15.516128709023631,200.0,200.0,U
1940,-61.54095236111074,15.518282121803606,200.0,200.0,U
1941,-61.538370443010265,15.51545270728768,200.0,200.0,U
1942,-61.535368346700615,15.518339110375024,200.0,200.0,U
1943,-61.538948182521224,15.515595058073094,200.0,200.0,U
1944,-61.53569041866142,15.517019997993671,200.0,200.0,U
1945,-61.53836174894581,15.515459631166589,200.0,200.0,U
1946,-61.53826189589011,15.51590582019874,200.0,200.0,U
1947,-61.538548861134515,15.514906703125884,200.0,200.0,U
1948,-61.53837908886369,15.515773235041383,200.0,200.0,U
1949,-61.53881757927309,15.515320173584849,200.0,200.0,U
1950,-61.53489990132685,15.515943899754795,200.0,200.0,U
1951,-61.53969151489817,15.5157640181676,200.0,200.0,U
1952,-61.53691068132084,15.516479173321644,200.0,200.0,U
1953,-61.539493160501934,15.514333941206765,200.0,200.0,U
1954,-61.538259263387985,15.515636160988501,200.0,200.0,U
1955,-61.53851007578344,15.515243817966958,200.0,200.0,U
1956,-61.53786232378661,15.514698623253631,200.0,200.0,U
1957,-61.537256114821375,15.512901517045867,200.0,200.0,U
1958,-61.53875048181711,15.515108026927624,200.0,200.0,U
1959,-61.53809651058171,15.51497736973737,200.0,200.0,U
1960,-61.538679611803516,15.515478306706061,200.0,200.0,U
1961,-61.538197818438604,15.51555286005887,200.0,200.0,U
1962,-61.53966260524512,15.51659701387474,200.0,200.0,U
1963,-61.53923064743765,15.515518811592232,200.0,200.0,U
1964,-61.5373886579359,15.51564494358503,200.0,200.0,U
1965,-61.53849411680102,15.515842390501174,200.0,200.0,U
1966,-61.53847311588925,15.516112954461827,200.0,200.0,U
1967,-61.53745293986298,15.514537838409543,200.0,200.0,U
1968,-61.53702108012653,15.51621297081403,200.0,200.0,U
1969,-61.53985104912253,15.515533157560434,200.0,200.0,U
1970,-61.5391990184584,15.516989175674913,200.0,200.0,U
1971,-61.536315617814935,15.512819055871105,200.0,200.0,U
1972,-61.5392740117074,15.51238217328246,200.0,200.0,U
1973,-61.538777805502356,15.515651105711317,200.0,200.0,U
1974,-61.53906905457123,15.516511854687193,200.0,200.0,U
1975,-61.538883399637136,15.51539627151506,200.0,200.0,U
1976,-61.53703471798686,15.516368242852216,200.0,200.0,U
1977,-61.53911617802162,15.516156428928449,200.0,200.0,U
1978,-61.53764269840145,15.51790955287529,200.0,200.0,U
1979,-61.53893630089516,15.514019475285709,200.0,200.0,U
1980,-61.53914684038188,15.514800019776581,200.0,200.0,U
1981,-61.54031087030649,15.51723238924473,200.0,200.0,U
1982,-61.538485168410425,15.514510408937923,200.0,200.0,U
1983,-61.539110847598344,15.516144875332886,200.0,200.0,U
1984,-61.53783334089226,15.515518328480825,200.0,200.0,U
1985,-61.538126650978356,15.515235034502904,200.0,200.0,U
1986,-61.53869080990955,15.51591386199775,200.0,200.0,U
1987,-61.53772216180465,15.514979854636236,200.0,200.0,U
1988,-61.539865575102716,15.517307190112554,200.0,200.0,U
1989,-61.53848991793131,15.515923208305168,200.0,200.0,U
1990,-61.537990907836765,15.513196873462663,200.0,200.0,U
1991,-61.540713480201575,15.514037173935018,200.0,200.0,U
1992,-61.53923754790715,15.516713260694635,200.0,200.0,U
1993,-61.540825325778236,15.515926532685016,200.0,200.0,U
1994,-61.53812135611923,15.515586244383758,200.0,200.0,U
1995,-61.53983969860258,15.516691837646983,200.0,200.0,U
1996,-61.53854145363074,15.516759643847413,200.0,200.0,U
1997,-61.538726613209825,15.515933270976817,200.0,200.0,U
1998,-61.53873764040735,15.515833807006198,200.0,200.0,U
1999,-61.5410941028574,15.514637234690717,200.0,200.0,U
2000,-61.53836249936248,15.515621739042329,200.0,200.0,U
2001,-61.539492358782965,15.516015362643987,200.0,200.0,U
2002,-61.539087646702264,15.5161208854948,200.0,200.0,U
2003,-61.53875950670574,15.515974355551677,200.0,200.0,U
2004,-61.539950192846696,15.517693863827779,200.0,200.0,U
2005,-61.5390742041224,15.516497052309147,200.0,200.0,U
2006,-61.53826619595529,15.51529821471995,200.0,200.0,U
2007,-61.54251405314174,15.516138026005857,200.0,200.0,U
2008,-61.54062538213511,15.516726161924613,200.0,200.0,U
2009,-61.53885413784609,15.515502727775825,200.0,200.0,U
2010,-61.53911310995834,15.516624194991676,200.0,200.0,U
2011,-61.5394840540295,15.516697988431694,200.0,200.0,U
2012,-61.538359964624334,15.516336560160102,200.0,200.0,U
2013,-61.540588251210195,15.514843675582814,200.0,200.0,U
2014,-61.53772603821325,15.516573247026539,200.0,200.0,U
2015,-61.53876705559281,15.516524911054518,200.0,200.0,U
2016,-61.53899732243105,15.51574223454439,200.0,200.0,U
2017,-61.5387487956112,15.515848648187104,200.0,200.0,U
2018,-61.53885159519738,15.516063108403243,200.0,200.0,U
2019,-61.53825666497603,15.51841286456444,200.0,200.0,U
2020,-61.538680887966734,15.515976871951722,200.0,200.0,U
2021,-61.53664896696337,15.513672604251946,200.0,200.0,U
2022,-61.53931841785247,15.518017192735725,200.0,200.0,U
2023,-61.5388363146742,15.516111291704696,200.0,200.0,U
2024,-61.53686067661251,15.515707257006545,200.0,200.0,U
2025,-61.53940320386482,15.516776616277394,200.0,200.0,U
2026,-61.538857802425845,15.513780605242307,200.0,200.0,U
2027,-61.5389617501644,15.516114781251352,200.0,200.0,U
2028,-61.538920855567724,15.51609927173591,200.0,200.0,U
2029,-61.53826952559353,15.517542997198777,200.0,200.0,U
2030,-61.53845387279953,15.51715835846942,200.0,200.0,U
2031,-61.54023027908791,15.517497699520828,200.0,200.0,U
2032,-61.53920227870846,15.517106958633924,200.0,200.0,U
2033,-61.53772422448426,15.51599590696223,200.0,200.0,U
2034,-61.53855512446282,15.51590289449699,200.0,200.0,U
2035,-61.53912861579461,15.515692896868195,200.0,200.0,U
2036,-61.53824481687441,15.516051241321426,200.0,200.0,U
2037,-61.54066551145444,15.515908425052627,200.0,200.0,U
2038,-61.538630519505524,15.516285311444411,200.0,200.0,U
2039,-61.535915042657415,15.515736157677807,200.0,200.0,U
2040,-61.5392378267723,15.516947009303,200.0,200.0,U
2041,-61.53890357182005,15.516183905226868,200.0,200.0,U
2042,-61.53877438922512,15.521066560737626,200.0,200.0,U
2043,-61.53950104936097,15.515799530543813,200.0,200.0,U
2044,-61.53901129128766,15.51608424650246,200.0,200.0,U
2045,-61.539180847131774,15.515556920212875,200.0,200.0,U
2046,-61.53879112919768,15.513562782115097,200.0,200.0,U
2047,-61.539798670336786,15.513538548700856,200.0,200.0,U
2048,-61.54289454210845,15.514918786836827,200.0,200.0,U
2049,-61.53937281060516,15.51545967817056,200.0,200.0,U
2050,-61.53939377783056,15.51711052472327,200.0,200.0,U
2051,-61.53978064034749,15.520516376091212,200.0,200.0,U
2052,-61.53918956281314,15.516036159755691,200.0,200.0,U
2053,-61.5398472673784,15.515054061511695,200.0,200.0,U
2054,-61.538790000137475,15.516379518680624,200.0,200.0,U
2055,-61.53903804446076,15.515220525742537,200.0,200.0,U
2056,-61.53638971774742,15.51786192692742,200.0,200.0,U
2057,-61.538267155031185,15.516051532129463,200.0,200.0,U
2058,-61.538776108530946,15.517544582996877,200.0,200.0,U
2059,-61.53700601786801,15.516363320910305,200.0,200.0,U
2060,-61.53785022275214,15.515420893688267,200.0,200.0,U
2061,-61.539895750700055,15.516145155280121,200.0,200.0,U
2062,-61.539148203848555,15.517128380904978,200.0,200.0,U
2063,-61.538952361198504,15.51688974072783,200.0,200.0,U
2064,-61.53904611985417,15.516639659255429,200.0,200.0,U
2065,-61.53831927938769,15.516244077210544,200.0,200.0,U
2066,-61.539587356888106,15.515855593876305,200.0,200.0,U
2067,-61.53925617183557,15.516650914109121,200.0,200.0,U
2068,-61.5399534471269,15.518054708818642,200.0,200.0,U
2069,-61.53800381927382,15.516245242835195,200.0,200.0,U
2070,-61.53902625061171,15.516225608648215,200.0,200.0,U
2071,-61.541784918192015,15.51517446418486,200.0,200.0,U
2072,-61.5388675961599,15.516160194054478,200.0,200.0,U
2073,-61.53888377688087,15.517898479614875,200.0,200.0,U
2074,-61.53906691401485,15.516370622844631,200.0,200.0,U
2075,-61.53942158749833,15.516958770184829,200.0,200.0,U
2076,-61.539921803881285,15.517089099210073,200.0,200.0,U
2077,-61.537544189126805,15.516107217475556,200.0,200.0,U
2078,-61.53801950589872,15.515353233686572,200.0,200.0,U
2079,-61.53881263040584,15.516375274689722,200.0,200.0,U
2080,-61.53753486842185,15.516961608549304,200.0,200.0,U
2081,-61.53871013125018,15.5171500819642,200.0,200.0,U
2082,-61.54012664723644,15.51580281257848,200.0,200.0,U
2083,-61.53758344855324,15.516241852455757,200.0,200.0,U
2084,-61.540620639938005,15.516916516554701,200.0,200.0,U
2085,-61.5383597830698,15.516925300419887,200.0,200.0,U
2086,-61.53869913384254,15.516816576924755,200.0,200.0,U
2087,-61.53885909660678,15.515924141052375,200.0,200.0,U
2088,-61.539055606324524,15.517345433561532,200.0,200.0,U
2089,-61.54035112612034,15.517108146128013,200.0,200.0,U
2090,-61.53744714108779,15.51528363979632,200.0,200.0,U
2091,-61.537911234648185,15.516129500154532,200.0,200.0,U
2092,-61.54052938896275,15.516376946854326,200.0,200.0,U
2093,-61.53740805256577,15.518274055187009,200.0,200.0,U
2094,-61.54109544891957,15.517440816507294,200.0,200.0,U
2095,-61.53847488240802,15.51720849660167,200.0,200.0,U
2096,-61.54008929088076,15.516546900346093,200.0,200.0,U
2097,-61.53909227447957,15.516514250992957,200.0,200.0,U
2098,-61.54017121611147,15.514504352281175,200.0,200.0,U
2099,-61.54020233714212,15.514903799702115,200.0,200.0,U
2100,-61.53777188083077,15.515624303233821,200.0,200.0,U
2101,-61.542825732458766,15.515395477000105,200.0,200.0,U
2102,-61.53890636123122,15.516013097838945,200.0,200.0,U
2103,-61.538707675764435,15.517209287544947,200.0,200.0,U
2104,-61.53994645593316,15.516717681845853,200.0,200.0,U
2105,-61.53945239886454,15.52075630012626,200.0,200.0,U
2106,-61.54262123130485,15.517417780324195,200.0,200.0,U
2107,-61.53908207098569,15.515933936689407,200.0,200.0,U
2108,-61.54096753625005,15.518240707808681,200.0,200.0,U
2109,-61.53717005979908,15.517836449700402,200.0,200.0,U
2110,-61.54082779357006,15.514219905259061,200.0,200.0,U
2111,-61.53841997646708,15.519210658211197,200.0,200.0,U
2112,-61.53887406743468,15.516771689619247,200.0,200.0,U
2113,-61.540355488797786,15.514530739080456,200.0,200.0,U
2114,-61.538349452623045,15.519099034538684,200.0,200.0,U
2115,-61.54055417825733,15.51675241023742,200.0,200.0,U
2116,-61.5404908394831,15.5129986457437,200.0,200.0,U
2117,-61.53945015712222,15.515275808032698,200.0,200.0,U
2118,-61.53938412107108,15.517127460584144,200.0,200.0,U
2119,-61.53929882617798,15.517138947184955,200.0,200.0,U
2120,-61.5375035475178,15.516082308255307,200.0,200.0,U
2121,-61.5398974209837,15.515870463467541,200.0,200.0,U
2122,-61.53906208857661,15.51752227964486,200.0,200.0,U
2123,-61.53888008363503,15.51619944310939,200.0,200.0,U
2124,-61.54038250261117,15.516358230570198,200.0,200.0,U
2125,-61.539168345373994,15.516836582288935,200.0,200.0,U
2126,-61.53892131277973,15.51557826522969,200.0,200.0,U
2127,-61.53952909593581,15.518365972561543,200.0,200.0,U
2128,-61.54209532378409,15.514195176954072,200.0,200.0,U
2129,-61.539220881820185,15.518204458919381,200.0,200.0,U
2130,-61.53847787747097,15.517455985678435,200.0,200.0,U
2131,-61.538969812790874,15.519064486448316,200.0,200.0,U
2132,-61.53936799869911,15.518211859395361,200.0,200.0,U
2133,-61.539244116546584,15.517071876978568,200.0,200.0,U
2134,-61.53971574406709,15.515789208087511,200.0,200.0,U
2135,-61.54037282724735,15.515643460315921,200.0,200.0,U
2136,-61.53915629595005,15.516742451611,200.0,200.0,U
2137,-61.539102565385484,15.517040932557713,200.0,200.0,U
2138,-61.53867404733576,15.515965778811616,200.0,200.0,U
2139,-61.536929309343506,15.518694673121509,200.0,200.0,U
2140,-61.53885993638752,15.516910399025871,200.0,200.0,U
2141,-61.537640984706506,15.517027892362268,200.0,200.0,U
2142,-61.540950280707555,15.518383954665154,200.0,200.0,U
2143,-61.53926420112686,15.517061704897644,200.0,200.0,U
2144,-61.541053898454365,15.517448773925738,200.0,200.0,U
2145,-61.539170657229285,15.51787833308242,200.0,200.0,U
2146,-61.53799675663341,15.51647631200769,200.0,200.0,U
2147,-61.540990088897495,15.516788843731025,200.0,200.0,U
2148,-61.539225666955666,15.514443493926136,200.0,200.0,U
2149,-61.53871726603359,15.515925322677443,200.0,200.0,U
2150,-61.541513727293236,15.516622654884214,200.0,200.0,U
2151,-61.53845468870558,15.516968261362036,200.0,200.0,U
2152,-61.54043016679702,15.516544964242074,200.0,200.0,U
2153,-61.53918173342522,15.516925048078788,200.0,200.0,U
2154,-61.541572878091024,15.516775601288376,200.0,200.0,U
2155,-61.538152948137174,15.516415556778691,200.0,200.0,U
2156,-61.54085860105516,15.515871400751536,200.0,200.0,U
2157,-61.53805191252593,15.514305475119567,200.0,200.0,U
2158,-61.53929463495074,15.517082082533793,200.0,200.0,U
2159,-61.537243054547936,15.517209084737068,200.0,200.0,U
2160,-61.53973174798737,15.514246898195948,200.0,200.0,U
2161,-61.53806490132286,15.515670431623679,200.0,200.0,U
2162,-61.54234226078104,15.516251572893989,200.0,200.0,U
2163,-61.54038354973628,15.513396893183517,200.0,200.0,U
2164,-61.53922425475932,15.516667606395401,200.0,200.0,U
2165,-61.539307874602954,15.516880743404545,200.0,200.0,U
2166,-61.54012292219631,15.513707745567757,200.0,200.0,U
2167,-61.53936160549635,15.517090309684972,200.0,200.0,U
2168,-61.54081777573995,15.515354353640486,200.0,200.0,U
2169,-61.53781952705107,15.513517722276271,200.0,200.0,U
2170,-61.539192007616315,15.517225373021992,200.0,200.0,U
2171,-61.54110488482177,15.516944831846926,200.0,200.0,U
2172,-61.53897283997421,15.51708065580966,200.0,200.0,U
2173,-61.53685507071763,15.516899988294352,200.0,200.0,U
2174,-61.539700488582675,15.517635179894654,200.0,200.0,U
2175,-61.53698692538033,15.516418349842143,200.0,200.0,U
2176,-61.54014232421251,15.519873597996437,200.0,200.0,U
2177,-61.537165432497346,15.514752190666583,200.0,200.0,U
2178,-61.53851383780665,15.51667383406071,200.0,200.0,U
2179,-61.53985761665785,15.518654169215846,200.0,200.0,U
2180,-61.53883238728485,15.513774684224833,200.0,200.0,U
2181,-61.540354089065474,15.514979775901917,200.0,200.0,U
2182,-61.53748337004203,15.517597059527382,200.0,200.0,U
2183,-61.539265478876814,15.516096552601594,200.0,200.0,U
2184,-61.53910135609753,15.515395243727918,200.0,200.0,U
2185,-61.5394547837093,15.516906262113414,200.0,200.0,U
2186,-61.53929504509382,15.517027457243705,200.0,200.0,U
2187,-61.5399611004249,15.516079444586342,200.0,200.0,U
2188,-61.539915387217754,15.51663277857791,200.0,200.0,U
2189,-61.539475192404886,15.517241447421341,200.0,200.0,U
2190,-61.540056784041035,15.516024333283584,200.0,200.0,U
2191,-61.540765775728026,15.516257896804568,200.0,200.0,U
2192,-61.540627666147934,15.517020462337987,200.0,200.0,U
2193,-61.53786501488267,15.51636735120972,200.0,200.0,U
2194,-61.53908698280932,15.517555535575049,200.0,200.0,U
2195,-61.539207171031265,15.517117178111073,200.0,200.0,U
2196,-61.53971344080733,15.518230480984004,200.0,200.0,U
2197,-61.54206069784781,15.51860413129309,200.0,200.0,U
2198,-61.539598353460484,15.51691710778729,200.0,200.0,U
2199,-61.539626248011615,15.518368993163111,200.0,200.0,U
2200,-61.54051431813048,15.517652573780452,200.0,200.0,U
2201,-61.539652939996024,15.51440311166265,200.0,200.0,U
2202,-61.542278856326654,15.51771471385221,200.0,200.0,U
2203,-61.53966417283361,15.518417598403328,200.0,200.0,U
2204,-61.540717345678445,15.517013591077227,200.0,200.0,U
2205,-61.54140432185153,15.518031093066382,200.0,200.0,U
2206,-61.54077290875666,15.517627181778803,200.0,200.0,U
2207,-61.538500022893544,15.514792038328098,200.0,200.0,U
2208,-61.539651230709985,15.520505733488202,200.0,200.0,U
2209,-61.53955608849526,15.517393031950467,200.0,200.0,U
2210,-61.538809148155444,15.518237138741076,200.0,200.0,U
2211,-61.539397725893366,15.517645206951022,200.0,200.0,U
2212,-61.54117702256026,15.516913183398817,200.0,200.0,U
2213,-61.53870562606395,15.519637374194133,200.0,200.0,U
2214,-61.53968171121698,15.518798301203233,200.0,200.0,U
2215,-61.54004471295956,15.51707226253612,200.0,200.0,U
2216,-61.53955649789289,15.517318287371577,200.0,200.0,U
2217,-61.53975596485515,15.517842424584874,200.0,200.0,U
2218,-61.54000130636884,15.517606508099387,200.0,200.0,U
2219,-61.53877822114673,15.517181817310057,200.0,200.0,U
2220,-61.53933390026706,15.517506035163382,200.0,200.0,U
2221,-61.53793079168799,15.516090423761396,200.0,200.0,U
2222,-61.53942158797695,15.518397775066608,200.0,200.0,U
2223,-61.53954805929469,15.516497455071123,200.0,200.0,U
2224,-61.53820593771797,15.517449417870768,200.0,200.0,U
2225,-61.54003753297995,15.518483582512527,200.0,200.0,U
2226,-61.54106835224167,15.516188901256141,200.0,200.0,U
2227,-61.53928977358191,15.517219051951054,200.0,200.0,U
2228,-61.539066086087246,15.519073342021997,200.0,200.0,U
2229,-61.53978171136393,15.516289566061344,200.0,200.0,U
2230,-61.538411386496534,15.518608525962504,200.0,200.0,U
2231,-61.5390698386293,15.517737586237997,200.0,200.0,U
2232,-61.53849360019971,15.518666191318323,200.0,200.0,U
2233,-61.53977700022369,15.517873761751348,200.0,200.0,U
2234,-61.53972157795906,15.515650271479002,200.0,200.0,U
2235,-61.53988690380673,15.51724708688074,200.0,200.0,U
2236,-61.53929387629234,15.517653592384374,200.0,200.0,U
2237,-61.541511761654675,15.519583119671395,200.0,200.0,U
2238,-61.5399450011127,15.517097780613732,200.0,200.0,U
2239,-61.54033689548364,15.517848691303534,200.0,200.0,U
2240,-61.53816789086004,15.517213951429701,200.0,200.0,U
2241,-61.53932275867605,15.516838803447019,200.0,200.0,U
2242,-61.539607690062454,15.51678056526613,200.0,200.0,U
2243,-61.53809189520743,15.516829129730816,200.0,200.0,U
2244,-61.53949797752939,15.518061480095447,200.0,200.0,U
2245,-61.53906851599415,15.517476729882816,200.0,200.0,U
2246,-61.54081340223685,15.51779024426668,200.0,200.0,U
2247,-61.54045832753459,15.51894068984039,200.0,200.0,U
2248,-61.54005444165948,15.51764926657562,200.0,200.0,U
2249,-61.53697624007041,15.518570383286551,200.0,200.0,U
2250,-61.53965079066266,15.517344107122232,200.0,200.0,U
2251,-61.53825801976021,15.517702081371052,200.0,200.0,U
2252,-61.543192900362726,15.514546730147869,200.0,200.0,U
2253,-61.53722242354099,15.516610535578359,200.0,200.0,U
2254,-61.53826644199146,15.513290098727639,200.0,200.0,U
2255,-61.54294663743618,15.5187129730372,200.0,200.0,U
2256,-61.53613190852268,15.516679518999045,200.0,200.0,U
2257,-61.53964724739623,15.518196466469261,200.0,200.0,U
2258,-61.53984686368128,15.514870190804668,200.0,200.0,U
2259,-61.539256107567134,15.519399046395836,200.0,200.0,U
2260,-61.53964783870858,15.51759471347284,200.0,200.0,U
2261,-61.53940578089227,15.51642554596367,200.0,200.0,U
2262,-61.53966293686804,15.51757434122645,200.0,200.0,U
2263,-61.539103346666806,15.52011612770063,200.0,200.0,U
2264,-61.53953507884521,15.517699327371389,200.0,200.0,U
2265,-61.5395066544044,15.517693621116283,200.0,200.0,U
2266,-61.54040439225084,15.519312533216716,200.0,200.0,U
2267,-61.53585135482166,15.520045579624728,200.0,200.0,U
2268,-61.53862171715103,15.518953835768317,200.0,200.0,U
2269,-61.538713315690416,15.515155638591118,200.0,200.0,U
2270,-61.53732377593342,15.516835255041892,200.0,200.0,U
2271,-61.53944666888853,15.516950572050273,200.0,200.0,U
2272,-61.540591919575384,15.518867682820778,200.0,200.0,U
2273,-61.53947921527447,15.517526924142505,200.0,200.0,U
2274,-61.538383793691246,15.518735511194933,200.0,200.0,U
2275,-61.54121824264137,15.51781356669883,200.0,200.0,U
2276,-61.53942842899437,15.519238074236606,200.0,200.0,U
2277,-61.5398053770881,15.51879036754909,200.0,200.0,U
2278,-61.53926534695375,15.517086469214544,200.0,200.0,U
2279,-61.540883430143204,15.518835310889015,200.0,200.0,U
2280,-61.54119674631141,15.517276062868644,200.0,200.0,U
2281,-61.540879184911546,15.518003989388166,200.0,200.0,U
2282,-61.54207602641485,15.518747111478463,200.0,200.0,U
2283,-61.53967396047786,15.516576723659552,200.0,200.0,U
2284,-61.54130429835548,15.515367217695621,200.0,200.0,U
2285,-61.53991555639233,15.517694571486933,200.0,200.0,U
2286,-61.54004095448816,15.5203659370084,200.0,200.0,U
2287,-61.53670916293739,15.518791130371103,200.0,200.0,U
2288,-61.54201147989293,15.517972044824026,200.0,200.0,U
2289,-61.540519517889024,15.516953273959636,200.0,200.0,U
2290,-61.53797759854099,15.518868875582951,200.0,200.0,U
2291,-61.5395480252996,15.517746717948441,200.0,200.0,U
2292,-61.53945066862474,15.5195680909503,200.0,200.0,U
2293,-61.53987149121496,15.51783695022779,200.0,200.0,U
2294,-61.540896555177106,15.51786753263658,200.0,200.0,U
2295,-61.542078810483474,15.518148178382157,200.0,200.0,U
2296,-61.54026066932417,15.51740039999626,200.0,200.0,U
2297,-61.53942461949131,15.517396649823088,200.0,200.0,U
2298,-61.54009333801191,15.518631187935151,200.0,200.0,U
2299,-61.53834465909118,15.517740936377566,200.0,200.0,U
2300,-61.539635555308664,15.518935476398138,200.0,200.0,U
2301,-61.53945222386222,15.516994059764805,200.0,200.0,U
2302,-61.54078890829725,15.517356506672366,200.0,200.0,U
2303,-61.54244056237922,15.51894899752675,200.0,200.0,U
2304,-61.539705712800426,15.517980864873335,200.0,200.0,U
2305,-61.54097060361518,15.517090194796213,200.0,200.0,U
2306,-61.53849607206037,15.518115098594011,200.0,200.0,U
2307,-61.540347150918464,15.518060532305821,200.0,200.0,U
2308,-61.54065334594764,15.519341676309427,200.0,200.0,U
2309,-61.540061229336615,15.517767257036963,200.0,200.0,U
2310,-61.5414184768457,15.517168062103329,200.0,200.0,U
2311,-61.53974027487428,15.517617847915204,200.0,200.0,U
2312,-61.54017544626968,15.518970028261464,200.0,200.0,U
2313,-61.53987669815065,15.519970242502938,200.0,200.0,U
2314,-61.54031623241587,15.517842520500663,200.0,200.0,U
2315,-61.539902964726664,15.517738151030583,200.0,200.0,U
2316,-61.53992769342282,15.517867937675877,200.0,200.0,U
2317,-61.53981931886151,15.517714883390864,200.0,200.0,U
2318,-61.54059999850985,15.516362752263761,200.0,200.0,U
2319,-61.53979436707232,15.518082979262696,200.0,200.0,U
2320,-61.54138297571268,15.518468288186112,200.0,200.0,U
2321,-61.53889254059734,15.51692640099035,200.0,200.0,U
2322,-61.53944700929107,15.518085225674161,200.0,200.0,U
2323,-61.53988166612885,15.517960109587062,200.0,200.0,U
2324,-61.53992559352105,15.517953950484765,200.0,200.0,U
2325,-61.541602879822456,15.517642213030948,200.0,200.0,U
2326,-61.54041958319819,15.519145446871917,200.0,200.0,U
2327,-61.540769639545,15.518028069670788,200.0,200.0,U
2328,-61.53946349216891,15.517912332161231,200.0,200.0,U
2329,-61.53873575573937,15.517889461412839,200.0,200.0,U
2330,-61.53867370625843,15.517849508914434,200.0,200.0,U
2331,-61.53826942618302,15.519785619521192,200.0,200.0,U
2332,-61.54209004314586,15.517082300466024,200.0,200.0,U
2333,-61.53862779370116,15.518424749312269,200.0,200.0,U
2334,-61.54025140706235,15.520343254427457,200.0,200.0,U
2335,-61.539508777372404,15.517920971636844,200.0,200.0,U
2336,-61.53910327387883,15.51504524591957,200.0,200.0,U
2337,-61.540639527429846,15.519581840860749,200.0,200.0,U
2338,-61.54051386047188,15.517559054775548,200.0,200.0,U
2339,-61.53904973404999,15.518122519896899,200.0,200.0,U
2340,-61.539982074555226,15.518171110583394,200.0,200.0,U
2341,-61.539620468585014,15.517237762210303,200.0,200.0,U
2342,-61.54002292508221,15.518154921637871,200.0,200.0,U
2343,-61.5403753455682,15.518384131616475,200.0,200.0,U
2344,-61.53963365034948,15.517226898399342,200.0,200.0,U
2345,-61.539719723340866,15.518660826167867,200.0,200.0,U
2346,-61.537979741445774,15.518819336573394,200.0,200.0,U
2347,-61.53666235306172,15.519736125726213,200.0,200.0,U
2348,-61.54034806431671,15.518187200434099,200.0,200.0,U
2349,-61.54094882906867,15.517297481118181,200.0,200.0,U
2350,-61.53915933801533,15.517722431880143,200.0,200.0,U
2351,-61.54298166070607,15.516567507285027,200.0,200.0,U
2352,-61.539034304065524,15.518297671617063,200.0,200.0,U
2353,-61.54051730879427,15.519533114154624,200.0,200.0,U
2354,-61.54116246618163,15.518350398114706,200.0,200.0,U
2355,-61.539257346879545,15.516331775002131,200.0,200.0,U
2356,-61.53939319019359,15.517571155341646,200.0,200.0,U
2357,-61.54021458319473,15.517761220551574,200.0,200.0,U
2358,-61.54160260730472,15.517171643126437,200.0,200.0,U
2359,-61.53998563823469,15.518175753516639,200.0,200.0,U
2360,-61.54143114407944,15.519077473361168,200.0,200.0,U
2361,-61.539849679472695,15.517492703747772,200.0,200.0,U
2362,-61.54148179947213,15.517955813636137,200.0,200.0,U
2363,-61.539298272375575,15.519566911725134,200.0,200.0,U
2364,-61.54005512376229,15.518393936981985,200.0,200.0,U
2365,-61.5409811309187,15.517416181405112,200.0,200.0,U
2366,-61.54270766349488,15.518860446622169,200.0,200.0,U
2367,-61.54083266250334,15.51632951903731,200.0,200.0,U
2368,-61.5395217522552,15.518709894827843,200.0,200.0,U
2369,-61.54030653382332,15.520362722398302,200.0,200.0,U
2370,-61.53945534188217,15.518604697933503,200.0,200.0,U
2371,-61.540809144728705,15.518194454801433,200.0,200.0,U
2372,-61.536623452548696,15.518109439898316,200.0,200.0,U
2373,-61.53953017152296,15.518178244040676,200.0,200.0,U
2374,-61.54129718630237,15.51720894322574,200.0,200.0,U
2375,-61.53936408779353,15.51728568310617,200.0,200.0,U
2376,-61.5406221969559,15.519078681775035,200.0,200.0,U
2377,-61.540129213195236,15.519242039308526,200.0,200.0,U
2378,-61.538968750269504,15.519278673062187,200.0,200.0,U
2379,-61.54020835249291,15.520026998481296,200.0,200.0,U
2380,-61.540143720168544,15.518151992505757,200.0,200.0,U
2381,-61.53844103047394,15.519892914902833,200.0,200.0,U
2382,-61.539589242545645,15.518039103622,200.0,200.0,U
2383,-61.53969935392562,15.519184595602917,200.0,200.0,U
2384,-61.54005326137852,15.518299727565699,200.0,200.0,U
2385,-61.5386557131516,15.519339688258862,200.0,200.0,U
2386,-61.54137446604583,15.517927128122581,200.0,200.0,U
2387,-61.540035101439166,15.518758385280007,200.0,200.0,U
2388,-61.537820676574015,15.51818257143516,200.0,200.0,U
2389,-61.5392397245367,15.516986070311459,200.0,200.0,U
2390,-61.54135435120497,15.51716509972945,200.0,200.0,U
2391,-61.541242383733255,15.518117340311582,200.0,200.0,U
2392,-61.542105329473685,15.51913158851997,200.0,200.0,U
2393,-61.54067453455062,15.51919287964658,200.0,200.0,U
2394,-61.54118471594813,15.517804689708907,200.0,200.0,U
2395,-61.53761958994399,15.516248560080664,200.0,200.0,U
2396,-61.53984767532518,15.515227902752454,200.0,200.0,U
2397,-61.54393010390672,15.520108478762394,200.0,200.0,U
2398,-61.54047738623294,15.519021199829853,200.0,200.0,U
2399,-61.54080457623561,15.51839615438458,200.0,200.0,U
2400,-61.53935116992327,15.519719726841872,200.0,200.0,U
2401,-61.53886628015656,15.520505290320603,200.0,200.0,U
2402,-61.54110902933733,15.518033288959913,200.0,200.0,U
2403,-61.5409166722416,15.5177405081891,200.0,200.0,U
2404,-61.53750437302837,15.517281871112905,200.0,200.0,U
2405,-61.54035665924847,15.518141843399432,200.0,200.0,U
2406,-61.54068429248614,15.518686402304862,200.0,200.0,U
2407,-61.53991642116962,15.52139134110836,200.0,200.0,U
2408,-61.54140448229636,15.519498544518774,200.0,200.0,U
2409,-61.542748867155446,15.518570151048527,200.0,200.0,U
2410,-61.54075674570011,15.518353436573438,200.0,200.0,U
2411,-61.54056288670179,15.520171023150755,200.0,200.0,U
2412,-61.540321117519966,15.519285387608289,200.0,200.0,U
2413,-61.540377040457024,15.518596872602279,200.0,200.0,U
2414,-61.53837363750207,15.516980163929857,200.0,200.0,U
2415,-61.54065642277741,15.51889443160049,200.0,200.0,U
2416,-61.54038291971441,15.520647659551303,200.0,200.0,U
2417,-61.53988520697053,15.517499688023088,200.0,200.0,U
2418,-61.54248000547691,15.519169781657947,200.0,200.0,U
2419,-61.540147389626284,15.519239767243066,200.0,200.0,U
2420,-61.539391517886415,15.518066307162696,200.0,200.0,U
2421,-61.540123575268844,15.518819592785993,200.0,200.0,U
2422,-61.53966979909372,15.51832179125924,200.0,200.0,U
2423,-61.540042211407766,15.518204588256935,200.0,200.0,U
2424,-61.53986545598653,15.51898667212248,200.0,200.0,U
2425,-61.5387063644092,15.519010259897428,200.0,200.0,U
2426,-61.54016914103609,15.517262656081437,200.0,200.0,U
2427,-61.54044002975749,15.518938523431988,200.0,200.0,U
2428,-61.53909542531644,15.51756687970534,200.0,200.0,U
2429,-61.539649630732775,15.517756487481726,200.0,200.0,U
2430,-61.53961614585787,15.520375695031783,200.0,200.0,U
2431,-61.5402218551489,15.51862694809042,200.0,200.0,U
2432,-61.54290921512159,15.518284484347921,200.0,200.0,U
2433,-61.54429689890805,15.520312999693218,200.0,200.0,U
2434,-61.54048303753585,15.51929518389804,200.0,200.0,U
2435,-61.54216160080544,15.52051457071284,200.0,200.0,U
2436,-61.54077798804214,15.519928998735475,200.0,200.0,U
2437,-61.540011232849565,15.518373972062905,200.0,200.0,U
2438,-61.54056783132829,15.516879499200536,200.0,200.0,U
2439,-61.54002358741089,15.518678020803318,200.0,200.0,U
2440,-61.54094391914958,15.520846978141359,200.0,200.0,U
2441,-61.54074214105143,15.5198565022215,200.0,200.0,U
2442,-61.54017117430784,15.518700422222004,200.0,200.0,U
2443,-61.54025460726899,15.516109238849515,200.0,200.0,U
2444,-61.540785985269395,15.519461619128982,200.0,200.0,U
2445,-61.540368473293995,15.518853432154208,200.0,200.0,U
2446,-61.53665031933318,15.519712765609118,200.0,200.0,U
2447,-61.53981576211829,15.520081194133597,200.0,200.0,U
2448,-61.54062558699152,15.518693248173818,200.0,200.0,U
2449,-61.53834878238579,15.517884640740014,200.0,200.0,U
2450,-61.54036185274956,15.518662719763514,200.0,200.0,U
2451,-61.540161533684255,15.518710170968228,200.0,200.0,U
2452,-61.540926891795195,15.516937704266288,200.0,200.0,U
2453,-61.54020297148894,15.518879720925938,200.0,200.0,U
2454,-61.54133949270541,15.519589515803576,200.0,200.0,U
2455,-61.53978980477399,15.519859546425144,200.0,200.0,U
2456,-61.54174176617062,15.52018670223355,200.0,200.0,U
2457,-61.542312754276196,15.519187871673466,200.0,200.0,U
2458,-61.54056380481223,15.518311784970958,200.0,200.0,U
2459,-61.540476607214664,15.51721657578155,200.0,200.0,U
2460,-61.54126164219655,15.519851886936289,200.0,200.0,U
2461,-61.54195182198359,15.520283252809351,200.0,200.0,U
2462,-61.54137443702314,15.517946509540687,200.0,200.0,U
2463,-61.54156506372384,15.519194738928993,200.0,200.0,U
2464,-61.539144670741855,15.517585357715356,200.0,200.0,U
2465,-61.54042118959363,15.518859047225188,200.0,200.0,U
2466,-61.54008672010737,15.516704094650674,200.0,200.0,U
2467,-61.540137102487286,15.51885855211984,200.0,200.0,U
2468,-61.537241118636985,15.518823509452663,200.0,200.0,U
2469,-61.54063355788053,15.519003974897485,200.0,200.0,U
2470,-61.540999085403904,15.52066717135322,200.0,200.0,U
2471,-61.54202694397643,15.518157769964587,200.0,200.0,U
2472,-61.540790003909734,15.518162990011483,200.0,200.0,U
2473,-61.541131156113956,15.518479936688298,200.0,200.0,U
2474,-61.53985201346541,15.518903441933915,200.0,200.0,U
2475,-61.53957145697109,15.520016437797707,200.0,200.0,U
2476,-61.53930722655028,15.519639120094407,200.0,200.0,U
2477,-61.540692413803,15.519529845987286,200.0,200.0,U
2478,-61.539568042228844,15.51870523685136,200.0,200.0,U
2479,-61.539652808461,15.519464411324458,200.0,200.0,U
2480,-61.54086791948793,15.518556549595846,200.0,200.0,U
2481,-61.538407118660835,15.518168974068898,200.0,200.0,U
2482,-61.540320646567416,15.517431648044402,200.0,200.0,U
2483,-61.54120980691965,15.519127606187006,200.0,200.0,U
2484,-61.54177810817109,15.52102658644339,200.0,200.0,U
2485,-61.541531441765834,15.517469684876975,200.0,200.0,U
2486,-61.539796966328616,15.518320588154571,200.0,200.0,U
2487,-61.540540153872605,15.518180922661331,200.0,200.0,U
2488,-61.540777799048776,15.518280570494246,200.0,200.0,U
2489,-61.53963746034081,15.518288366384315,200.0,200.0,U
2490,-61.54077313513164,15.519070273108497,200.0,200.0,U
2491,-61.540202960916915,15.518957609603731,200.0,200.0,U
2492,-61.542406200162226,15.521482727864424,200.0,200.0,U
2493,-61.54114306168027,15.517726136417245,200.0,200.0,U
2494,-61.54146909474906,15.519049077227796,200.0,200.0,U
2495,-61.53903728176092,15.521041698930315,200.0,200.0,U
2496,-61.542000447148205,15.520937782763763,200.0,200.0,U
2497,-61.541110664461556,15.518087155154557,200.0,200.0,U
2498,-61.540016488767606,15.519220563107966,200.0,200.0,U
2499,-61.539918214075875,15.518556741253494,200.0,200.0,U
2500,-61.54177771849821,15.519417393558397,200.0,200.0,U
2501,-61.542009652484595,15.518063104751302,200.0,200.0,U
2502,-61.54050841872872,15.519069415831629,200.0,200.0,U
2503,-61.54026729626279,15.518074100642616,200.0,200.0,U
2504,-61.53941703500338,15.518875059645532,200.0,200.0,U
2505,-61.539648189175196,15.521224711393142,200.0,200.0,U
2506,-61.53888773038288,15.516250194183364,200.0,200.0,U
2507,-61.54172360770776,15.518033217887757,200.0,200.0,U
2508,-61.54199354440106,15.516206167609312,200.0,200.0,U
2509,-61.5452369822837,15.51831201495854,200.0,200.0,U
2510,-61.54204748801895,15.51906566802458,200.0,200.0,U
2511,-61.54100077788558,15.519166570902252,200.0,200.0,U
2512,-61.54136420578983,15.518860831591047,200.0,200.0,U
2513,-61.541330024846594,15.521863433540398,200.0,200.0,U
2514,-61.540986681931585,15.518945862558741,200.0,200.0,U
2515,-61.54165789914426,15.521469263315558,200.0,200.0,U
2516,-61.539603818389665,15.51858357458849,200.0,200.0,U
2517,-61.54124467400286,15.519625529250032,200.0,200.0,U
2518,-61.53942921741534,15.51782558989064,200.0,200.0,U
2519,-61.54101999952402,15.520522421175809,200.0,200.0,U
2520,-61.539718229353305,15.519223275495914,200.0,200.0,U
2521,-61.53995773886046,15.519381275130677,200.0,200.0,U
2522,-61.54014796996495,15.515891688799485,200.0,200.0,U
2523,-61.54373768964725,15.517851404144572,200.0,200.0,U
2524,-61.539741435047254,15.520101390454078,200.0,200.0,U
2525,-61.54065741723996,15.517611818306714,200.0,200.0,U
2526,-61.538879316910524,15.521036234363324,200.0,200.0,U
2527,-61.54226785546257,15.51810405827377,200.0,200.0,U
2528,-61.54191221743152,15.520483621344937,200.0,200.0,U
2529,-61.53958257342589,15.521840251870271,200.0,200.0,U
2530,-61.54059250326707,15.519661465349023,200.0,200.0,U
2531,-61.54062702363686,15.519343773719319,200.0,200.0,U
2532,-61.53888924382512,15.519291211407118,200.0,200.0,U
2533,-61.54218236688229,15.51798185581118,200.0,200.0,U
2534,-61.540421352535205,15.518538086953168,200.0,200.0,U
2535,-61.54024396750628,15.51949747827165,200.0,200.0,U
2536,-61.53861820218541,15.52047017785259,200.0,200.0,U
2537,-61.541894409126776,15.518416201162148,200.0,200.0,U
2538,-61.54056106852597,15.519055451244038,200.0,200.0,U
2539,-61.54109219515534,15.519720405758441,200.0,200.0,U
2540,-61.54330789802214,15.51721370061549,200.0,200.0,U
2541,-61.54327442636232,15.518534754694867,200.0,200.0,U
2542,-61.54078691478108,15.51943039754993,200.0,200.0,U
2543,-61.542260697429775,15.51833188256775,200.0,200.0,U
2544,-61.54177716444589,15.521244528522434,200.0,200.0,U
2545,-61.54160700594979,15.520036018708304,200.0,200.0,U
2546,-61.54052533461113,15.521994762465043,200.0,200.0,U
2547,-61.53992093542845,15.520127618107672,200.0,200.0,U
2548,-61.54246381440612,15.51887512532408,200.0,200.0,U
2549,-61.54099583458762,15.519396821777447,200.0,200.0,U
2550,-61.541857429327756,15.518930934003533,200.0,200.0,U
2551,-61.53913775830971,15.519696306126777,200.0,200.0,U
2552,-61.5407829433312,15.518432869359666,200.0,200.0,U
2553,-61.54043627486492,15.520124242920652,200.0,200.0,U
2554,-61.54026205056282,15.519494040133171,200.0,200.0,U
2555,-61.53908801488927,15.519478570888966,200.0,200.0,U
2556,-61.54182718452852,15.519720654124466,200.0,200.0,U
2557,-61.5415620999618,15.521305863813796,200.0,200.0,U
2558,-61.54083194331886,15.519442025384063,200.0,200.0,U
2559,-61.54055517331162,15.518613744543103,200.0,200.0,U
2560,-61.54068507784023,15.520537079162207,200.0,200.0,U
2561,-61.54084351571628,15.519843904575117,200.0,200.0,U
2562,-61.540648380186404,15.519323596196909,200.0,200.0,U
2563,-61.54106670832502,15.519737923402008,200.0,200.0,U
2564,-61.54045683587949,15.519230723227853,200.0,200.0,U
2565,-61.53950497507143,15.519465890416628,200.0,200.0,U
2566,-61.54021792238372,15.519557168639684,200.0,200.0,U
2567,-61.53943358899711,15.519070007632896,200.0,200.0,U
2568,-61.5409164960653,15.519099940449449,200.0,200.0,U
2569,-61.54199454022158,15.518813343048175,200.0,200.0,U
2570,-61.540795586598925,15.52170024932282,200.0,200.0,U
2571,-61.54313415764047,15.51787510819074,200.0,200.0,U
2572,-61.541924503972474,15.52015956995866,200.0,200.0,U
2573,-61.54093050919369,15.519386895678554,200.0,200.0,U
2574,-61.54123199687915,15.520459981678728,200.0,200.0,U
2575,-61.54067172857904,15.520287698504006,200.0,200.0,U
2576,-61.54116434468392,15.51949524394541,200.0,200.0,U
2577,-61.54292460424516,15.518378829766883,200.0,200.0,U
2578,-61.5410453736005,15.521434499159287,200.0,200.0,U
2579,-61.54032207874085,15.520087975430876,200.0,200.0,U
2580,-61.53755473728407,15.520213102207848,200.0,200.0,U
2581,-61.540772576811705,15.519109647398642,200.0,200.0,U
2582,-61.541510706460585,15.521485722154049,200.0,200.0,U
2583,-61.54165281352454,15.519558694611693,200.0,200.0,U
2584,-61.540697705916216,15.519792398565071,200.0,200.0,U
2585,-61.543443889110044,15.520195955549678,200.0,200.0,U
2586,-61.54160969955285,15.517438086757979,200.0,200.0,U
2587,-61.54096637441837,15.520209308688077,200.0,200.0,U
2588,-61.54104840769,15.51977202238226,200.0,200.0,U
2589,-61.541165669246546,15.52213867954867,200.0,200.0,U
2590,-61.541717630124424,15.518273690219683,200.0,200.0,U
2591,-61.54107565169413,15.520198088821104,200.0,200.0,U
2592,-61.54079065190674,15.521828346397651,200.0,200.0,U
2593,-61.54166036754818,15.519634149972452,200.0,200.0,U
2594,-61.54040953625302,15.519649386770427,200.0,200.0,U
2595,-61.54072593067241,15.52092018510469,200.0,200.0,U
2596,-61.539997676404624,15.52275811361364,200.0,200.0,U
2597,-61.539316061717706,15.519381937813089,200.0,200.0,U
2598,-61.539398323702734,15.51959867309844,200.0,200.0,U
2599,-61.53785608613382,15.518978415690501,200.0,200.0,U
2600,-61.54012634017968,15.520981989332029,200.0,200.0,U
2601,-61.540842790306115,15.51971036367489,200.0,200.0,U
2602,-61.53981513981635,15.518229631351844,200.0,200.0,U
2603,-61.54167400635263,15.519598525965668,200.0,200.0,U
2604,-61.543608306730114,15.52106449906664,200.0,200.0,U
2605,-61.5407737573534,15.520003531254709,200.0,200.0,U
2606,-61.541812912509904,15.519470553832418,200.0,200.0,U
2607,-61.53803633553798,15.515624081827795,200.0,200.0,U
2608,-61.540655668158095,15.518852872284421,200.0,200.0,U
2609,-61.54256584808962,15.521832596328762,200.0,200.0,U
2610,-61.54160695734735,15.519427466721302,200.0,200.0,U
2611,-61.540439722928305,15.520663265686593,200.0,200.0,U
2612,-61.538921366523205,15.520898598345147,200.0,200.0,U
2613,-61.54119210395714,15.519220494221534,200.0,200.0,U
2614,-61.540793326292416,15.521380716242865,200.0,200.0,U
2615,-61.54096789914918,15.519890338469734,200.0,200.0,U
2616,-61.53779420221159,15.521365623242747,200.0,200.0,U
2617,-61.54087117368189,15.518650682096796,200.0,200.0,U
2618,-61.5438360253152,15.51872108606259,200.0,200.0,U
2619,-61.540997819144735,15.519328596197802,200.0,200.0,U
2620,-61.5402475613249,15.521446367383206,200.0,200.0,U
2621,-61.54161113898299,15.51965733530653,200.0,200.0,U
2622,-61.54210131251585,15.52045350063307,200.0,200.0,U
2623,-61.53922883960939,15.519785625011059,200.0,200.0,U
2624,-61.53959278757981,15.523259438782082,200.0,200.0,U
2625,-61.541573104469734,15.519347525664243,200.0,200.0,U
2626,-61.5409466743862,15.519798968654017,200.0,200.0,U
2627,-61.541886991146534,15.522481720406025,200.0,200.0,U
2628,-61.54095641277114,15.519831170873731,200.0,200.0,U
2629,-61.54241310286112,15.520538395925113,200.0,200.0,U
2630,-61.54340968921244,15.519278934692172,200.0,200.0,U
2631,-61.5378812577514,15.518306979913836,200.0,200.0,U
2632,-61.54065380014137,15.519556921207473,200.0,200.0,U
2633,-61.54033292840531,15.519708049411694,200.0,200.0,U
2634,-61.54099034765386,15.521635981164403,200.0,200.0,U
2635,-61.541609455692964,15.5222965725974,200.0,200.0,U
2636,-61.54142689844788,15.520337610002613,200.0,200.0,U
2637,-61.54112265946188,15.5202377688626,200.0,200.0,U
2638,-61.54109994925691,15.520310327236206,200.0,200.0,U
2639,-61.537211481581394,15.51926032105801,200.0,200.0,U
2640,-61.53994913286609,15.519911641187486,200.0,200.0,U
2641,-61.541397976143145,15.519653588715727,200.0,200.0,U
2642,-61.54076840380018,15.520431062628045,200.0,200.0,U
2643,-61.54111483856578,15.521726168599388,200.0,200.0,U
2644,-61.54567126859902,15.521696508108956,200.0,200.0,U
2645,-61.54462892572223,15.520174768978451,200.0,200.0,U
2646,-61.54137571273089,15.520426824087409,200.0,200.0,U
2647,-61.53873686575351,15.52015028597383,200.0,200.0,U
2648,-61.5406964014989,15.520989115874416,200.0,200.0,U
2649,-61.541646549473626,15.5214502454191,200.0,200.0,U
2650,-61.54066141318287,15.522306262539539,200.0,200.0,U
2651,-61.54347748197988,15.51994786690822,200.0,200.0,U
2652,-61.5408984754834,15.520214572889714,200.0,200.0,U
2653,-61.54174868016852,15.521378308712658,200.0,200.0,U
2654,-61.542777018134466,15.518550170009597,200.0,200.0,U
2655,-61.54369387396598,15.518734134740223,200.0,200.0,U
2656,-61.54110353524831,15.520218572437143,200.0,200.0,U
2657,-61.540654746771374,15.52020050196515,200.0,200.0,U
2658,-61.5406984034182,15.517711375790531,200.0,200.0,U
2659,-61.542675123622715,15.520310630828824,200.0,200.0,U
2660,-61.54011581244185,15.521706573518763,200.0,200.0,U
2661,-61.540644760077114,15.519832626303533,200.0,200.0,U
2662,-61.54112260092819,15.520339374240454,200.0,200.0,U
2663,-61.54263804965452,15.519137727554558,200.0,200.0,U
2664,-61.53983320890955,15.519296147173725,200.0,200.0,U
2665,-61.54114003338339,15.520803767900679,200.0,200.0,U
2666,-61.540921703742725,15.520704607443779,200.0,200.0,U
2667,-61.541042689979754,15.52012987949496,200.0,200.0,U
2668,-61.541956904612505,15.52001920695494,200.0,200.0,U
2669,-61.53907942447341,15.519894514096098,200.0,200.0,U
2670,-61.54300642638905,15.519465832249434,200.0,200.0,U
2671,-61.542195827580194,15.518909417676843,200.0,200.0,U
2672,-61.54193760994538,15.52127696854511,200.0,200.0,U
2673,-61.541695833056146,15.520184005333343,200.0,200.0,U
2674,-61.540903518285226,15.520026542557918,200.0,200.0,U
2675,-61.54104893991498,15.520545103972877,200.0,200.0,U
2676,-61.544575916176,15.5199546163083,200.0,200.0,U
2677,-61.54193932208088,15.519936372413705,200.0,200.0,U
2678,-61.54149921287132,15.521219616714152,200.0,200.0,U
2679,-61.541499487421845,15.521785806460198,200.0,200.0,U
2680,-61.54121492472289,15.521959201942897,200.0,200.0,U
2681,-61.54159135661458,15.52053352877685,200.0,200.0,U
2682,-61.542272950100134,15.520844148699974,200.0,200.0,U
2683,-61.54124652092225,15.521707493255068,200.0,200.0,U
2684,-61.539894253129575,15.522408571975388,200.0,200.0,U
2685,-61.540939674946834,15.519992245941166,200.0,200.0,U
2686,-61.541158883969395,15.520184526999284,200.0,200.0,U
2687,-61.542194594432345,15.520768783701435,200.0,200.0,U
2688,-61.541011650557095,15.519929990759053,200.0,200.0,U
2689,-61.54043586452776,15.520264589918414,200.0,200.0,U
2690,-61.54208647581337,15.517091986971954,200.0,200.0,U
2691,-61.541125377793534,15.52021979707218,200.0,200.0,U
2692,-61.5412495740523,15.519373185518788,200.0,200.0,U
2693,-61.54216661259685,15.520323535504136,200.0,200.0,U
2694,-61.543179578636234,15.520746932799588,200.0,200.0,U
2695,-61.536689480245556,15.520174518988968,200.0,200.0,U
2696,-61.53864537957778,15.519178145710347,200.0,200.0,U
2697,-61.540335668219754,15.518220098911318,200.0,200.0,U
2698,-61.541108896915446,15.518893931062163,200.0,200.0,U
2699,-61.53918770154065,15.52030831975995,200.0,200.0,U
2700,-61.541346395598666,15.520323746655103,200.0,200.0,U
2701,-61.54153329831461,15.519948564105,200.0,200.0,U
2702,-61.541099580909034,15.520186015672396,200.0,200.0,U
2703,-61.54131444731608,15.520310061434973,200.0,200.0,U
2704,-61.5428786063264,15.519580185590888,200.0,200.0,U
2705,-61.54101536519935,15.51978924321118,200.0,200.0,U
2706,-61.543429866332644,15.520967004267849,200.0,200.0,U
2707,-61.54175930793556,15.519810695567266,200.0,200.0,U
2708,-61.54146943091462,15.519964926407187,200.0,200.0,U
2709,-61.54217401461647,15.52020907591181,200.0,200.0,U
2710,-61.53942831669509,15.520881033321334,200.0,200.0,U
2711,-61.54120875883612,15.520478225165498,200.0,200.0,U
2712,-61.53984879387586,15.518650162371394,200.0,200.0,U
2713,-61.541350248082914,15.520734071737763,200.0,200.0,U
2714,-61.54360684701764,15.520346798164484,200.0,200.0,U
2715,-61.54126707957354,15.521876448543638,200.0,200.0,U
2716,-61.5402060730654,15.518494702009626,200.0,200.0,U
2717,-61.540970893279216,15.522470564141422,200.0,200.0,U
2718,-61.54127073698551,15.52049188747712,200.0,200.0,U
2719,-61.539410338509825,15.51994842357624,200.0,200.0,U
2720,-61.54522186890419,15.519570288120136,200.0,200.0,U
2721,-61.5407540391632,15.520250656269184,200.0,200.0,U
2722,-61.54109273126226,15.518488232127439,200.0,200.0,U
2723,-61.54384996320951,15.521042606291019,200.0,200.0,U
2724,-61.542781709071086,15.521775048493316,200.0,200.0,U
2725,-61.53981219176966,15.520308655024188,200.0,200.0,U
2726,-61.54148417130353,15.519347712864759,200.0,200.0,U
2727,-61.542031157318974,15.522173722987594,200.0,200.0,U
2728,-61.54064456442051,15.519393889084872,200.0,200.0,U
2729,-61.54139545784891,15.520932933201639,200.0,200.0,U
2730,-61.5427310786947,15.521309337065512,200.0,200.0,U
2731,-61.54164889666677,15.517123994177686,200.0,200.0,U
2732,-61.541127773983035,15.519483212968929,200.0,200.0,U
2733,-61.54130495815742,15.51830442870423,200.0,200.0,U
2734,-61.54104148196292,15.520577540786705,200.0,200.0,U
2735,-61.539318253700316,15.518662739783702,200.0,200.0,U
2736,-61.53995899934217,15.521385342994384,200.0,200.0,U
2737,-61.54327730346741,15.520545654510503,200.0,200.0,U
2738,-61.5418752473359,15.521018805245372,200.0,200.0,U
2739,-61.541298253143616,15.520720970028522,200.0,200.0,U
2740,-61.540987453009286,15.52093159203944,200.0,200.0,U
2741,-61.54060040464266,15.520352920831018,200.0,200.0,U
2742,-61.54062367644218,15.520269564698273,200.0,200.0,U
2743,-61.54047578751698,15.523178919782737,200.0,200.0,U
2744,-61.541277092745275,15.521875410294045,200.0,200.0,U
2745,-61.54132010746801,15.51995169451718,200.0,200.0,U
2746,-61.54316599804257,15.521224977963984,200.0,200.0,U
2747,-61.54219678721703,15.520247857346696,200.0,200.0,U
2748,-61.54310126640237,15.52382680351813,200.0,200.0,U
2749,-61.54505794684345,15.52116400167167,200.0,200.0,U
2750,-61.542107053750875,15.520801146361144,200.0,200.0,U
2751,-61.54147168159654,15.520511091068805,200.0,200.0,U
2752,-61.54142949308564,15.520845562936175,200.0,200.0,U
2753,-61.543089513160055,15.522583217671245,200.0,200.0,U
2754,-61.54328723381745,15.522519966096354,200.0,200.0,U
2755,-61.54075472856782,15.519486286214212,200.0,200.0,U
2756,-61.54331526221888,15.518170291961846,200.0,200.0,U
2757,-61.541281943558296,15.520282183168806,200.0,200.0,U
2758,-61.540793366076265,15.519465841064656,200.0,200.0,U
2759,-61.54396677681561,15.518879277533445,200.0,200.0,U
2760,-61.53977536016927,15.52204196135109,200.0,200.0,U
2761,-61.541482854654454,15.520993223059424,200.0,200.0,U
2762,-61.541629987569905,15.520788471377243,200.0,200.0,U
2763,-61.54316055621272,15.520495587646359,200.0,200.0,U
2764,-61.541321141184405,15.520560733864597,200.0,200.0,U
2765,-61.54240549907127,15.519983893199157,200.0,200.0,U
2766,-61.54524616785709,15.518619606518335,200.0,200.0,U
2767,-61.540763233737344,15.519188426106343,200.0,200.0,U
2768,-61.54080472116307,15.520734272170976,200.0,200.0,U
2769,-61.54422382972805,15.521927562837869,200.0,200.0,U
2770,-61.54010395452663,15.519895136329032,200.0,200.0,U
2771,-61.541487303555186,15.520879917478478,200.0,200.0,U
2772,-61.54165679033868,15.519803675511058,200.0,200.0,U
2773,-61.54073425149521,15.523065862168096,200.0,200.0,U
2774,-61.54134614075765,15.520727354531113,200.0,200.0,U
2775,-61.54094920814858,15.522455197642685,200.0,200.0,U
2776,-61.54173248038292,15.520785649492447,200.0,200.0,U
2777,-61.54137898372676,15.520878646186944,200.0,200.0,U
2778,-61.541487188899914,15.520777745203581,200.0,200.0,U
2779,-61.54202824831263,15.521247299493323,200.0,200.0,U
2780,-61.54145965096506,15.520737203989015,200.0,200.0,U
2781,-61.5453406985106,15.52009301435878,200.0,200.0,U
2782,-61.542094224863135,15.520439309709744,200.0,200.0,U
2783,-61.54140295282853,15.51761430808532,200.0,200.0,U
2784,-61.5410367665071,15.519494031409177,200.0,200.0,U
2785,-61.54144589809798,15.519342581081146,200.0,200.0,U
2786,-61.54147502669588,15.52086494907852,200.0,200.0,U
2787,-61.53963106335154,15.524217922817874,200.0,200.0,U
2788,-61.541532107494206,15.521359446699071,200.0,200.0,U
2789,-61.54168018552052,15.52083210507377,200.0,200.0,U
2790,-61.542792753850094,15.517147616646023,200.0,200.0,U
2791,-61.54101787016032,15.520511660799546,200.0,200.0,U
2792,-61.54300993871785,15.522075180588747,200.0,200.0,U
2793,-61.542200129307204,15.521565483195388,200.0,200.0,U
2794,-61.54165517463094,15.52082223799862,200.0,200.0,U
2795,-61.541161652882394,15.521114862519386,200.0,200.0,U
2796,-61.543791569403886,15.518406581149526,200.0,200.0,U
2797,-61.54244600483115,15.519884169234867,200.0,200.0,U
2798,-61.54233167641572,15.520754238183468,200.0,200.0,U
2799,-61.543224323437656,15.520042346496858,200.0,200.0,U
2800,-61.541149097834655,15.520546804594394,200.0,200.0,U
2801,-61.54149954617401,15.521346961728646,200.0,200.0,U
2802,-61.542636043234296,15.520876577699804,200.0,200.0,U
2803,-61.54151059023532,15.5207280330934,200.0,200.0,U
2804,-61.54210051733755,15.521113267064857,200.0,200.0,U
2805,-61.54103477271671,15.521234608857595,200.0,200.0,U
2806,-61.54383433228025,15.520203218087698,200.0,200.0,U
2807,-61.54127670345961,15.521016448536638,200.0,200.0,U
2808,-61.54217990044148,15.520502855954183,200.0,200.0,U
2809,-61.54187909630932,15.520351730014946,200.0,200.0,U
2810,-61.54127121788566,15.52098378357336,200.0,200.0,U
2811,-61.5414365732327,15.521363947553024,200.0,200.0,U
2812,-61.5429170756077,15.520390201961245,200.0,200.0,U
2813,-61.541580028623024,15.520772594711946,200.0,200.0,U
2814,-61.54164496009068,15.520926956503498,200.0,200.0,U
2815,-61.5411382593047,15.519938573328528,200.0,200.0,U
2816,-61.54113750975695,15.520507956572569,200.0,200.0,U
2817,-61.54051415671007,15.519684250323614,200.0,200.0,U
2818,-61.541671572182395,15.521548430393954,200.0,200.0,U
2819,-61.542735140135925,15.520379539835506,200.0,200.0,U
2820,-61.53633524943855,15.520284223494357,200.0,200.0,U
2821,-61.541246433668846,15.520727898382052,200.0,200.0,U
2822,-61.54209965136818,15.521828439791955,200.0,200.0,U
2823,-61.54259026388279,15.520566434067517,200.0,200.0,U
2824,-61.539969583915926,15.52173754531608,200.0,200.0,U
2825,-61.54237570483765,15.520795934946989,200.0,200.0,U
2826,-61.54271532583883,15.519822738401542,200.0,200.0,U
2827,-61.5414285499576,15.521601530019174,200.0,200.0,U
2828,-61.54188825437066,15.520749938462185,200.0,200.0,U
2829,-61.541432948563696,15.51913186976824,200.0,200.0,U
2830,-61.541267284713086,15.520812563789859,200.0,200.0,U
2831,-61.54126309749692,15.522728680075925,200.0,200.0,U
2832,-61.541513430136405,15.521043201283149,200.0,200.0,U
2833,-61.54159434536955,15.521076039511831,200.0,200.0,U
2834,-61.54080270218548,15.522092246918149,200.0,200.0,U
2835,-61.54056811870536,15.521323135180124,200.0,200.0,U
2836,-61.5417060738002,15.521117116757905,200.0,200.0,U
2837,-61.54191620034449,15.520973820480124,200.0,200.0,U
2838,-61.54112556410956,15.520229484024293,200.0,200.0,U
2839,-61.54402337973537,15.52063457334092,200.0,200.0,U
2840,-61.54236179061941,15.520460372880557,200.0,200.0,U
2841,-61.54143174118668,15.520488913784197,200.0,200.0,U
2842,-61.541084576269746,15.522523742467515,200.0,200.0,U
2843,-61.54034079538223,15.521480038020572,200.0,200.0,U
2844,-61.53839715545542,15.521676143568852,200.0,200.0,U
2845,-61.54160760630978,15.521346368449363,200.0,200.0,U
2846,-61.54303757492201,15.516951335093003,200.0,200.0,U
2847,-61.54249742153088,15.521208903933376,200.0,200.0,U
2848,-61.5413780604387,15.521275089438552,200.0,200.0,U
2849,-61.54283798058281,15.519825162473277,200.0,200.0,U
2850,-61.54091504549524,15.520379358896225,200.0,200.0,U
2851,-61.540704366181,15.518771477036237,200.0,200.0,U
2852,-61.543603192800475,15.51937880946679,200.0,200.0,U
2853,-61.54131999035245,15.520787418784012,200.0,200.0,U
2854,-61.54240904409004,15.519381394879321,200.0,200.0,U
2855,-61.53739595978046,15.521173107579463,200.0,200.0,U
2856,-61.54177720106704,15.521647294194839,200.0,200.0,U
2857,-61.54173920295586,15.521302916697085,200.0,200.0,U
2858,-61.54000609982818,15.52286720213834,200.0,200.0,U
2859,-61.541164301324535,15.519767409601611,200.0,200.0,U
2860,-61.54150977536191,15.520587686932464,200.0,200.0,U
2861,-61.545174387055404,15.51907007541455,200.0,200.0,U
2862,-61.54488596845042,15.522485205863356,200.0,200.0,U
2863,-61.5427624978665,15.520630369786446,200.0,200.0,U
2864,-61.54176357973368,15.521276372903444,200.0,200.0,U
2865,-61.542582950887976,15.521575657799332,200.0,200.0,U
2866,-61.542853444986314,15.519332170377334,200.0,200.0,U
2867,-61.542392748870874,15.520783993833897,200.0,200.0,U
2868,-61.54109897800249,15.52243670907722,200.0,200.0,U
2869,-61.54185460919025,15.52140259268179,200.0,200.0,U
2870,-61.540899031406994,15.520691564810875,200.0,200.0,U
2871,-61.540296941693974,15.520176913357812,200.0,200.0,U
2872,-61.53903410312508,15.52015968667918,200.0,200.0,U
2873,-61.542106379055106,15.521063869028104,200.0,200.0,U
2874,-61.54137168857832,15.521049066035511,200.0,200.0,U
2875,-61.54167863290573,15.521788783104846,200.0,200.0,U
2876,-61.54193023870406,15.521360733489516,200.0,200.0,U
2877,-61.54080823064816,15.519136326923803,200.0,200.0,U
2878,-61.54189293707978,15.521078694393667,200.0,200.0,U
2879,-61.5412361326268,15.521713502494046,200.0,200.0,U
2880,-61.54162174797087,15.520664879633848,200.0,200.0,U
2881,-61.54187277045403,15.521562959844278,200.0,200.0,U
2882,-61.54183042681496,15.521485369876642,200.0,200.0,U
2883,-61.542264395050914,15.51927923784888,200.0,200.0,U
2884,-61.5418491261939,15.521411932151027,200.0,200.0,U
2885,-61.54026416547128,15.522817413383303,200.0,200.0,U
2886,-61.54316077708372,15.522711352907368,200.0,200.0,U
2887,-61.54305130423799,15.520209764173055,200.0,200.0,U
2888,-61.5414507518214,15.517973365049336,200.0,200.0,U
2889,-61.54167360319854,15.521494723260151,200.0,200.0,U
2890,-61.54291505295378,15.52320291433317,200.0,200.0,U
2891,-61.54248180365163,15.523014739658278,200.0,200.0,U
2892,-61.541364028313296,15.52177259964068,200.0,200.0,U
2893,-61.54125115129143,15.522408273858675,200.0,200.0,U
2894,-61.54316835875179,15.522687822604096,200.0,200.0,U
2895,-61.539243277564076,15.522998977099853,200.0,200.0,U
2896,-61.5387277697291,15.52326980738299,200.0,200.0,U
2897,-61.541904165183624,15.52148754587083,200.0,200.0,U
2898,-61.54088005305692,15.52210811034875,200.0,200.0,U
2899,-61.53893608082122,15.52005173450243,200.0,200.0,U
2900,-61.54243131156741,15.519884323730405,200.0,200.0,U
2901,-61.54100837563352,15.523122670859166,200.0,200.0,U
2902,-61.54131253069667,15.521287626608872,200.0,200.0,U
2903,-61.54254415872196,15.522832645595482,200.0,200.0,U
2904,-61.540890850004466,15.522831002220215,200.0,200.0,U
2905,-61.54119197223608,15.521490557413342,200.0,200.0,U
2906,-61.54309187768605,15.520484122862229,200.0,200.0,U
2907,-61.542198662870526,15.521009271900633,200.0,200.0,U
2908,-61.54223857920763,15.521293436939338,200.0,200.0,U
2909,-61.54235769036514,15.519699130584337,200.0,200.0,U
2910,-61.54020986725403,15.522157136282448,200.0,200.0,U
2911,-61.54208306619737,15.521618295002797,200.0,200.0,U
2912,-61.5403914775761,15.521691950140509,200.0,200.0,U
2913,-61.54205863792167,15.52113332640015,200.0,200.0,U
2914,-61.542798015992176,15.52214991635772,200.0,200.0,U
2915,-61.5421177524167,15.519955832945694,200.0,200.0,U
2916,-61.54193702865445,15.521737128425658,200.0,200.0,U
2917,-61.54429360130564,15.519107847770044,200.0,200.0,U
2918,-61.5410188260157,15.522205847389083,200.0,200.0,U
2919,-61.54178559300395,15.522010076371544,200.0,200.0,U
2920,-61.53995864295445,15.5210740590645,200.0,200.0,U
2921,-61.5420204523571,15.521832757414616,200.0,200.0,U
2922,-61.540264639382286,15.522817325924073,200.0,200.0,U
2923,-61.54239870229418,15.52184337963313,200.0,200.0,U
2924,-61.54340403385091,15.521666294824877,200.0,200.0,U
2925,-61.5396125786388,15.520921368998293,200.0,200.0,U
2926,-61.54292323912118,15.520532200588416,200.0,200.0,U
2927,-61.541397581929736,15.523042392563855,200.0,200.0,U
2928,-61.54127812180986,15.522072766067616,200.0,200.0,U
2929,-61.541850842069394,15.522266097607519,200.0,200.0,U
2930,-61.54544327360568,15.520600027436966,200.0,200.0,U
2931,-61.54516111694762,15.525435533425215,200.0,200.0,U
2932,-61.54183942515272,15.521441878615775,200.0,200.0,U
2933,-61.5404445439339,15.523206429338803,200.0,200.0,U
2934,-61.543350562441226,15.521174780583012,200.0,200.0,U
2935,-61.5416189976544,15.522190488516609,200.0,200.0,U
2936,-61.53916409010786,15.518545222463114,200.0,200.0,U
2937,-61.53928765555153,15.521394869170143,200.0,200.0,U
2938,-61.54206353447852,15.521457151984315,200.0,200.0,U
2939,-61.539248328135386,15.522252539025825,200.0,200.0,U
2940,-61.54183999068328,15.52158609645988,200.0,200.0,U
2941,-61.54230024494208,15.521496578555057,200.0,200.0,U
2942,-61.5417830545877,15.522279001371757,200.0,200.0,U
2943,-61.54228420777535,15.523274972307044,200.0,200.0,U
2944,-61.541830236096295,15.521909946171835,200.0,200.0,U
2945,-61.542550959685784,15.519127164242986,200.0,200.0,U
2946,-61.5415926693687,15.521760073447743,200.0,200.0,U
2947,-61.543040995959544,15.522330549762051,200.0,200.0,U
2948,-61.5408833381316,15.521288122629748,200.0,200.0,U
2949,-61.53999526627761,15.522519794687678,200.0,200.0,U
2950,-61.54056487014434,15.52463791368985,200.0,200.0,U
2951,-61.5458610999277,15.523007969533733,200.0,200.0,U
2952,-61.54268844831724,15.521229969870332,200.0,200.0,U
2953,-61.54257847226791,15.522290885817837,200.0,200.0,U
2954,-61.540386409908784,15.523628081999998,200.0,200.0,U
2955,-61.544644645112385,15.521308032040274,200.0,200.0,U
2956,-61.54229574428518,15.522066241907671,200.0,200.0,U
2957,-61.544945748372854,15.521709342196237,200.0,200.0,U
2958,-61.54161171144203,15.521646938600941,200.0,200.0,U
2959,-61.54391066329146,15.521267869007382,200.0,200.0,U
2960,-61.54225692118596,15.521910574671983,200.0,200.0,U
2961,-61.542938771169204,15.521876882556034,200.0,200.0,U
2962,-61.54370728168385,15.524512374007816,200.0,200.0,U
2963,-61.542179955790544,15.521907869351555,200.0,200.0,U
2964,-61.54056883792239,15.526425053819768,200.0,200.0,U
2965,-61.539262461593644,15.52291159084426,200.0,200.0,U
2966,-61.54251772639782,15.522639537795753,200.0,200.0,U
2967,-61.541349929868076,15.522398850635541,200.0,200.0,U
2968,-61.542148005487704,15.52206844559292,200.0,200.0,U
2969,-61.54098069749745,15.520945976736503,200.0,200.0,U
2970,-61.54180970357509,15.521555018063632,200.0,200.0,U
2971,-61.54410514679827,15.520585668347183,200.0,200.0,U
2972,-61.54406033403476,15.519456226756132,200.0,200.0,U
2973,-61.54255280446947,15.521937752361682,200.0,200.0,U
2974,-61.54162695408307,15.522512936414175,200.0,200.0,U
2975,-61.541959366781164,15.521722041852424,200.0,200.0,U
2976,-61.541759085705216,15.522596097653082,200.0,200.0,U
2977,-61.54207716775313,15.522548518495414,200.0,200.0,U
2978,-61.542663878052615,15.520226665117008,200.0,200.0,U
2979,-61.54098923734255,15.522725894844786,200.0,200.0,U
2980,-61.540313749163964,15.522498274481556,200.0,200.0,U
2981,-61.54226330342307,15.522504599914438,200.0,200.0,U
2982,-61.54154326326175,15.522551569363529,200.0,200.0,U
2983,-61.54175242009213,15.522087953255166,200.0,200.0,U
2984,-61.54259697957574,15.520849718714706,200.0,200.0,U
2985,-61.541706468123,15.522058492172489,200.0,200.0,U
2986,-61.542647120135086,15.519841101978782,200.0,200.0,U
2987,-61.54040416340254,15.52349525090494,200.0,200.0,U
2988,-61.54048238981232,15.523452462272326,200.0,200.0,U
2989,-61.54132048122277,15.520912817887297,200.0,200.0,U
2990,-61.541951043406044,15.522081591744957,200.0,200.0,U
2991,-61.540757296196254,15.520968009638302,200.0,200.0,U
2992,-61.53966882020384,15.522806211566547,200.0,200.0,U
2993,-61.540676982748884,15.521063951352504,200.0,200.0,U
2994,-61.54236188280874,15.522170263139449,200.0,200.0,U
2995,-61.54406313748342,15.52012450680557,200.0,200.0,U
2996,-61.542758514916684,15.520720378288798,200.0,200.0,U
2997,-61.542245481028985,15.52265777416534,200.0,200.0,U
2998,-61.5429258237385,15.521544216182924,200.0,200.0,U
2999,-61.540287379069056,15.521987068527165,200.0,200.0,U
3000,-61.54020333544686,15.522483670220167,200.0,200.0,U
3001,-61.54146813460741,15.520558247742313,200.0,200.0,U
3002,-61.54195033589921,15.521419209483627,200.0,200.0,U
3003,-61.54213472448602,15.52085596951137,200.0,200.0,U
3004,-61.54343323861273,15.522633313715305,200.0,200.0,U
3005,-61.54216181983135,15.521882990216373,200.0,200.0,U
3006,-61.53903900418779,15.52360244907425,200.0,200.0,U
3007,-61.541236191624215,15.52139727248148,200.0,200.0,U
3008,-61.540565587247514,15.521827124473024,200.0,200.0,U
3009,-61.54243220114716,15.521695994040897,200.0,200.0,U
3010,-61.5405967571252,15.519118840126993,200.0,200.0,U
3011,-61.54210993749438,15.522153546047921,200.0,200.0,U
3012,-61.5420467652316,15.524018780580306,200.0,200.0,U
3013,-61.54236635367862,15.522772747147048,200.0,200.0,U
3014,-61.542324701683405,15.52337937570743,200.0,200.0,U
3015,-61.542883443224305,15.52472532746122,200.0,200.0,U
3016,-61.53997947927403,15.519173524097233,200.0,200.0,U
3017,-61.540395633155185,15.52264708246166,200.0,200.0,U
3018,-61.541083842695116,15.522826863212272,200.0,200.0,U
3019,-61.54151397276595,15.520385110678392,200.0,200.0,U
3020,-61.544773288406795,15.522386946179376,200.0,200.0,U
3021,-61.54158771397084,15.521768455303118,200.0,200.0,U
3022,-61.54418823478565,15.524627074354447,200.0,200.0,U
3023,-61.54231261792606,15.522400844561416,200.0,200.0,U
3024,-61.54283255530133,15.521300619640131,200.0,200.0,U
3025,-61.54228947101956,15.5224277707045,200.0,200.0,U
3026,-61.54168162695629,15.524885839176186,200.0,200.0,U
3027,-61.542487399431266,15.522281663908315,200.0,200.0,U
3028,-61.54231944402514,15.521601926547376,200.0,200.0,U
3029,-61.54277790128828,15.528691483002376,200.0,200.0,U
3030,-61.541857610401756,15.523229251851497,200.0,200.0,U
3031,-61.53931064117119,15.52290171368826,200.0,200.0,U
3032,-61.54463328217331,15.523024677322763,200.0,200.0,U
3033,-61.5424572238696,15.522544519186349,200.0,200.0,U
3034,-61.541901671500426,15.52343457024026,200.0,200.0,U
3035,-61.54173592231232,15.522926007734375,200.0,200.0,U
3036,-61.54247611971648,15.52252823842185,200.0,200.0,U
3037,-61.53965379200775,15.521132227210353,200.0,200.0,U
3038,-61.54372302341472,15.522700320183915,200.0,200.0,U
3039,-61.54289096440025,15.523503884135286,200.0,200.0,U
3040,-61.54086144050579,15.52415006530616,200.0,200.0,U
3041,-61.54196002299186,15.523013826801776,200.0,200.0,U
3042,-61.544102515132714,15.523697678770741,200.0,200.0,U
3043,-61.541737574515516,15.521767354837394,200.0,200.0,U
3044,-61.54251793956784,15.522307809824197,200.0,200.0,U
3045,-61.54246989625109,15.522762779046072,200.0,200.0,U
3046,-61.541758382407856,15.522894284978616,200.0,200.0,U
3047,-61.54250477932014,15.524840083265085,200.0,200.0,U
3048,-61.543328014787186,15.52357734729128,200.0,200.0,U
3049,-61.54224071236054,15.523478048789544,200.0,200.0,U
3050,-61.54138797535906,15.521451591474523,200.0,200.0,U
3051,-61.54281535942568,15.521537099047883,200.0,200.0,U
3052,-61.539713704640405,15.520635192624747,200.0,200.0,U
3053,-61.54495608195404,15.526291724939416,200.0,200.0,U
3054,-61.54232853755071,15.52264820364917,200.0,200.0,U
3055,-61.541933006554466,15.521541555958828,200.0,200.0,U
3056,-61.54115151538904,15.524225899650384,200.0,200.0,U
3057,-61.54273838191024,15.52239120238435,200.0,200.0,U
3058,-61.542828964121156,15.524058803670764,200.0,200.0,U
3059,-61.54512082573976,15.523450299444912,200.0,200.0,U
3060,-61.54626690564568,15.525355747826701,200.0,200.0,U
3061,-61.54368596499123,15.523265834658247,200.0,200.0,U
3062,-61.54070796461965,15.523051391273118,200.0,200.0,U
3063,-61.543474068438705,15.522913106255205,200.0,200.0,U
3064,-61.54234333034176,15.521325620413528,200.0,200.0,U
3065,-61.54280473731504,15.522493938375096,200.0,200.0,U
3066,-61.54483631196805,15.522337635126824,200.0,200.0,U
3067,-61.542295062140965,15.522654004415134,200.0,200.0,U
3068,-61.542685974378145,15.523567546328142,200.0,200.0,U
3069,-61.54251151074537,15.522551802957015,200.0,200.0,U
3070,-61.5422442459617,15.522580093866743,200.0,200.0,U
3071,-61.54247236846666,15.522573656656872,200.0,200.0,U
3072,-61.54216422210332,15.52364328088549,200.0,200.0,U
3073,-61.542853364831345,15.52217551601014,200.0,200.0,U
3074,-61.54331804996345,15.521743291387185,200.0,200.0,U
3075,-61.54432392615194,15.525175849191347,200.0,200.0,U
3076,-61.54133336288818,15.52322371531319,200.0,200.0,U
3077,-61.54451569407396,15.520639979020151,200.0,200.0,U
3078,-61.53976737173965,15.520609435674691,200.0,200.0,U
3079,-61.54243919024709,15.523335156932275,200.0,200.0,U
3080,-61.54252836728352,15.522735266017527,200.0,200.0,U
3081,-61.54279811710343,15.524051810607554,200.0,200.0,U
3082,-61.54332695014172,15.522268147266091,200.0,200.0,U
3083,-61.54214257537422,15.522994919662684,200.0,200.0,U
3084,-61.54354998446884,15.52150306415791,200.0,200.0,U
3085,-61.54250200074873,15.522560191448724,200.0,200.0,U
3086,-61.54305771267705,15.522845989196933,200.0,200.0,U
3087,-61.543162260656935,15.524008794750516,200.0,200.0,U
3088,-61.539319640078176,15.522308269154868,200.0,200.0,U
3089,-61.543733082621635,15.523311419431083,200.0,200.0,U
3090,-61.54198692911454,15.52282099436669,200.0,200.0,U
3091,-61.542230118175084,15.52297920830049,200.0,200.0,U
3092,-61.54145414416004,15.522332642805058,200.0,200.0,U
3093,-61.540693252987104,15.521819938238597,200.0,200.0,U
3094,-61.5426629904942,15.522426864058836,200.0,200.0,U
3095,-61.54207425276504,15.52275217425108,200.0,200.0,U
3096,-61.5439772110857,15.521257943853342,200.0,200.0,U
3097,-61.54298883074365,15.522726848770374,200.0,200.0,U
3098,-61.54296985188858,15.522984166688625,200.0,200.0,U
3099,-61.542511608058305,15.521936213171978,200.0,200.0,U
3100,-61.54244997598999,15.52129463432203,200.0,200.0,U
3101,-61.541805186879564,15.521628108077985,200.0,200.0,U
3102,-61.54087776287291,15.522462669735074,200.0,200.0,U
3103,-61.54400099639266,15.521775420399551,200.0,200.0,U
3104,-61.544013374228484,15.52118295981414,200.0,200.0,U
3105,-61.543651446945525,15.520928212803348,200.0,200.0,U
3106,-61.53948226639185,15.522537598843288,200.0,200.0,U
3107,-61.54217071344319,15.523070308930409,200.0,200.0,U
3108,-61.54350163989134,15.521943844770908,200.0,200.0,U
3109,-61.54309531433522,15.523392210042424,200.0,200.0,U
3110,-61.543641441983596,15.522722356614342,200.0,200.0,U
3111,-61.54338925661905,15.522397004330076,200.0,200.0,U
3112,-61.542360617785405,15.521502783827279,200.0,200.0,U
3113,-61.54447090310818,15.522806702283333,200.0,200.0,U
3114,-61.544264188467736,15.524148164117307,200.0,200.0,U
3115,-61.544120910890776,15.522663673147191,200.0,200.0,U
3116,-61.54253497226348,15.521602612377336,200.0,200.0,U
3117,-61.54266276074433,15.52214380429639,200.0,200.0,U
3118,-61.541736819448616,15.521296519767445,200.0,200.0,U
3119,-61.541625377437875,15.52448987368235,200.0,200.0,U
3120,-61.5438067393058,15.521503107120198,200.0,200.0,U
3121,-61.54332357870372,15.523331780830667,200.0,200.0,U
3122,-61.54270327019427,15.522830926864332,200.0,200.0,U
3123,-61.54204465629777,15.522310261233413,200.0,200.0,U
3124,-61.54324257081278,15.521909551226809,200.0,200.0,U
3125,-61.54256446745439,15.523066119037997,200.0,200.0,U
3126,-61.544224124549686,15.52299103173243,200.0,200.0,U
3127,-61.543135523265796,15.522576026317903,200.0,200.0,U
3128,-61.543300574455145,15.523280640381328,200.0,200.0,U
3129,-61.54218197499265,15.521082477494838,200.0,200.0,U
3130,-61.54215466234133,15.522675026157724,200.0,200.0,U
3131,-61.541911582764946,15.522313318640974,200.0,200.0,U
3132,-61.543027536238206,15.52306720365847,200.0,200.0,U
3133,-61.54459788564455,15.519935981992072,200.0,200.0,U
3134,-61.54219249189238,15.523051688182187,200.0,200.0,U
3135,-61.543608918996476,15.522086991216234,200.0,200.0,U
3136,-61.54271558102348,15.522892424084922,200.0,200.0,U
3137,-61.54331701102932,15.52321023322796,200.0,200.0,U
3138,-61.54365886090949,15.520385374815609,200.0,200.0,U
3139,-61.54448458706629,15.522730478780726,200.0,200.0,U
3140,-61.5421589476012,15.52191846513309,200.0,200.0,U
3141,-61.538303418332106,15.522127774849208,200.0,200.0,U
3142,-61.53760607413388,15.52137264430313,200.0,200.0,U
3143,-61.54291719633721,15.522773374941545,200.0,200.0,U
3144,-61.54229318598195,15.521288963144388,200.0,200.0,U
3145,-61.54313636944946,15.523277298363535,200.0,200.0,U
3146,-61.541846051901004,15.524221134742751,200.0,200.0,U
3147,-61.540182362936754,15.522325263605403,200.0,200.0,U
3148,-61.54551209385956,15.521300551098621,200.0,200.0,U
3149,-61.54252777905477,15.52073645098669,200.0,200.0,U
3150,-61.543482699511564,15.522449590860145,200.0,200.0,U
3151,-61.54312252566622,15.524205751086733,200.0,200.0,U
3152,-61.5421125711682,15.52340186727396,200.0,200.0,U
3153,-61.5433163366876,15.523725349700232,200.0,200.0,U
3154,-61.54197825526402,15.522444147793216,200.0,200.0,U
3155,-61.543478011486165,15.524244504702015,200.0,200.0,U
3156,-61.5428132010235,15.523023424789317,200.0,200.0,U
3157,-61.54308936406704,15.523639024878678,200.0,200.0,U
3158,-61.54287393179942,15.523464342358869,200.0,200.0,U
3159,-61.54348345778771,15.522302035396633,200.0,200.0,U
3160,-61.5443400433965,15.52449540614152,200.0,200.0,U
3161,-61.542736829023255,15.52372999787035,200.0,200.0,U
3162,-61.543526633855144,15.52363308486599,200.0,200.0,U
3163,-61.54142532499279,15.525352767515985,200.0,200.0,U
3164,-61.54218574540513,15.522476921021156,200.0,200.0,U
3165,-61.54289060104362,15.523032061813952,200.0,200.0,U
3166,-61.543061264647605,15.523035570651176,200.0,200.0,U
3167,-61.5429856442052,15.524146560241002,200.0,200.0,U
3168,-61.54093280330382,15.520951899077994,200.0,200.0,U
3169,-61.54015807816329,15.52298109116558,200.0,200.0,U
3170,-61.5431405509137,15.522751757163602,200.0,200.0,U
3171,-61.5419416472308,15.523261556509972,200.0,200.0,U
3172,-61.54180393197803,15.523141139687937,200.0,200.0,U
3173,-61.54292935587369,15.523274138836433,200.0,200.0,U
3174,-61.54250142504698,15.52237074657189,200.0,200.0,U
3175,-61.542708660182406,15.523236507900009,200.0,200.0,U
3176,-61.54169233142158,15.521339738417302,200.0,200.0,U
3177,-61.543648475816,15.522034484890678,200.0,200.0,U
3178,-61.54346716957915,15.523316628824807,200.0,200.0,U
3179,-61.54275176078197,15.524386287803324,200.0,200.0,U
3180,-61.544092012000434,15.522982958501563,200.0,200.0,U
3181,-61.54489687523672,15.523189135233045,200.0,200.0,U
3182,-61.542176498777906,15.525049262453397,200.0,200.0,U
3183,-61.54177887348488,15.525801229895174,200.0,200.0,U
3184,-61.54302908087003,15.523068248812896,200.0,200.0,U
3185,-61.54138684367689,15.521106581739215,200.0,200.0,U
3186,-61.543089235156785,15.523445529564883,200.0,200.0,U
3187,-61.54181082222621,15.52373931801561,200.0,200.0,U
3188,-61.546524253394985,15.524690156062315,200.0,200.0,U
3189,-61.54332495364834,15.52368773176782,200.0,200.0,U
3190,-61.543734673497795,15.522228651682834,200.0,200.0,U
3191,-61.54488434630541,15.523429549975312,200.0,200.0,U
3192,-61.54062731180153,15.522908149625106,200.0,200.0,U
3193,-61.542482293230734,15.521971094545126,200.0,200.0,U
3194,-61.54115883231025,15.524156159976968,200.0,200.0,U
3195,-61.543900916620004,15.522968344603289,200.0,200.0,U
3196,-61.54170581720584,15.523310713983209,200.0,200.0,U
3197,-61.542890213195925,15.523333800793706,200.0,200.0,U
3198,-61.54312770102197,15.52289477864128,200.0,200.0,U
3199,-61.544007396639635,15.526990153042293,200.0,200.0,U
3200,-61.544094487756276,15.523532633596442,200.0,200.0,U
3201,-61.54351319466924,15.52297321502709,200.0,200.0,U
3202,-61.54104020822756,15.524307789764174,200.0,200.0,U
3203,-61.544911577438846,15.522870064153068,200.0,200.0,U
3204,-61.542712706250526,15.52335865300187,200.0,200.0,U
3205,-61.54297654530435,15.523291244451558,200.0,200.0,U
3206,-61.542975496398036,15.523332489076399,200.0,200.0,U
3207,-61.542355820700045,15.522462318227527,200.0,200.0,U
3208,-61.54245411343476,15.524635737344855,200.0,200.0,U
3209,-61.542683029760575,15.523176819124819,200.0,200.0,U
3210,-61.544433000253015,15.524576204772154,200.0,200.0,U
3211,-61.54261581667575,15.523474765961195,200.0,200.0,U
3212,-61.54344915087324,15.522098372052437,200.0,200.0,U
3213,-61.54408048117804,15.523538319951543,200.0,200.0,U
3214,-61.542305124414426,15.524919760298301,200.0,200.0,U
3215,-61.53976909690546,15.525539445873587,200.0,200.0,U
3216,-61.54206413214255,15.523997257508936,200.0,200.0,U
3217,-61.54246533027795,15.525379241036006,200.0,200.0,U
3218,-61.544224392287454,15.522870066233297,200.0,200.0,U
3219,-61.541711317458464,15.523129014592099,200.0,200.0,U
3220,-61.54239888331462,15.522142722497032,200.0,200.0,U
3221,-61.54337134768976,15.523260543086469,200.0,200.0,U
3222,-61.54257346758523,15.524394141322597,200.0,200.0,U
3223,-61.543077489791735,15.52446835293034,200.0,200.0,U
3224,-61.54289900795498,15.523452912338598,200.0,200.0,U
3225,-61.54298565567152,15.525021993738353,200.0,200.0,U
3226,-61.5437604937824,15.523445237444282,200.0,200.0,U
3227,-61.542778580534986,15.521689733915096,200.0,200.0,U
3228,-61.54245033928169,15.525099364103209,200.0,200.0,U
3229,-61.54269620587564,15.524278093746737,200.0,200.0,U
3230,-61.542903666454954,15.521511628122754,200.0,200.0,U
3231,-61.53843519913779,15.523382543100556,200.0,200.0,U
3232,-61.543255905910236,15.523738359381676,200.0,200.0,U
3233,-61.54538479402826,15.523614053975592,200.0,200.0,U
3234,-61.546502234046905,15.521777998661817,200.0,200.0,U
3235,-61.542930758113364,15.524009226442288,200.0,200.0,U
3236,-61.54491235871588,15.522060774703007,200.0,200.0,U
3237,-61.544021966836254,15.523342825692033,200.0,200.0,U
3238,-61.54167658182154,15.522165047885613,200.0,200.0,U
3239,-61.541960428158916,15.521326177700074,200.0,200.0,U
3240,-61.54460670572025,15.526667482947671,200.0,200.0,U
3241,-61.543453685416104,15.526545616433786,200.0,200.0,U
3242,-61.54270311362415,15.525323582745315,200.0,200.0,U
3243,-61.54248685126612,15.523033571285419,200.0,200.0,U
3244,-61.54646677176723,15.523430879296136,200.0,200.0,U
3245,-61.54305042439203,15.523418358334323,200.0,200.0,U
3246,-61.54337527317499,15.522190984847542,200.0,200.0,U
3247,-61.543154018015294,15.522403875651012,200.0,200.0,U
3248,-61.54070337190351,15.525752368573714,200.0,200.0,U
3249,-61.54313618742352,15.524358631406436,200.0,200.0,U
3250,-61.543775875658525,15.524013412922253,200.0,200.0,U
3251,-61.54299638582476,15.522200019762197,200.0,200.0,U
3252,-61.54304292207905,15.523769251408138,200.0,200.0,U
3253,-61.54318943421635,15.523578048490497,200.0,200.0,U
3254,-61.54336155121993,15.523810245651534,200.0,200.0,U
3255,-61.54322610678387,15.524929027945298,200.0,200.0,U
3256,-61.54546111850809,15.523560528399745,200.0,200.0,U
3257,-61.5441352610378,15.52287280713811,200.0,200.0,U
3258,-61.54178828545638,15.525538687895647,200.0,200.0,U
3259,-61.542388311205706,15.524241515812196,200.0,200.0,U
3260,-61.5428264440273,15.523583788034067,200.0,200.0,U
3261,-61.54342693310729,15.523608413050999,200.0,200.0,U
3262,-61.54086816076968,15.5238157640565,200.0,200.0,U
3263,-61.543530351224724,15.523740026679715,200.0,200.0,U
3264,-61.54489332846346,15.521990381533428,200.0,200.0,U
3265,-61.543099577126966,15.524124650902717,200.0,200.0,U
3266,-61.54359196917109,15.524539891150047,200.0,200.0,U
3267,-61.54281010555749,15.523378331844501,200.0,200.0,U
3268,-61.54312408887344,15.523503932679361,200.0,200.0,U
3269,-61.54356887546222,15.522634549659927,200.0,200.0,U
3270,-61.54146835003986,15.523421829956117,200.0,200.0,U
3271,-61.542380497719606,15.523444802595,200.0,200.0,U
3272,-61.54378745591994,15.523912571011454,200.0,200.0,U
3273,-61.54395981941991,15.52442098001288,200.0,200.0,U
3274,-61.540244441486195,15.52468213089547,200.0,200.0,U
3275,-61.543045970719916,15.525376625237232,200.0,200.0,U
3276,-61.54227207643694,15.523940579515436,200.0,200.0,U
3277,-61.54377139598479,15.52465248482222,200.0,200.0,U
3278,-61.5434267516958,15.523831298213171,200.0,200.0,U
3279,-61.54234204183715,15.525298233215462,200.0,200.0,U
3280,-61.543314898295066,15.523136454381106,200.0,200.0,U
3281,-61.54277993412565,15.525476605553601,200.0,200.0,U
3282,-61.5403836730941,15.523990064528308,200.0,200.0,U
3283,-61.54302185859162,15.523495508339545,200.0,200.0,U
3284,-61.54434792290128,15.523996938563167,200.0,200.0,U
3285,-61.54386559849093,15.524466020008331,200.0,200.0,U
3286,-61.5427124601787,15.524332918148378,200.0,200.0,U
3287,-61.543154901606925,15.52419806417772,200.0,200.0,U
3288,-61.54322076006334,15.521769414036246,200.0,200.0,U
3289,-61.54624699717412,15.521449588406218,200.0,200.0,U
3290,-61.54289714352924,15.525537477568154,200.0,200.0,U
3291,-61.54533236458018,15.524440864785763,200.0,200.0,U
3292,-61.54353234333493,15.524266408578894,200.0,200.0,U
3293,-61.54425617940442,15.52358409042504,200.0,200.0,U
3294,-61.54325389035538,15.522757045055428,200.0,200.0,U
3295,-61.54454719693848,15.524126996856333,200.0,200.0,U
3296,-61.543713986650715,15.52278929939274,200.0,200.0,U
3297,-61.54383410696937,15.520839907321218,200.0,200.0,U
3298,-61.54368018408758,15.524230492972357,200.0,200.0,U
3299,-61.54327154182328,15.523880470577804,200.0,200.0,U
3300,-61.54334895021802,15.523903825489729,200.0,200.0,U
3301,-61.54143115329895,15.5236231317535,200.0,200.0,U
3302,-61.542211621906716,15.525550901797033,200.0,200.0,U
3303,-61.54202854496409,15.523749754154208,200.0,200.0,U
3304,-61.54371129024919,15.52552189111306,200.0,200.0,U
3305,-61.541190652521195,15.525129823475927,200.0,200.0,U
3306,-61.54401271798263,15.523150243941554,200.0,200.0,U
3307,-61.54448160822953,15.526549897041738,200.0,200.0,U
3308,-61.54472783194344,15.522541490471296,200.0,200.0,U
3309,-61.542101451664195,15.52465371119554,200.0,200.0,U
3310,-61.541883421987265,15.523603844745667,200.0,200.0,U
3311,-61.542212160513266,15.524563948082685,200.0,200.0,U
3312,-61.54436817994828,15.523595616476987,200.0,200.0,U
3313,-61.54473824345405,15.525166597078043,200.0,200.0,U
3314,-61.54364986244951,15.5247814757513,200.0,200.0,U
3315,-61.5405413464834,15.524839278594015,200.0,200.0,U
3316,-61.54304371500542,15.524719417743995,200.0,200.0,U
3317,-61.54386225415082,15.52367225585491,200.0,200.0,U
3318,-61.5416250482376,15.525060216984654,200.0,200.0,U
3319,-61.54360772989263,15.520212771486367,200.0,200.0,U
3320,-61.541258004938875,15.523404593193458,200.0,200.0,U
3321,-61.54259060861962,15.524959624213679,200.0,200.0,U
3322,-61.545976289797636,15.523712685748734,200.0,200.0,U
3323,-61.541518901490264,15.523246928727492,200.0,200.0,U
3324,-61.54338189388998,15.523849136311183,200.0,200.0,U
3325,-61.54546721565737,15.52408741148086,200.0,200.0,U
3326,-61.542560668627644,15.524636096210038,200.0,200.0,U
3327,-61.54421482174167,15.52209363400777,200.0,200.0,U
3328,-61.545484015153036,15.52510282384875,200.0,200.0,U
3329,-61.5436006027012,15.524337020052325,200.0,200.0,U
3330,-61.54124950499813,15.52353569976658,200.0,200.0,U
3331,-61.54548921671759,15.522777552397818,200.0,200.0,U
3332,-61.542949240966536,15.525485099571998,200.0,200.0,U
3333,-61.54368574369127,15.523095925279005,200.0,200.0,U
3334,-61.54386820770451,15.523930479028687,200.0,200.0,U
3335,-61.542634735671534,15.523464178323144,200.0,200.0,U
3336,-61.543416335889674,15.523260460906018,200.0,200.0,U
3337,-61.543237871803555,15.525774056749272,200.0,200.0,U
3338,-61.542380379534215,15.523047632117885,200.0,200.0,U
3339,-61.54421538778705,15.525493019411718,200.0,200.0,U
3340,-61.54598524836666,15.524480297701894,200.0,200.0,U
3341,-61.544081499216794,15.524133279915919,200.0,200.0,U
3342,-61.544252943820304,15.523640621503665,200.0,200.0,U
3343,-61.54296397066038,15.524568232926553,200.0,200.0,U
3344,-61.54407076705851,15.524815667037634,200.0,200.0,U
3345,-61.54460812980127,15.526319715580842,200.0,200.0,U
3346,-61.54100349170378,15.523365702702556,200.0,200.0,U
3347,-61.543489862093736,15.523451536361113,200.0,200.0,U
3348,-61.543926533911815,15.522707119283933,200.0,200.0,U
3349,-61.543527608134795,15.523758596207657,200.0,200.0,U
3350,-61.54428103282141,15.525728745959036,200.0,200.0,U
3351,-61.54454854990992,15.524316540862122,200.0,200.0,U
3352,-61.54218732689098,15.524204955861583,200.0,200.0,U
3353,-61.54424541655819,15.522230653542332,200.0,200.0,U
3354,-61.54295599664624,15.52265170183148,200.0,200.0,U
3355,-61.54352701541649,15.524223279456573,200.0,200.0,U
3356,-61.54361030509619,15.524368721354076,200.0,200.0,U
3357,-61.54194133154109,15.524480035963046,200.0,200.0,U
3358,-61.544132105447574,15.525277293550769,200.0,200.0,U
3359,-61.54348673699346,15.525035492363706,200.0,200.0,U
3360,-61.54382470194195,15.524461442747178,200.0,200.0,U
3361,-61.54112157675898,15.524261089961998,200.0,200.0,U
3362,-61.54515069428237,15.523560485324122,200.0,200.0,U
3363,-61.54248552749309,15.524902481249606,200.0,200.0,U
3364,-61.54254332409185,15.52378661755798,200.0,200.0,U
3365,-61.544103367128805,15.524529415671967,200.0,200.0,U
3366,-61.543285199786276,15.523434734486548,200.0,200.0,U
3367,-61.54527512181421,15.525559538206263,200.0,200.0,U
3368,-61.54551827003685,15.523356199026319,200.0,200.0,U
3369,-61.54351018958261,15.524865176820144,200.0,200.0,U
3370,-61.54351168788947,15.52279285509554,200.0,200.0,U
3371,-61.54391514369409,15.5220065984798,200.0,200.0,U
3372,-61.54413236630667,15.522739405773594,200.0,200.0,U
3373,-61.54528473097591,15.525910766082887,200.0,200.0,U
3374,-61.54377370340691,15.523728790209027,200.0,200.0,U
3375,-61.543617698432065,15.524437513272769,200.0,200.0,U
3376,-61.54358743790593,15.524724648102662,200.0,200.0,U
3377,-61.54167446527807,15.523600410835355,200.0,200.0,U
3378,-61.54303660879667,15.524070068319999,200.0,200.0,U
3379,-61.542917012292456,15.525374431113027,200.0,200.0,U
3380,-61.54620311311616,15.525438707072876,200.0,200.0,U
3381,-61.54449652836105,15.524358415254,200.0,200.0,U
3382,-61.54343075699911,15.524221034191372,200.0,200.0,U
3383,-61.54446577924832,15.522667582380205,200.0,200.0,U
3384,-61.545627164476315,15.52386512071416,200.0,200.0,U
3385,-61.54330459160841,15.524165046617057,200.0,200.0,U
3386,-61.543514244522015,15.525696773975147,200.0,200.0,U
3387,-61.54448482605781,15.520935407078248,200.0,200.0,U
3388,-61.54363195206903,15.524553224474834,200.0,200.0,U
3389,-61.542940671888935,15.523834149156752,200.0,200.0,U
3390,-61.544327374381176,15.523857585090884,200.0,200.0,U
3391,-61.54458832888045,15.524112440057705,200.0,200.0,U
3392,-61.54377910767244,15.524862395473413,200.0,200.0,U
3393,-61.54437678221268,15.523594257436509,200.0,200.0,U
3394,-61.545566463073904,15.523043257007801,200.0,200.0,U
3395,-61.54459493107342,15.524062019729245,200.0,200.0,U
3396,-61.543123116833655,15.525162230550855,200.0,200.0,U
3397,-61.54419529902038,15.523735355718982,200.0,200.0,U
3398,-61.542911676303895,15.522583033091093,200.0,200.0,U
3399,-61.54305472643281,15.525044622284954,200.0,200.0,U
3400,-61.54632946512817,15.526264053160652,200.0,200.0,U
3401,-61.54194473805426,15.523597796891643,200.0,200.0,U
3402,-61.544350099849524,15.52571917735527,200.0,200.0,U
3403,-61.541924563234346,15.527027995555793,200.0,200.0,U
3404,-61.543663145875776,15.524515010221174,200.0,200.0,U
3405,-61.542753069887034,15.524660793809248,200.0,200.0,U
3406,-61.54636559630116,15.526911072687621,200.0,200.0,U
3407,-61.5435567342099,15.523201887404271,200.0,200.0,U
3408,-61.54259097771336,15.525844379461727,200.0,200.0,U
3409,-61.54297064206012,15.52407845018011,200.0,200.0,U
3410,-61.54395695833806,15.524685461937425,200.0,200.0,U
3411,-61.54373838785426,15.524605990141051,200.0,200.0,U
3412,-61.54271003430516,15.526436998582422,200.0,200.0,U
3413,-61.5438677443896,15.523819039142124,200.0,200.0,U
3414,-61.543756786454594,15.524486228941518,200.0,200.0,U
3415,-61.54230555307422,15.523483382203707,200.0,200.0,U
3416,-61.545224137894444,15.523392554516112,200.0,200.0,U
3417,-61.54436599631371,15.52439609925726,200.0,200.0,U
3418,-61.54366511577433,15.52407669543321,200.0,200.0,U
3419,-61.546265819988804,15.525263550247512,200.0,200.0,U
3420,-61.54230587865645,15.525107925485184,200.0,200.0,U
3421,-61.54377518314422,15.523591940127588,200.0,200.0,U
3422,-61.544285898354524,15.52525916975851,200.0,200.0,U
3423,-61.5449253703365,15.524866801189942,200.0,200.0,U
3424,-61.54368853174526,15.524724126890707,200.0,200.0,U
3425,-61.54392738650995,15.524761919460515,200.0,200.0,U
3426,-61.54291738942654,15.524402104511811,200.0,200.0,U
3427,-61.544167913616214,15.523623439871777,200.0,200.0,U
3428,-61.54631077881335,15.524655676914287,200.0,200.0,U
3429,-61.543654168433235,15.525981792479453,200.0,200.0,U
3430,-61.54410071862997,15.524052879157717,200.0,200.0,U
3431,-61.54434742256397,15.52456955318611,200.0,200.0,U
3432,-61.546264477303545,15.522383473981728,200.0,200.0,U
3433,-61.543708392214434,15.524197575454,200.0,200.0,U
3434,-61.54303003390193,15.52672644200595,200.0,200.0,U
3435,-61.54507240320818,15.523011275168015,200.0,200.0,U
3436,-61.54314888634434,15.524712831570131,200.0,200.0,U
3437,-61.543913037062694,15.524854485631792,200.0,200.0,U
3438,-61.545287512463624,15.5221647526245,200.0,200.0,U
3439,-61.54427256570289,15.523998572454518,200.0,200.0,U
3440,-61.543931754918525,15.523921988248523,200.0,200.0,U
3441,-61.5460428379056,15.525308382133478,200.0,200.0,U
3442,-61.544553976290196,15.525000940868388,200.0,200.0,U
3443,-61.54392823722624,15.524697878128237,200.0,200.0,U
3444,-61.54415456097884,15.524421398968432,200.0,200.0,U
3445,-61.54418237186981,15.525895389550056,200.0,200.0,U
3446,-61.54428310643049,15.523116613525904,200.0,200.0,U
3447,-61.54367004160755,15.524855453743633,200.0,200.0,U
3448,-61.542135043459155,15.52464324634898,200.0,200.0,U
3449,-61.543956880795456,15.5242006507756,200.0,200.0,U
3450,-61.54424913204234,15.523862711450642,200.0,200.0,U
3451,-61.5445380724247,15.524546434938067,200.0,200.0,U
3452,-61.545280500366026,15.526093610303093,200.0,200.0,U
3453,-61.542086296688126,15.525434746265697,200.0,200.0,U
3454,-61.5441712671527,15.523175666752437,200.0,200.0,U
3455,-61.543130462143885,15.527378433311997,200.0,200.0,U
3456,-61.54213658502346,15.52313687888105,200.0,200.0,U
3457,-61.544463330135486,15.525200902381714,200.0,200.0,U
3458,-61.54443122920174,15.52543670323981,200.0,200.0,U
3459,-61.54347715402057,15.527447729046829,200.0,200.0,U
3460,-61.54261150251476,15.524595543812286,200.0,200.0,U
3461,-61.5456989968167,15.526280589212913,200.0,200.0,U
3462,-61.54523115142634,15.525751775204963,200.0,200.0,U
3463,-61.54328234344537,15.52317991259829,200.0,200.0,U
3464,-61.5430482837235,15.522603886079006,200.0,200.0,U
3465,-61.54469762088891,15.52575269297068,200.0,200.0,U
3466,-61.53921164608261,15.525510590645258,200.0,200.0,U
3467,-61.542962798906615,15.523775664096085,200.0,200.0,U
3468,-61.542880838896366,15.525230983006944,200.0,200.0,U
3469,-61.54267435425103,15.526500824979115,200.0,200.0,U
3470,-61.54409285633469,15.524627174051204,200.0,200.0,U
3471,-61.54227768747428,15.525631292785668,200.0,200.0,U
3472,-61.54183145550213,15.524693662996976,200.0,200.0,U
3473,-61.54393367276754,15.526646869598094,200.0,200.0,U
3474,-61.54571459470477,15.525896807751694,200.0,200.0,U
3475,-61.543958943324185,15.524916308359934,200.0,200.0,U
3476,-61.543740446662135,15.525112763951727,200.0,200.0,U
3477,-61.543510336250804,15.524737969848111,200.0,200.0,U
3478,-61.54383698730713,15.524877011285243,200.0,200.0,U
3479,-61.5456822378964,15.527049460268662,200.0,200.0,U
3480,-61.544315495113715,15.524228821404417,200.0,200.0,U
3481,-61.54482425401442,15.525160378391186,200.0,200.0,U
3482,-61.54409725310133,15.522560137844382,200.0,200.0,U
3483,-61.54499516414616,15.524411703296233,200.0,200.0,U
3484,-61.543932515811946,15.524837089273404,200.0,200.0,U
3485,-61.54363957727834,15.52099461479484,200.0,200.0,U
3486,-61.54321904491857,15.52605069183757,200.0,200.0,U
3487,-61.544182676053936,15.524744113134261,200.0,200.0,U
3488,-61.54336149041898,15.523680707888296,200.0,200.0,U
3489,-61.544321862531525,15.525188537384842,200.0,200.0,U
3490,-61.54403187894953,15.527905109414709,200.0,200.0,U
3491,-61.54412271737866,15.525114814772397,200.0,200.0,U
3492,-61.54540384201493,15.523515370247488,200.0,200.0,U
3493,-61.54538871855028,15.526714178678018,200.0,200.0,U
3494,-61.54311020461494,15.524756944712953,200.0,200.0,U
3495,-61.54508690927084,15.52436304465864,200.0,200.0,U
3496,-61.54373680928679,15.524838220608718,200.0,200.0,U
3497,-61.544080400326656,15.525202748756884,200.0,200.0,U
3498,-61.54417613146273,15.525176494321123,200.0,200.0,U
3499,-61.544935434732906,15.52472403837871,200.0,200.0,U
3500,-61.54403388069646,15.524992207021945,200.0,200.0,U
3501,-61.54733359708312,15.523599291078025,200.0,200.0,U
3502,-61.544268040756315,15.52561877316472,200.0,200.0,U
3503,-61.54458048437983,15.524738170186499,200.0,200.0,U
3504,-61.54263745078172,15.526055566186546,200.0,200.0,U
3505,-61.54460804896745,15.525586447582237,200.0,200.0,U
3506,-61.54316169508185,15.52549666288475,200.0,200.0,U
3507,-61.54507504315008,15.525632409061208,200.0,200.0,U
3508,-61.54412696814597,15.524913381128046,200.0,200.0,U
3509,-61.543461896347885,15.524540722233521,200.0,200.0,U
3510,-61.54093338351284,15.525588402322224,200.0,200.0,U
3511,-61.543798143650214,15.526112242836287,200.0,200.0,U
3512,-61.543290722953124,15.526067037933178,200.0,200.0,U
3513,-61.54404629174255,15.52487762962879,200.0,200.0,U
3514,-61.5432496993306,15.524747677771742,200.0,200.0,U
3515,-61.54180451722154,15.529238919142518,200.0,200.0,U
3516,-61.54752331779017,15.525890129619285,200.0,200.0,U
3517,-61.546450510865654,15.524196622553319,200.0,200.0,U
3518,-61.54523119912422,15.522729406141439,200.0,200.0,U
3519,-61.5434546654426,15.52721007881845,200.0,200.0,U
3520,-61.54454823250332,15.527359711142203,200.0,200.0,U
3521,-61.544155078158866,15.524714800208795,200.0,200.0,U
3522,-61.548083057729684,15.524504964763093,200.0,200.0,U
3523,-61.54239384516452,15.525042294773408,200.0,200.0,U
3524,-61.54372180963523,15.52404684324064,200.0,200.0,U
3525,-61.546315148024775,15.525186997122596,200.0,200.0,U
3526,-61.54415533682877,15.525199242322065,200.0,200.0,U
3527,-61.54333930992481,15.527996080417907,200.0,200.0,U
3528,-61.54356784740261,15.525282575188848,200.0,200.0,U
3529,-61.544422499007,15.523857024276806,200.0,200.0,U
3530,-61.543912790362576,15.525375222371924,200.0,200.0,U
3531,-61.54323007142193,15.525782093711788,200.0,200.0,U
3532,-61.54317455064955,15.522309519201297,200.0,200.0,U
3533,-61.54574248643527,15.524388390983862,200.0,200.0,U
3534,-61.54217310357291,15.52354261562755,200.0,200.0,U
3535,-61.54511110357996,15.525325584462067,200.0,200.0,U
3536,-61.544189295423294,15.525230306026812,200.0,200.0,U
3537,-61.53991474484901,15.522573432922496,200.0,200.0,U
3538,-61.54630959443147,15.525899322950933,200.0,200.0,U
3539,-61.54522515168901,15.52539761081616,200.0,200.0,U
3540,-61.54497607710324,15.524834464666975,200.0,200.0,U
3541,-61.54409340833243,15.522076371062093,200.0,200.0,U
3542,-61.547204705362034,15.52467464790451,200.0,200.0,U
3543,-61.54451576739062,15.525573406056747,200.0,200.0,U
3544,-61.543337206727166,15.525430447944169,200.0,200.0,U
3545,-61.54250840096789,15.525156177175646,200.0,200.0,U
3546,-61.54648886137143,15.525761299699163,200.0,200.0,U
3547,-61.54171646417951,15.524214636139288,200.0,200.0,U
3548,-61.5442160532121,15.525326839105793,200.0,200.0,U
3549,-61.54248335398328,15.523626372653297,200.0,200.0,U
3550,-61.54540945338667,15.525858750736127,200.0,200.0,U
3551,-61.54351903164738,15.524458608486068,200.0,200.0,U
3552,-61.54167643439878,15.523228378421406,200.0,200.0,U
3553,-61.54340438574162,15.524554594330706,200.0,200.0,U
3554,-61.54429986332938,15.5253836613036,200.0,200.0,U
3555,-61.54181195137825,15.52446536008404,200.0,200.0,U
3556,-61.544579042479675,15.524925260252033,200.0,200.0,U
3557,-61.54605879036093,15.524718824502454,200.0,200.0,U
3558,-61.54524498153739,15.52568567303557,200.0,200.0,U
3559,-61.54493897461691,15.524422202270122,200.0,200.0,U
3560,-61.54224894492656,15.528866119255198,200.0,200.0,U
3561,-61.542899826714255,15.525546268922126,200.0,200.0,U
3562,-61.54521294524494,15.525490371054941,200.0,200.0,U
3563,-61.54454447713196,15.52441355361061,200.0,200.0,U
3564,-61.543932247524474,15.525263866126016,200.0,200.0,U
3565,-61.54437434315433,15.52550097485065,200.0,200.0,U
3566,-61.54372629473997,15.527529929691795,200.0,200.0,U
3567,-61.54325343419123,15.525292213755597,200.0,200.0,U
3568,-61.54301247484252,15.526526746089095,200.0,200.0,U
3569,-61.54639019530252,15.525406145846043,200.0,200.0,U
3570,-61.5469383113589,15.52679092165916,200.0,200.0,U
3571,-61.542880206294505,15.528271908905024,200.0,200.0,U
3572,-61.544369889139325,15.525976445779298,200.0,200.0,U
3573,-61.54687307386445,15.525680248242573,200.0,200.0,U
3574,-61.54432051333998,15.525433264829708,200.0,200.0,U
3575,-61.546128868968,15.524970175799579,200.0,200.0,U
3576,-61.544697927522485,15.525676528921625,200.0,200.0,U
3577,-61.54546536672477,15.526538091675613,200.0,200.0,U
3578,-61.54461518120666,15.525214701738742,200.0,200.0,U
3579,-61.543575553435545,15.524452136343433,200.0,200.0,U
3580,-61.54406009941241,15.524646932259555,200.0,200.0,U
3581,-61.54428133598553,15.525538243595665,200.0,200.0,U
3582,-61.543535736373194,15.527319615956976,200.0,200.0,U
3583,-61.54430226779924,15.526010224167653,200.0,200.0,U
3584,-61.54473562513064,15.526190181728188,200.0,200.0,U
3585,-61.54240166793216,15.527848273698552,200.0,200.0,U
3586,-61.54393606462096,15.526262125719194,200.0,200.0,U
3587,-61.544544417872295,15.52557473580088,200.0,200.0,U
3588,-61.5480433243509,15.526997901768592,200.0,200.0,U
3589,-61.54377561047696,15.52536034232078,200.0,200.0,U
3590,-61.541185010893464,15.525652026108387,200.0,200.0,U
3591,-61.54204325856275,15.52851926169508,200.0,200.0,U
3592,-61.546307710096244,15.52646283038016,200.0,200.0,U
3593,-61.54289876978745,15.52655446432347,200.0,200.0,U
3594,-61.54405489211513,15.524773310089662,200.0,200.0,U
3595,-61.54352492549944,15.524495520426248,200.0,200.0,U
3596,-61.54492108569967,15.527665160832322,200.0,200.0,U
3597,-61.543671544159714,15.528572358246757,200.0,200.0,U
3598,-61.544381788225365,15.525695701114714,200.0,200.0,U
3599,-61.54318051852186,15.524331248895518,200.0,200.0,U
3600,-61.54364332335994,15.525274544965145,200.0,200.0,U
3601,-61.54470654761738,15.52557209962142,200.0,200.0,U
3602,-61.54464920610192,15.52581400117264,200.0,200.0,U
3603,-61.544384047762755,15.525282337609353,200.0,200.0,U
3604,-61.54309798145563,15.526519856468994,200.0,200.0,U
3605,-61.54431411121654,15.52591950099035,200.0,200.0,U
3606,-61.54810723168629,15.525776566868263,200.0,200.0,U
3607,-61.54561825555825,15.525689822870083,200.0,200.0,U
3608,-61.54420216803115,15.525822742344657,200.0,200.0,U
3609,-61.54552454674284,15.525356524037747,200.0,200.0,U
3610,-61.54411096287838,15.52411319748709,200.0,200.0,U
3611,-61.548181028421176,15.524043568506531,200.0,200.0,U
3612,-61.54489717143715,15.525885322744868,200.0,200.0,U
3613,-61.54452144407746,15.525247403603682,200.0,200.0,U
3614,-61.54398606896179,15.525356689885392,200.0,200.0,U
3615,-61.54488089236026,15.525461706926773,200.0,200.0,U
3616,-61.543665957689676,15.527124904185166,200.0,200.0,U
3617,-61.54420055636614,15.523583790156064,200.0,200.0,U
3618,-61.54295570743762,15.52533506788409,200.0,200.0,U
3619,-61.543369910343685,15.525635113069507,200.0,200.0,U
3620,-61.543872014372404,15.524220862783256,200.0,200.0,U
3621,-61.54531248900524,15.525020957073757,200.0,200.0,U
3622,-61.543919286594594,15.525784196383666,200.0,200.0,U
3623,-61.543983360893755,15.526669979795168,200.0,200.0,U
3624,-61.5456165437035,15.526151991327646,200.0,200.0,U
3625,-61.54435961048494,15.525750803228737,200.0,200.0,U
3626,-61.54449409987832,15.526366760174662,200.0,200.0,U
3627,-61.545521620431785,15.52905712505829,200.0,200.0,U
3628,-61.54487105019784,15.526628003779848,200.0,200.0,U
3629,-61.54451711805945,15.525778097891132,200.0,200.0,U
3630,-61.544964919317444,15.526590158878236,200.0,200.0,U
3631,-61.54403917568586,15.52493979019001,200.0,200.0,U
3632,-61.54520445808555,15.527593524806184,200.0,200.0,U
3633,-61.544408986588195,15.525770780778664,200.0,200.0,U
3634,-61.543066293931226,15.52582089536381,200.0,200.0,U
3635,-61.54443577445542,15.52582888741984,200.0,200.0,U
3636,-61.54610069975634,15.524755912299229,200.0,200.0,U
3637,-61.544405308766045,15.52509354229254,200.0,200.0,U
3638,-61.54431511685321,15.525329069893711,200.0,200.0,U
3639,-61.54518332212389,15.527533400018797,200.0,200.0,U
3640,-61.54301047743503,15.527113467451562,200.0,200.0,U
3641,-61.546050995238986,15.526083585466482,200.0,200.0,U
3642,-61.542500213098975,15.526564990454093,200.0,200.0,U
3643,-61.54419420059454,15.524747794854026,200.0,200.0,U
3644,-61.54522643220833,15.528231992070296,200.0,200.0,U
3645,-61.54439474364426,15.52489908706315,200.0,200.0,U
3646,-61.54398154531821,15.527360522278075,200.0,200.0,U
3647,-61.54448397701649,15.52574766401191,200.0,200.0,U
3648,-61.543633789771,15.526211526282035,200.0,200.0,U
3649,-61.543309865734344,15.525941686650498,200.0,200.0,U
3650,-61.54493057491041,15.525522610157536,200.0,200.0,U
3651,-61.544174714369206,15.525654255014427,200.0,200.0,U
3652,-61.54503390384469,15.525397538030825,200.0,200.0,U
3653,-61.54466183535,15.523718857697807,200.0,200.0,U
3654,-61.5442673479706,15.525761853355643,200.0,200.0,U
3655,-61.54450372883358,15.525496264753704,200.0,200.0,U
3656,-61.542696204461315,15.526679188732107,200.0,200.0,U
3657,-61.54341269867635,15.526879499962988,200.0,200.0,U
3658,-61.54022032314413,15.526949846892482,200.0,200.0,U
3659,-61.545816499928755,15.525146776336062,200.0,200.0,U
3660,-61.544493469477594,15.52516363960816,200.0,200.0,U
3661,-61.54714871253776,15.526799787137476,200.0,200.0,U
3662,-61.543079594005505,15.525648241616562,200.0,200.0,U
3663,-61.54443424530862,15.527062720873126,200.0,200.0,U
3664,-61.54519765121397,15.525386246456044,200.0,200.0,U
3665,-61.54575715879891,15.526346404247048,200.0,200.0,U
3666,-61.54645135854429,15.52549047319171,200.0,200.0,U
3667,-61.54522985088569,15.526788585525175,200.0,200.0,U
3668,-61.54367609916688,15.52453786536435,200.0,200.0,U
3669,-61.54601666598978,15.523548860624397,200.0,200.0,U
3670,-61.54399103408168,15.52548404051156,200.0,200.0,U
3671,-61.54539814806413,15.525998370318165,200.0,200.0,U
3672,-61.54577809300705,15.528728954600066,200.0,200.0,U
3673,-61.54681027290097,15.526007686861709,200.0,200.0,U
3674,-61.54486115763244,15.52637642593108,200.0,200.0,U
3675,-61.54691548109771,15.52478409056992,200.0,200.0,U
3676,-61.54401415542261,15.528674204670672,200.0,200.0,U
3677,-61.5465554306988,15.522914257282855,200.0,200.0,U
3678,-61.548104272009795,15.527194796742812,200.0,200.0,U
3679,-61.546206979569504,15.525288184448076,200.0,200.0,U
3680,-61.544740477434274,15.527684597272964,200.0,200.0,U
3681,-61.54498274660613,15.528179821966683,200.0,200.0,U
3682,-61.54481926960029,15.526875524740193,200.0,200.0,U
3683,-61.544138623665674,15.526061897499522,200.0,200.0,U
3684,-61.54752559816494,15.522536990628513,200.0,200.0,U
3685,-61.546556975148505,15.527633892127957,200.0,200.0,U
3686,-61.54413326261664,15.52621341866775,200.0,200.0,U
3687,-61.545333348625434,15.52618712549689,200.0,200.0,U
3688,-61.543234297305624,15.527413643470664,200.0,200.0,U
3689,-61.54132412989778,15.528466136100853,200.0,200.0,U
3690,-61.544940466932665,15.528380344685319,200.0,200.0,U
3691,-61.5434193672279,15.524536420161075,200.0,200.0,U
3692,-61.54496861987502,15.529679533718914,200.0,200.0,U
3693,-61.54563620686895,15.52648143504297,200.0,200.0,U
3694,-61.544472225786315,15.525550047849938,200.0,200.0,U
3695,-61.54264730555732,15.526925403751358,200.0,200.0,U
3696,-61.54513831837078,15.526241554432245,200.0,200.0,U
3697,-61.54448500752767,15.525461622114321,200.0,200.0,U
3698,-61.54281674623182,15.526585910212741,200.0,200.0,U
3699,-61.54263777074994,15.524930731345068,200.0,200.0,U
3700,-61.54405220107073,15.527353622671965,200.0,200.0,U
3701,-61.545188968496184,15.52705507783208,200.0,200.0,U
3702,-61.54360624219923,15.527455231908952,200.0,200.0,U
3703,-61.54589924451265,15.528588620387724,200.0,200.0,U
3704,-61.54472849396173,15.526024312904632,200.0,200.0,U
3705,-61.54395089055246,15.526894077741478,200.0,200.0,U
3706,-61.545904127063636,15.527299607699431,200.0,200.0,U
3707,-61.54448634601133,15.523580817387,200.0,200.0,U
3708,-61.544923550199435,15.526162719714778,200.0,200.0,U
3709,-61.54459539086166,15.52588554473463,200.0,200.0,U
3710,-61.54483052808769,15.526230604058389,200.0,200.0,U
3711,-61.54686438436832,15.525453075987468,200.0,200.0,U
3712,-61.545201769865194,15.526196908761992,200.0,200.0,U
3713,-61.54597600842572,15.525751214901407,200.0,200.0,U
3714,-61.54442093438896,15.526978711726555,200.0,200.0,U
3715,-61.54376187911216,15.526012939910967,200.0,200.0,U
3716,-61.54572017618762,15.526545298020258,200.0,200.0,U
3717,-61.54354741632639,15.529430493783146,200.0,200.0,U
3718,-61.54410947457897,15.52444986669065,200.0,200.0,U
3719,-61.548420794743755,15.52686295707715,200.0,200.0,U
3720,-61.54488100111634,15.526249825654048,200.0,200.0,U
3721,-61.5472768553676,15.52479184135409,200.0,200.0,U
3722,-61.544837523538476,15.526229689395269,200.0,200.0,U
3723,-61.54534003370194,15.52512712346978,200.0,200.0,U
3724,-61.542784531883434,15.527111573549046,200.0,200.0,U
3725,-61.54316447748318,15.522262918613883,200.0,200.0,U
3726,-61.544896062079616,15.526350227674838,200.0,200.0,U
3727,-61.54398801953625,15.525003058471368,200.0,200.0,U
3728,-61.54358489961212,15.526502507248377,200.0,200.0,U
3729,-61.54473425470345,15.526822752933741,200.0,200.0,U
3730,-61.54339942509235,15.52552164336914,200.0,200.0,U
3731,-61.54540172951297,15.526431310441266,200.0,200.0,U
3732,-61.54426233084182,15.527663228376097,200.0,200.0,U
3733,-61.54473227320503,15.526588823921747,200.0,200.0,U
3734,-61.54456202429688,15.523526127034007,200.0,200.0,U
3735,-61.5448822363022,15.525670025657536,200.0,200.0,U
3736,-61.545617312724985,15.527458289556458,200.0,200.0,U
3737,-61.5453921366213,15.525548930758097,200.0,200.0,U
3738,-61.546538611847616,15.527663911973315,200.0,200.0,U
3739,-61.54423534645667,15.526294542720036,200.0,200.0,U
3740,-61.545122163825816,15.527481969934586,200.0,200.0,U
3741,-61.544542733692865,15.526946562827648,200.0,200.0,U
3742,-61.544900283769366,15.525780757192424,200.0,200.0,U
3743,-61.54547961435275,15.526358503605042,200.0,200.0,U
3744,-61.54323976926343,15.526569530814685,200.0,200.0,U
3745,-61.54594064705499,15.526728222976525,200.0,200.0,U
3746,-61.54488616153853,15.527833609841853,200.0,200.0,U
3747,-61.54656945026336,15.526874219080229,200.0,200.0,U
3748,-61.54447721953945,15.526270362743979,200.0,200.0,U
3749,-61.54352845127311,15.529418129352278,200.0,200.0,U
3750,-61.54611221186305,15.52549575205208,200.0,200.0,U
3751,-61.544739612501004,15.526368439788584,200.0,200.0,U
3752,-61.54544251730725,15.525697357935362,200.0,200.0,U
3753,-61.54412380295348,15.52664682155814,200.0,200.0,U
3754,-61.547099881574184,15.527223174414383,200.0,200.0,U
3755,-61.54276435965283,15.52703538814653,200.0,200.0,U
3756,-61.54537301025619,15.526752325989637,200.0,200.0,U
3757,-61.54414899018244,15.52591382193017,200.0,200.0,U
3758,-61.544466761532185,15.524307931158685,200.0,200.0,U
3759,-61.54471991615775,15.527048958406352,200.0,200.0,U
3760,-61.54458412271668,15.526534093282086,200.0,200.0,U
3761,-61.542303072543426,15.526169347835328,200.0,200.0,U
3762,-61.54572945066394,15.52427090572932,200.0,200.0,U
3763,-61.54458943960505,15.526890473960846,200.0,200.0,U
3764,-61.545007680247814,15.523431383131847,200.0,200.0,U
3765,-61.54522077749532,15.527388621405267,200.0,200.0,U
3766,-61.541607680316304,15.526381114499454,200.0,200.0,U
3767,-61.544812733490424,15.523674047914414,200.0,200.0,U
3768,-61.54336386945713,15.526123737020141,200.0,200.0,U
3769,-61.544613248867584,15.526528480740305,200.0,200.0,U
3770,-61.54578996908365,15.52813576956901,200.0,200.0,U
3771,-61.54221342182086,15.528530524873595,200.0,200.0,U
3772,-61.54676622829473,15.528390588748119,200.0,200.0,U
3773,-61.546563226155044,15.527656982132015,200.0,200.0,U
3774,-61.54443215528017,15.526247177214769,200.0,200.0,U
3775,-61.54495396802709,15.524684870799485,200.0,200.0,U
3776,-61.546197769016416,15.524950627855741,200.0,200.0,U
3777,-61.54340478697542,15.527935378616672,200.0,200.0,U
3778,-61.54292608848086,15.525637917294485,200.0,200.0,U
3779,-61.5452534765752,15.528120815765757,200.0,200.0,U
3780,-61.545861837641745,15.529389116938425,200.0,200.0,U
3781,-61.54500418998415,15.526618884993914,200.0,200.0,U
3782,-61.54699290136366,15.52890075005909,200.0,200.0,U
3783,-61.54542636531549,15.526932237716753,200.0,200.0,U
3784,-61.54848290275476,15.525458929760331,200.0,200.0,U
3785,-61.544761724039766,15.52708506752027,200.0,200.0,U
3786,-61.54919313864766,15.525661826966418,200.0,200.0,U
3787,-61.544828631079504,15.5259398549787,200.0,200.0,U
3788,-61.54878793418012,15.526849095203724,200.0,200.0,U
3789,-61.545913849865684,15.526431136754015,200.0,200.0,U
3790,-61.54374675058922,15.527765770263262,200.0,200.0,U
3791,-61.5462409270982,15.527589676469605,200.0,200.0,U
3792,-61.544912798198915,15.527422113502237,200.0,200.0,U
3793,-61.543927000440654,15.526462783258243,200.0,200.0,U
3794,-61.5449997059863,15.524493624855847,200.0,200.0,U
3795,-61.54711521763974,15.526010185807076,200.0,200.0,U
3796,-61.54370993618195,15.529593669749596,200.0,200.0,U
3797,-61.544363982570744,15.530182632330241,200.0,200.0,U
3798,-61.54466214569422,15.524770243673412,200.0,200.0,U
3799,-61.543576362572196,15.528131038191678,200.0,200.0,U
3800,-61.54489552098364,15.528623496300892,200.0,200.0,U
3801,-61.54547294912614,15.526557728601292,200.0,200.0,U
3802,-61.54590497081977,15.526723094232318,200.0,200.0,U
3803,-61.54460117654696,15.528726870181314,200.0,200.0,U
3804,-61.54418723750199,15.523147156106988,200.0,200.0,U
3805,-61.544949421024505,15.525391530802388,200.0,200.0,U
3806,-61.54630684565121,15.527930384006266,200.0,200.0,U
3807,-61.54566809191346,15.525926435608183,200.0,200.0,U
3808,-61.54728971291927,15.524251637970655,200.0,200.0,U
3809,-61.54340265722148,15.526053392037284,200.0,200.0,U
3810,-61.54595837833492,15.527855017510072,200.0,200.0,U
3811,-61.54874716497885,15.526095810228222,200.0,200.0,U
3812,-61.54635503101533,15.523627632191108,200.0,200.0,U
3813,-61.543691587622874,15.527026313916686,200.0,200.0,U
3814,-61.545143248054096,15.526836675187978,200.0,200.0,U
3815,-61.545725642995876,15.527016222396345,200.0,200.0,U
3816,-61.54779104400667,15.525013034832822,200.0,200.0,U
3817,-61.544485879819895,15.526482804104756,200.0,200.0,U
3818,-61.5452362518477,15.528180110627137,200.0,200.0,U
3819,-61.54577701946145,15.524953627773305,200.0,200.0,U
3820,-61.54510791295977,15.526940530570457,200.0,200.0,U
3821,-61.547097244146755,15.529360057441558,200.0,200.0,U
3822,-61.543435430926856,15.527083760976113,200.0,200.0,U
3823,-61.54512469659375,15.526790378151606,200.0,200.0,U
3824,-61.54437243823974,15.5255463022505,200.0,200.0,U
3825,-61.54359393244804,15.527116638189,200.0,200.0,U
3826,-61.545245480118375,15.526738492982098,200.0,200.0,U
3827,-61.54654530581245,15.52884565762051,200.0,200.0,U
3828,-61.54449450282234,15.525998556577086,200.0,200.0,U
3829,-61.54227352394216,15.526792916818916,200.0,200.0,U
3830,-61.547145815287045,15.52664678590661,200.0,200.0,U
3831,-61.54099624051343,15.528274856608123,200.0,200.0,U
3832,-61.5450854769291,15.530439923282016,200.0,200.0,U
3833,-61.54644162091155,15.528452323133557,200.0,200.0,U
3834,-61.54592595462228,15.524467179681011,200.0,200.0,U
3835,-61.543710018764514,15.526329373455434,200.0,200.0,U
3836,-61.54377904869441,15.526497246118451,200.0,200.0,U
3837,-61.547481126555745,15.526642161718145,200.0,200.0,U
3838,-61.54425911421557,15.527923030708,200.0,200.0,U
3839,-61.54618320208312,15.525968473098956,200.0,200.0,U
3840,-61.544365959838615,15.525739508989748,200.0,200.0,U
3841,-61.54568953023957,15.527083163370644,200.0,200.0,U
3842,-61.54648637933186,15.531447522546955,200.0,200.0,U
3843,-61.5445609557949,15.528173349657559,200.0,200.0,U
3844,-61.54603284992694,15.527099613808266,200.0,200.0,U
3845,-61.54529053537448,15.527251667701385,200.0,200.0,U
3846,-61.54480553785515,15.525299133316004,200.0,200.0,U
3847,-61.546642462471986,15.52824443014409,200.0,200.0,U
3848,-61.544606243210424,15.526850184420717,200.0,200.0,U
3849,-61.54771534706194,15.524070347523995,200.0,200.0,U
3850,-61.545130136395315,15.526973628800956,200.0,200.0,U
3851,-61.54415516657816,15.52822820824638,200.0,200.0,U
3852,-61.54557734283358,15.526088211289851,200.0,200.0,U
3853,-61.54489797434205,15.526970989183843,200.0,200.0,U
3854,-61.54539653702488,15.527876758004115,200.0,200.0,U
3855,-61.545144319046486,15.522831259639943,200.0,200.0,U
3856,-61.54672296714856,15.527868908307328,200.0,200.0,U
3857,-61.545651468085545,15.528365493189998,200.0,200.0,U
3858,-61.546889943864414,15.527945383085504,200.0,200.0,U
3859,-61.54352287666921,15.52866912740705,200.0,200.0,U
3860,-61.546758549810974,15.527195782972086,200.0,200.0,U
3861,-61.545395206905106,15.526207537559424,200.0,200.0,U
3862,-61.54742090215989,15.52730195676223,200.0,200.0,U
3863,-61.54520443868125,15.527726142410119,200.0,200.0,U
3864,-61.54266885501167,15.528123892815046,200.0,200.0,U
3865,-61.54825931850232,15.526416737624636,200.0,200.0,U
3866,-61.544536109614135,15.527716273380092,200.0,200.0,U
3867,-61.546931806245354,15.52889311431106,200.0,200.0,U
3868,-61.54468543137887,15.527138706273242,200.0,200.0,U
3869,-61.54633391764762,15.526676096507297,200.0,200.0,U
3870,-61.54619878675897,15.529840997985403,200.0,200.0,U
3871,-61.54524758928774,15.527972936486663,200.0,200.0,U
3872,-61.545400135266064,15.525778022117404,200.0,200.0,U
3873,-61.54538607549645,15.527279206268041,200.0,200.0,U
3874,-61.54539253991257,15.527131448786223,200.0,200.0,U
3875,-61.54543903852409,15.52685639913919,200.0,200.0,U
3876,-61.54480122482648,15.52725418119867,200.0,200.0,U
3877,-61.54535378009352,15.529994901914492,200.0,200.0,U
3878,-61.54378220290374,15.526620070800353,200.0,200.0,U
3879,-61.54584284885732,15.528694211366785,200.0,200.0,U
3880,-61.544622586907394,15.528863877780621,200.0,200.0,U
3881,-61.54495235030268,15.526351175512087,200.0,200.0,U
3882,-61.546917619946036,15.527659336588004,200.0,200.0,U
3883,-61.54708985014175,15.52706665274615,200.0,200.0,U
3884,-61.54528077376658,15.52795066429967,200.0,200.0,U
3885,-61.547000338880736,15.525626032258947,200.0,200.0,U
3886,-61.544141860359,15.529132217234162,200.0,200.0,U
3887,-61.54517998013948,15.526652420014,200.0,200.0,U
3888,-61.5446718694009,15.526873247652544,200.0,200.0,U
3889,-61.54508936269545,15.525219399302326,200.0,200.0,U
3890,-61.54440020733744,15.524450698129725,200.0,200.0,U
3891,-61.54473846205107,15.521754981715583,200.0,200.0,U
3892,-61.54545068998642,15.527364507929844,200.0,200.0,U
3893,-61.54472835312367,15.526302295087099,200.0,200.0,U
3894,-61.5454703345093,15.527206973493076,200.0,200.0,U
3895,-61.547685699215776,15.526554133743334,200.0,200.0,U
3896,-61.54354369603387,15.525225437754345,200.0,200.0,U
3897,-61.543924713567655,15.526539021598115,200.0,200.0,U
3898,-61.546631208399596,15.527846295067086,200.0,200.0,U
3899,-61.54465774813915,15.527316013857293,200.0,200.0,U
3900,-61.54421264731311,15.528110074735038,200.0,200.0,U
3901,-61.544962453603254,15.527130229786534,200.0,200.0,U
3902,-61.543926140493234,15.524168651404548,200.0,200.0,U
3903,-61.54610800791618,15.527033972569487,200.0,200.0,U
3904,-61.547124006456514,15.528422943041418,200.0,200.0,U
3905,-61.547341997356384,15.527541789093677,200.0,200.0,U
3906,-61.54283892716936,15.52773408752888,200.0,200.0,U
3907,-61.54551840040687,15.527296201289351,200.0,200.0,U
3908,-61.545466154850004,15.52728397296184,200.0,200.0,U
3909,-61.54720510763679,15.528165376860851,200.0,200.0,U
3910,-61.54587352717876,15.526773821329318,200.0,200.0,U
3911,-61.544426235625245,15.523770343977114,200.0,200.0,U
3912,-61.544484545247876,15.52785005763246,200.0,200.0,U
3913,-61.5484323060526,15.528309819051833,200.0,200.0,U
3914,-61.5467871702889,15.52843555034186,200.0,200.0,U
3915,-61.54554228529944,15.527346343387888,200.0,200.0,U
3916,-61.54613603514356,15.531024120682638,200.0,200.0,U
3917,-61.54642612741691,15.527595170535685,200.0,200.0,U
3918,-61.54408790867168,15.526724252450363,200.0,200.0,U
3919,-61.54465563063281,15.528210667254445,200.0,200.0,U
3920,-61.5450994266285,15.526584874658093,200.0,200.0,U
3921,-61.550018817716925,15.526449324590365,200.0,200.0,U
3922,-61.54453933308233,15.528572850142949,200.0,200.0,U
3923,-61.54611844038232,15.526523152095127,200.0,200.0,U
3924,-61.543996089640025,15.527667116789564,200.0,200.0,U
3925,-61.54546196088869,15.527405386006512,200.0,200.0,U
3926,-61.54480891429783,15.526924274413885,200.0,200.0,U
3927,-61.54810516450551,15.526268266987909,200.0,200.0,U
3928,-61.5448927062142,15.527835383329231,200.0,200.0,U
3929,-61.547569668905886,15.527120171560268,200.0,200.0,U
3930,-61.545568993324025,15.527700323535282,200.0,200.0,U
3931,-61.54527688958261,15.528507705174487,200.0,200.0,U
4406,-61.548725897389716,15.528043950584882,200.0,200.0,U
4407,-61.54439860627003,15.530936337880766,200.0,200.0,U
4408,-61.5480446365165,15.528637617519687,200.0,200.0,U
4409,-61.55001346561146,15.531027004119126,200.0,200.0,U
4410,-61.54783246732853,15.530295302227753,200.0,200.0,U
4411,-61.54691462969372,15.53075898005428,200.0,200.0,U
4412,-61.54790221255504,15.530171859765916,200.0,200.0,U
4413,-61.54749345191956,15.527249263162922,200.0,200.0,U
4414,-61.54619030609084,15.530783223559324,200.0,200.0,U
4415,-61.54723161588975,15.529960301075938,200.0,200.0,U
4416,-61.54566487334822,15.531161883288426,200.0,200.0,U
4417,-61.54653503582518,15.528554304339757,200.0,200.0,U
4418,-61.54804576783281,15.529716693223358,200.0,200.0,U
4419,-61.54722772991005,15.530312847095749,200.0,200.0,U
4420,-61.54719050644194,15.531475189640144,200.0,200.0,U
4421,-61.546942541426155,15.529189805733537,200.0,200.0,U
4422,-61.54734511259295,15.530169787830378,200.0,200.0,U
4423,-61.54561293937758,15.532166073840047,200.0,200.0,U
4424,-61.54673242842595,15.531065946857478,200.0,200.0,U
4425,-61.54858853867554,15.528630748414612,200.0,200.0,U
4426,-61.545024496656275,15.530619064734001,200.0,200.0,U
4427,-61.54967181925594,15.529735131033531,200.0,200.0,U
4428,-61.546609459919836,15.530239955298331,200.0,200.0,U
4429,-61.546931019414714,15.529963966852064,200.0,200.0,U
4430,-61.546189319536396,15.53088119392482,200.0,200.0,U
4431,-61.54845175063422,15.531112626339706,200.0,200.0,U
4432,-61.54731658939864,15.529584978358871,200.0,200.0,U
4433,-61.54679696618861,15.531238304911817,200.0,200.0,U
4434,-61.54904427888454,15.530193920064733,200.0,200.0,U
4435,-61.547565763849356,15.532579129144837,200.0,200.0,U
4436,-61.54719774704284,15.530172352265309,200.0,200.0,U
4437,-61.54859301443077,15.53014700014342,200.0,200.0,U
4438,-61.54760093706074,15.530960403758035,200.0,200.0,U
4439,-61.547724935474015,15.529292415463852,200.0,200.0,U
4440,-61.549061690558695,15.530119056343413,200.0,200.0,U
4441,-61.546663440418875,15.531804251674172,200.0,200.0,U
4442,-61.547703961195964,15.53028324760159,200.0,200.0,U
4443,-61.54804463386809,15.530794682163203,200.0,200.0,U
4444,-61.547454720823374,15.529087730619672,200.0,200.0,U
4445,-61.54848077688445,15.53014057192306,200.0,200.0,U
4446,-61.5445360478372,15.531204733711846,200.0,200.0,U
4447,-61.546205831764276,15.530943981643263,200.0,200.0,U
4448,-61.546361704670225,15.533049096299928,200.0,200.0,U
4449,-61.54881271206727,15.531235015850687,200.0,200.0,U
4450,-61.5475037932274,15.53046854312632,200.0,200.0,U
4451,-61.546756952140086,15.530304960200999,200.0,200.0,U
4452,-61.5469286538152,15.531222488975144,200.0,200.0,U
4453,-61.54800642017899,15.529157104504765,200.0,200.0,U
4454,-61.54734994973687,15.529988650771774,200.0,200.0,U
4455,-61.548245342250006,15.530789352548283,200.0,200.0,U
4456,-61.54736534457379,15.53034349431893,200.0,200.0,U
4457,-61.54610656347925,15.529531886823674,200.0,200.0,U
4458,-61.545161521197265,15.530817959958522,200.0,200.0,U
4459,-61.54738484546245,15.530575832181249,200.0,200.0,U
4460,-61.54930476904816,15.530686261467695,200.0,200.0,U
4461,-61.54597020361676,15.529593579902082,200.0,200.0,U
4462,-61.54585292747132,15.528322804194648,200.0,200.0,U
4463,-61.54798460295756,15.529795747422378,200.0,200.0,U
4464,-61.54716863501175,15.529792503595946,200.0,200.0,U
4465,-61.54844063516267,15.534213876774018,200.0,200.0,U
4466,-61.547326002872296,15.530492869568643,200.0,200.0,U
4467,-61.54815570521876,15.530724154939074,200.0,200.0,U
4468,-61.547173264053306,15.531629163130555,200.0,200.0,U
4469,-61.54806492555762,15.534240826637028,200.0,200.0,U
4470,-61.54684542402292,15.53181285231255,200.0,200.0,U
4471,-61.54595826327622,15.527227214175948,200.0,200.0,U
4472,-61.54681197737358,15.531475312249974,200.0,200.0,U
4473,-61.547633635716714,15.530240959109179,200.0,200.0,U
4474,-61.549699114947785,15.531091344687354,200.0,200.0,U
4475,-61.54739293373883,15.533247381213348,200.0,200.0,U
4476,-61.54573906399339,15.531345555046999,200.0,200.0,U
4477,-61.548468797005,15.527984953832542,200.0,200.0,U
4478,-61.54686487129226,15.529585704597325,200.0,200.0,U
4479,-61.545097584836626,15.529075291040032,200.0,200.0,U
4480,-61.547343212876356,15.53135668255412,200.0,200.0,U
4481,-61.54819802661291,15.528773218589667,200.0,200.0,U
4482,-61.54768838978178,15.530993929237923,200.0,200.0,U
4483,-61.547673157792225,15.529982741992642,200.0,200.0,U
4484,-61.54726150206225,15.530836727798258,200.0,200.0,U
4485,-61.546539165555075,15.534550861903025,200.0,200.0,U
4486,-61.54811294750109,15.531453094975518,200.0,200.0,U
4487,-61.54913067231262,15.528181841943246,200.0,200.0,U
4488,-61.547777323177336,15.530511194262907,200.0,200.0,U
4489,-61.547045048659776,15.531032775349107,200.0,200.0,U
4490,-61.547315877316755,15.530950683325832,200.0,200.0,U
4491,-61.54543319156514,15.530479297946773,200.0,200.0,U
4492,-61.549163222482434,15.5306640739969,200.0,200.0,U
4493,-61.54756042826874,15.53053168316324,200.0,200.0,U
4494,-61.54812859113991,15.529707437078539,200.0,200.0,U
4495,-61.54534550748861,15.52806555092343,200.0,200.0,U
4496,-61.54618633924052,15.530166774345542,200.0,200.0,U
4497,-61.54786921073311,15.529832841563152,200.0,200.0,U
4498,-61.54773101065011,15.53169166073317,200.0,200.0,U
4499,-61.547943604904724,15.53131545379339,200.0,200.0,U
4500,-61.54975132778181,15.531535330543566,200.0,200.0,U
4501,-61.54738172592249,15.529670521264606,200.0,200.0,U
4502,-61.546516762410526,15.531904681081388,200.0,200.0,U
4503,-61.548262493322575,15.530571714777853,200.0,200.0,U
4504,-61.54620817413066,15.533607438441596,200.0,200.0,U
4505,-61.54771808174602,15.530181389673944,200.0,200.0,U
4506,-61.54949067670207,15.529841600996173,200.0,200.0,U
4507,-61.5473714434091,15.529658860018673,200.0,200.0,U
4508,-61.54762640949236,15.530623911632352,200.0,200.0,U
4509,-61.5473850703252,15.530667348016125,200.0,200.0,U
4510,-61.54907864015293,15.534462325244814,200.0,200.0,U
4511,-61.54691328718639,15.530031402374975,200.0,200.0,U
4512,-61.54899175242347,15.529097883534314,200.0,200.0,U
4513,-61.54432961024582,15.530079472831746,200.0,200.0,U
4514,-61.545320620180966,15.529082797500047,200.0,200.0,U
4515,-61.54647729451184,15.52968038043863,200.0,200.0,U
4516,-61.55035223435856,15.529822085465108,200.0,200.0,U
4517,-61.54410073738004,15.530296334972592,200.0,200.0,U
4518,-61.54615803622555,15.533109533604687,200.0,200.0,U
4519,-61.548087374469205,15.52970513003606,200.0,200.0,U
4520,-61.546849390564,15.527994754157543,200.0,200.0,U
4521,-61.54784700599083,15.530781280610173,200.0,200.0,U
4522,-61.54587667844005,15.529773722553498,200.0,200.0,U
4523,-61.546781350902364,15.530877287835926,200.0,200.0,U
4524,-61.54881967980869,15.53340674407729,200.0,200.0,U
4525,-61.54834878417557,15.530156938908114,200.0,200.0,U
4526,-61.544921523585174,15.532195388391266,200.0,200.0,U
4527,-61.548618277968885,15.531482805898708,200.0,200.0,U
4528,-61.547279291720606,15.530004797248177,200.0,200.0,U
4529,-61.547563385017824,15.530723677476457,200.0,200.0,U
4530,-61.5493388775061,15.53108790478214,200.0,200.0,U
4531,-61.54962151633887,15.53190783933473,200.0,200.0,U
4532,-61.54417425107082,15.529458258772006,200.0,200.0,U
4533,-61.547446329463,15.531700448357164,200.0,200.0,U
4534,-61.54412024947814,15.530639212034377,200.0,200.0,U
4535,-61.54922221897144,15.529210453407615,200.0,200.0,U
4536,-61.547417621648705,15.527713670954316,200.0,200.0,U
4537,-61.54686284568009,15.530544995669942,200.0,200.0,U
4538,-61.5451277202274,15.531893706626759,200.0,200.0,U
4539,-61.54791171932624,15.53074384429975,200.0,200.0,U
4540,-61.5506543327775,15.528674536190309,200.0,200.0,U
4541,-61.54548930578906,15.533903906216967,200.0,200.0,U
4542,-61.550158433926725,15.531569933594312,200.0,200.0,U
4543,-61.54688917697816,15.5306611451827,200.0,200.0,U
4544,-61.54664661121612,15.53061038291399,200.0,200.0,U
4545,-61.54773178360022,15.530701722361577,200.0,200.0,U
4546,-61.54602878911192,15.530863112641322,200.0,200.0,U
4547,-61.54920677358755,15.526092392807891,200.0,200.0,U
4548,-61.549896713084486,15.529984647423019,200.0,200.0,U
4549,-61.54569832001162,15.53074654932284,200.0,200.0,U
4550,-61.54797571279798,15.529366439500022,200.0,200.0,U
4551,-61.547715499281146,15.531310161287177,200.0,200.0,U
4552,-61.5456503063148,15.53055993621712,200.0,200.0,U
4553,-61.548611863643764,15.531356781472603,200.0,200.0,U
4554,-61.550944103099916,15.533456612555996,200.0,200.0,U
4555,-61.5479778115263,15.530871743725191,200.0,200.0,U
4556,-61.54620238744291,15.529688035856767,200.0,200.0,U
4557,-61.54652419049399,15.528374809160365,200.0,200.0,U
4558,-61.54755171364956,15.530888963269032,200.0,200.0,U
4559,-61.546720008178724,15.531189453567867,200.0,200.0,U
4560,-61.548143812850824,15.530579893870206,200.0,200.0,U
4561,-61.54717362625746,15.53116405966039,200.0,200.0,U
4562,-61.54747668013127,15.53076527438752,200.0,200.0,U
4563,-61.54809218690933,15.531513507322272,200.0,200.0,U
4564,-61.547538181942066,15.53099011990895,200.0,200.0,U
4565,-61.54876919280841,15.531469452204215,200.0,200.0,U
4566,-61.54759226549783,15.529864322287956,200.0,200.0,U
4567,-61.54829657390452,15.532576533704562,200.0,200.0,U
4568,-61.5484724365221,15.530165069458644,200.0,200.0,U
4569,-61.547086296939014,15.53025563372158,200.0,200.0,U
4570,-61.54801495529575,15.530739335379584,200.0,200.0,U
4571,-61.547847398225656,15.530877394897324,200.0,200.0,U
4572,-61.54732304128125,15.531425684566635,200.0,200.0,U
4573,-61.546459628618116,15.530156664262304,200.0,200.0,U
4574,-61.54726488596119,15.529049990761088,200.0,200.0,U
4575,-61.54800002550697,15.53263716262177,200.0,200.0,U
4576,-61.54803984920961,15.532068749270508,200.0,200.0,U
4577,-61.54875926359024,15.530783746634095,200.0,200.0,U
4578,-61.549331057737774,15.532116133815029,200.0,200.0,U
4579,-61.55157909833004,15.531876776886875,200.0,200.0,U
4580,-61.54703448801899,15.530690288527495,200.0,200.0,U
4581,-61.54792201747607,15.530284914656216,200.0,200.0,U
4582,-61.55016221730895,15.530360137392824,200.0,200.0,U
4583,-61.54786341160612,15.531018455931614,200.0,200.0,U
4584,-61.545042623551346,15.531938007104966,200.0,200.0,U
4585,-61.54795744085597,15.531384054908788,200.0,200.0,U
4586,-61.54790385554404,15.530943414789512,200.0,200.0,U
4587,-61.54792123710707,15.532028840397562,200.0,200.0,U
4588,-61.54731762458935,15.53136553029748,200.0,200.0,U
4589,-61.547091882221366,15.532567397338225,200.0,200.0,U
4590,-61.54755541455769,15.531292902254402,200.0,200.0,U
4591,-61.54785851986655,15.530972097885577,200.0,200.0,U
4592,-61.54552491845568,15.529943740420947,200.0,200.0,U
4593,-61.5473034837379,15.530191503774576,200.0,200.0,U
4594,-61.54911043639145,15.529355130834844,200.0,200.0,U
4595,-61.54654621817803,15.528732034890119,200.0,200.0,U
4596,-61.54796169688034,15.531308010455644,200.0,200.0,U
4597,-61.547920258728716,15.531005672238624,200.0,200.0,U
4598,-61.54783819567341,15.531182977016952,200.0,200.0,U
4599,-61.54731139371356,15.534393362708412,200.0,200.0,U
4600,-61.5472003892689,15.531753935713779,200.0,200.0,U
4601,-61.546125442582564,15.528662426981807,200.0,200.0,U
4602,-61.5479016572653,15.533058584275388,200.0,200.0,U
4603,-61.54795487573612,15.531158639226442,200.0,200.0,U
4604,-61.54898019747165,15.532169328689601,200.0,200.0,U
4605,-61.54748211211488,15.531273768652285,200.0,200.0,U
4606,-61.547850162716486,15.529760285491486,200.0,200.0,U
4607,-61.54686771497568,15.532915820006664,200.0,200.0,U
4608,-61.54822498196639,15.531212029414256,200.0,200.0,U
4609,-61.54828785878987,15.531124188017484,200.0,200.0,U
4610,-61.54813014442903,15.53038890162661,200.0,200.0,U
4611,-61.54821794206607,15.531153947204208,200.0,200.0,U
4612,-61.550874004372815,15.5329702709447,200.0,200.0,U
4613,-61.54809509586862,15.53112240823639,200.0,200.0,U
4614,-61.5446479505158,15.533579858086153,200.0,200.0,U
4615,-61.54589622068009,15.532645885067097,200.0,200.0,U
4616,-61.54898629038643,15.530725658679772,200.0,200.0,U
4617,-61.54595042380139,15.530920007323818,200.0,200.0,U
4618,-61.549374947833016,15.531744255038287,200.0,200.0,U
4619,-61.54637520787226,15.531329105281024,200.0,200.0,U
4620,-61.54599984811557,15.535334769026091,200.0,200.0,U
4621,-61.54817050033919,15.53090094134911,200.0,200.0,U
4622,-61.5500907295146,15.530168668792934,200.0,200.0,U
4623,-61.5474078456541,15.528716949877182,200.0,200.0,U
4624,-61.548475917738294,15.530296753589836,200.0,200.0,U
4625,-61.5485735928191,15.531118009809498,200.0,200.0,U
4626,-61.54953993923826,15.531414294867679,200.0,200.0,U
4627,-61.54792055215457,15.531738204295312,200.0,200.0,U
4628,-61.549179498855764,15.532285181059382,200.0,200.0,U
4629,-61.546242777784315,15.532630664163078,200.0,200.0,U
4630,-61.548033319060465,15.531216448007497,200.0,200.0,U
4631,-61.54656977561307,15.530860825491347,200.0,200.0,U
4632,-61.548134070121385,15.534467199554163,200.0,200.0,U
4633,-61.54830678342089,15.533908636618758,200.0,200.0,U
4634,-61.548027780454156,15.531332841633775,200.0,200.0,U
4635,-61.54504340247349,15.533443195993096,200.0,200.0,U
4636,-61.54801364649652,15.531529755419035,200.0,200.0,U
4637,-61.54696547276368,15.531567632175959,200.0,200.0,U
4638,-61.54923559626754,15.530304104531751,200.0,200.0,U
4639,-61.545899777486056,15.530832275044709,200.0,200.0,U
4640,-61.54742667889829,15.529718816008725,200.0,200.0,U
4641,-61.549130269800635,15.529350298449405,200.0,200.0,U
4642,-61.5482655402643,15.531512212785513,200.0,200.0,U
4643,-61.55188893109394,15.532744612369637,200.0,200.0,U
4644,-61.548059613589714,15.531052596920867,200.0,200.0,U
4645,-61.54754993255129,15.531772563027923,200.0,200.0,U
4646,-61.547472739938826,15.53176602324302,200.0,200.0,U
4647,-61.54700974609449,15.531210422252913,200.0,200.0,U
4648,-61.54801598809715,15.530848449189769,200.0,200.0,U
4649,-61.547988831442694,15.531355328410832,200.0,200.0,U
4650,-61.548090986593365,15.531367350333499,200.0,200.0,U
4651,-61.54762279753309,15.531282925316095,200.0,200.0,U
4652,-61.5484975309797,15.530525070082367,200.0,200.0,U
4653,-61.550209129962994,15.533946514310173,200.0,200.0,U
4654,-61.55070757738887,15.531395440142976,200.0,200.0,U
4655,-61.54685028851358,15.531695956752571,200.0,200.0,U
4656,-61.55012593809813,15.531791800363543,200.0,200.0,U
4657,-61.54715371906784,15.531129528645636,200.0,200.0,U
4658,-61.54826738288811,15.531432242891682,200.0,200.0,U
4659,-61.545389915912445,15.533540052151492,200.0,200.0,U
4660,-61.54880449620689,15.530409672319921,200.0,200.0,U
4661,-61.548072534162806,15.531330643459388,200.0,200.0,U
4662,-61.54825664058104,15.53150916022777,200.0,200.0,U
4663,-61.5495735370663,15.532344840498725,200.0,200.0,U
4664,-61.54742074870038,15.531182255117745,200.0,200.0,U
4665,-61.55060337123628,15.532102082336165,200.0,200.0,U
4666,-61.548455573657506,15.531544121796708,200.0,200.0,U
4667,-61.54907256655256,15.53251694614496,200.0,200.0,U
4668,-61.54659902170782,15.529485263787862,200.0,200.0,U
4669,-61.54927334755766,15.530966815532436,200.0,200.0,U
4670,-61.54795599106921,15.531641308307046,200.0,200.0,U
4671,-61.54698312242712,15.531987306180062,200.0,200.0,U
4672,-61.54810222360371,15.529831468608803,200.0,200.0,U
4673,-61.548082164485585,15.531926642968527,200.0,200.0,U
4674,-61.548647247755746,15.532394046194629,200.0,200.0,U
4675,-61.54939264366254,15.530891574183304,200.0,200.0,U
4676,-61.546724747727346,15.530792492746702,200.0,200.0,U
4677,-61.54761677639329,15.531967661043094,200.0,200.0,U
4678,-61.547811206749245,15.53151188837842,200.0,200.0,U
4679,-61.549994481828655,15.529709400347977,200.0,200.0,U
4680,-61.547760943256286,15.530054302760163,200.0,200.0,U
4681,-61.54394504147384,15.532117143907017,200.0,200.0,U
4682,-61.54767412508512,15.533326967824523,200.0,200.0,U
4683,-61.55040082716744,15.532584272614303,200.0,200.0,U
4684,-61.5499334154373,15.53339105835381,200.0,200.0,U
4685,-61.55053618961715,15.535003528825197,200.0,200.0,U
4686,-61.54829798934053,15.531667646391595,200.0,200.0,U
4687,-61.54861483077399,15.531705433744373,200.0,200.0,U
4688,-61.548237357893925,15.531596991142539,200.0,200.0,U
4689,-61.54790638621971,15.531667107887769,200.0,200.0,U
4690,-61.54941046423979,15.53218225078464,200.0,200.0,U
4691,-61.548346164549656,15.531582448661963,200.0,200.0,U
4692,-61.548278294191384,15.53159601133637,200.0,200.0,U
4693,-61.54856710997858,15.53086676306257,200.0,200.0,U
4694,-61.54816476043097,15.531298431399454,200.0,200.0,U
4695,-61.549304924629325,15.531278345582352,200.0,200.0,U
4696,-61.547076789465244,15.532659384391817,200.0,200.0,U
4697,-61.547604111085164,15.530108105052868,200.0,200.0,U
4698,-61.54648812468231,15.530276225483814,200.0,200.0,U
4699,-61.54821416392804,15.531688362780656,200.0,200.0,U
4700,-61.548292145721106,15.531612863414423,200.0,200.0,U
4701,-61.550187972861366,15.533159048026533,200.0,200.0,U
4702,-61.54710012914783,15.530604005474743,200.0,200.0,U
4703,-61.54767923541273,15.532322292336847,200.0,200.0,U
4704,-61.54850560431205,15.531234993924786,200.0,200.0,U
4705,-61.54761774788765,15.530179116077,200.0,200.0,U
4706,-61.54648727019892,15.533751936908661,200.0,200.0,U
4707,-61.54840270985484,15.530542311433868,200.0,200.0,U
4708,-61.54963418279924,15.53349754360824,200.0,200.0,U
4709,-61.5480146313583,15.532186555152592,200.0,200.0,U
4710,-61.55011405057219,15.535932976747388,200.0,200.0,U
4711,-61.54636849296726,15.5320297393573,200.0,200.0,U
4712,-61.54874175417943,15.534456660721775,200.0,200.0,U
4713,-61.54650480020359,15.533819481583693,200.0,200.0,U
4714,-61.546605252589295,15.533093764988687,200.0,200.0,U
4715,-61.548035072181996,15.531966357189768,200.0,200.0,U
4716,-61.548772345843226,15.531492894860962,200.0,200.0,U
4717,-61.54808017988359,15.531529030715435,200.0,200.0,U
4718,-61.54854617189104,15.533512336661818,200.0,200.0,U
4719,-61.54833152930614,15.531681888452509,200.0,200.0,U
4720,-61.548694441549785,15.531622471589502,200.0,200.0,U
4721,-61.54546200747112,15.532494190381664,200.0,200.0,U
4722,-61.54848666059077,15.530624369469345,200.0,200.0,U
4723,-61.54918524561813,15.530960449428969,200.0,200.0,U
4724,-61.55003488498789,15.532747875362718,200.0,200.0,U
4725,-61.54889194400782,15.530332242764494,200.0,200.0,U
4726,-61.550604727662446,15.53140259182428,200.0,200.0,U
4727,-61.54888282468799,15.531175845370303,200.0,200.0,U
4728,-61.5490090961745,15.532198801260808,200.0,200.0,U
4729,-61.54855657635197,15.529934957123137,200.0,200.0,U
4730,-61.54764176384829,15.531408607387416,200.0,200.0,U
4731,-61.54760532032949,15.530279541756,200.0,200.0,U
4732,-61.548326487558874,15.53123830039959,200.0,200.0,U
4733,-61.548228451364636,15.531673437296986,200.0,200.0,U
4734,-61.550013295428016,15.532799494801344,200.0,200.0,U
4735,-61.54860493092929,15.529154850340191,200.0,200.0,U
4736,-61.54577710889905,15.53131686246327,200.0,200.0,U
4737,-61.54935075356397,15.530666803816082,200.0,200.0,U
4738,-61.549135017926474,15.53066138508303,200.0,200.0,U
4739,-61.5496655372662,15.532567569759443,200.0,200.0,U
4740,-61.548748288100626,15.530719128365625,200.0,200.0,U
4741,-61.548312628706505,15.529622030206964,200.0,200.0,U
4742,-61.547392256486994,15.532858416139561,200.0,200.0,U
4743,-61.546818221873615,15.532705895635106,200.0,200.0,U
4744,-61.548403857822194,15.53334014375579,200.0,200.0,U
4745,-61.5480343216366,15.53335268595625,200.0,200.0,U
4746,-61.54844971100914,15.53188955405723,200.0,200.0,U
4747,-61.548452983871556,15.531514679115023,200.0,200.0,U
4748,-61.546266888635905,15.533563400707934,200.0,200.0,U
4749,-61.54894862206516,15.532778672682388,200.0,200.0,U
4750,-61.549019988092006,15.532023398730677,200.0,200.0,U
4751,-61.54918123627681,15.532043735897977,200.0,200.0,U
4752,-61.551133837358535,15.533097353678766,200.0,200.0,U
4753,-61.54801950164715,15.532283951561784,200.0,200.0,U
4754,-61.548552505839055,15.53202002339029,200.0,200.0,U
4755,-61.54744297871934,15.531889706607666,200.0,200.0,U
4756,-61.544982188760955,15.533018041620187,200.0,200.0,U
4757,-61.54920010100684,15.530499611468423,200.0,200.0,U
4758,-61.547711635863216,15.531172977495691,200.0,200.0,U
4759,-61.54798348720958,15.531067700859294,200.0,200.0,U
4760,-61.54601564231475,15.529543517508714,200.0,200.0,U
4761,-61.548347162853474,15.531617645156098,200.0,200.0,U
4762,-61.54937053125624,15.5341812809408,200.0,200.0,U
4763,-61.547752207723924,15.532086540044494,200.0,200.0,U
4764,-61.54846058561191,15.531242237376691,200.0,200.0,U
4765,-61.55080351304852,15.53433657662387,200.0,200.0,U
4766,-61.54879628655828,15.534211691941714,200.0,200.0,U
4767,-61.548715648466896,15.531888776930552,200.0,200.0,U
4768,-61.544939104599734,15.532273052036409,200.0,200.0,U
4769,-61.54835882537647,15.530432698450948,200.0,200.0,U
4770,-61.548695588869094,15.532176623373568,200.0,200.0,U
4771,-61.548752853797616,15.529258573479755,200.0,200.0,U
4772,-61.55095924005274,15.5322000688196,200.0,200.0,U
4773,-61.54407393629532,15.53002125720431,200.0,200.0,U
4774,-61.54876762247253,15.526910543478627,200.0,200.0,U
4775,-61.54756508844876,15.533457973365552,200.0,200.0,U
4776,-61.54971341701414,15.531121021757993,200.0,200.0,U
4777,-61.54982872342674,15.529231379403127,200.0,200.0,U
4778,-61.548562715574995,15.531959796786362,200.0,200.0,U
4779,-61.54876564359116,15.532583125159745,200.0,200.0,U
4780,-61.54864304142421,15.531994909117953,200.0,200.0,U
4781,-61.55025911988837,15.533241552047905,200.0,200.0,U
4782,-61.549758798270155,15.53032947659163,200.0,200.0,U
4783,-61.54761355747112,15.531828872795776,200.0,200.0,U
4784,-61.545800647623274,15.53373345716976,200.0,200.0,U
4785,-61.547779082720304,15.529683141216736,200.0,200.0,U
4786,-61.548916613746236,15.532034295166174,200.0,200.0,U
4787,-61.545989408577654,15.531884558468688,200.0,200.0,U
4788,-61.54954194881056,15.532729893959099,200.0,200.0,U
4789,-61.54531863666238,15.535099681193344,200.0,200.0,U
4790,-61.548410737874704,15.532252466844545,200.0,200.0,U
4791,-61.54828661814437,15.53237907017059,200.0,200.0,U
4792,-61.547353893942166,15.532318504657743,200.0,200.0,U
4793,-61.54827284664733,15.531473479855277,200.0,200.0,U
4794,-61.54846360323421,15.533488996914333,200.0,200.0,U
4795,-61.54935748316744,15.533385440166121,200.0,200.0,U
4796,-61.5491451566867,15.530612538826869,200.0,200.0,U
4797,-61.54817144022344,15.532249644417544,200.0,200.0,U
4798,-61.54262231763171,15.531533697385216,200.0,200.0,U
4799,-61.55051628670549,15.530395689405609,200.0,200.0,U
4800,-61.54836786259826,15.53192598243364,200.0,200.0,U
4801,-61.55086830687786,15.53431017437508,200.0,200.0,U
4802,-61.54809135728768,15.53140844153969,200.0,200.0,U
4803,-61.5495977163039,15.53212046729741,200.0,200.0,U
4804,-61.54841076265776,15.531881155195089,200.0,200.0,U
4805,-61.54658302069111,15.53236830889709,200.0,200.0,U
4806,-61.55105152293849,15.530196498275448,200.0,200.0,U
4807,-61.54954463562218,15.532792202956465,200.0,200.0,U
4808,-61.547605731609444,15.532760533822934,200.0,200.0,U
4809,-61.549860898433685,15.531167054545572,200.0,200.0,U
4810,-61.54901308173335,15.530946982545553,200.0,200.0,U
4811,-61.550678728553336,15.529892381766663,200.0,200.0,U
4812,-61.54849693173935,15.532534469742926,200.0,200.0,U
4813,-61.549848224774514,15.53115259511786,200.0,200.0,U
4814,-61.547893477444205,15.532012405697632,200.0,200.0,U
4815,-61.54891169512786,15.531318287567684,200.0,200.0,U
4816,-61.54625470787525,15.532110706442056,200.0,200.0,U
4817,-61.54859120130738,15.531795830998107,200.0,200.0,U
4818,-61.54820371957312,15.532362899034707,200.0,200.0,U
4819,-61.550776030057875,15.534564503982255,200.0,200.0,U
4820,-61.54958254598132,15.532363920745345,200.0,200.0,U
4821,-61.55004398573636,15.531023207726049,200.0,200.0,U
4822,-61.54887567910119,15.532042334504114,200.0,200.0,U
4823,-61.549341119677216,15.532147345591746,200.0,200.0,U
4824,-61.548898608981794,15.532268672314862,200.0,200.0,U
4825,-61.548147914576745,15.532733577223437,200.0,200.0,U
4826,-61.54643118896407,15.532779567376055,200.0,200.0,U
4827,-61.54888985599818,15.532371364943536,200.0,200.0,U
4828,-61.5487215392642,15.532190395874,200.0,200.0,U
4829,-61.55166759008455,15.535775353268704,200.0,200.0,U
4830,-61.54857575453443,15.532602873238723,200.0,200.0,U
4831,-61.55147660487681,15.53086489979716,200.0,200.0,U
4832,-61.547527639244244,15.532180124480478,200.0,200.0,U
4833,-61.548858147545424,15.532252512275305,200.0,200.0,U
4834,-61.54821684008359,15.533108075118232,200.0,200.0,U
4835,-61.54975881684849,15.53375365414184,200.0,200.0,U
4836,-61.549462270770775,15.532377971629158,200.0,200.0,U
4837,-61.548749775800765,15.53318255946203,200.0,200.0,U
4838,-61.545874947561934,15.532135393481475,200.0,200.0,U
4839,-61.54749236427638,15.534104320923179,200.0,200.0,U
4840,-61.54877041015466,15.532361716032991,200.0,200.0,U
4841,-61.548855763053886,15.533960931604842,200.0,200.0,U
4842,-61.55056772236813,15.53271343030362,200.0,200.0,U
4843,-61.54858821198922,15.5327360048923,200.0,200.0,U
4844,-61.54908374095666,15.533247001877262,200.0,200.0,U
4845,-61.5485193857933,15.531816924652466,200.0,200.0,U
4846,-61.54455158566689,15.53090189062114,200.0,200.0,U
4847,-61.549272173137474,15.532066739413914,200.0,200.0,U
4848,-61.54949788961286,15.533439141172893,200.0,200.0,U
4849,-61.549766878829374,15.531896655263319,200.0,200.0,U
4850,-61.54751336816581,15.532178114764418,200.0,200.0,U
4851,-61.5472590898704,15.53684584456163,200.0,200.0,U
4852,-61.54877657777978,15.5324849119083,200.0,200.0,U
4853,-61.54689441131975,15.534276355525336,200.0,200.0,U
4854,-61.54689291125687,15.533192090001407,200.0,200.0,U
4855,-61.54884104792243,15.532435613509392,200.0,200.0,U
4856,-61.549691877071396,15.531814108767923,200.0,200.0,U
4857,-61.54879997608374,15.532478182822322,200.0,200.0,U
4858,-61.549177384143064,15.530237139136704,200.0,200.0,U
4859,-61.548643144399946,15.532913806751772,200.0,200.0,U
4860,-61.54907155739321,15.532222799481621,200.0,200.0,U
4861,-61.54831009844853,15.532911307108568,200.0,200.0,U
4862,-61.55069978697611,15.532342129091392,200.0,200.0,U
4863,-61.54986182653523,15.53182589661679,200.0,200.0,U
4864,-61.54861409349344,15.532701597629517,200.0,200.0,U
4865,-61.54888330080387,15.532322580473828,200.0,200.0,U
4866,-61.5492775428203,15.533098934593168,200.0,200.0,U
4867,-61.548865162630406,15.53093633480154,200.0,200.0,U
4868,-61.55046156392706,15.53421025610533,200.0,200.0,U
4869,-61.5475432681116,15.532974117441846,200.0,200.0,U
4870,-61.54922252231714,15.533544960174702,200.0,200.0,U
4871,-61.547210617208655,15.53644747804254,200.0,200.0,U
4872,-61.55048389015492,15.533269323284838,200.0,200.0,U
4873,-61.548250485540194,15.533910240513336,200.0,200.0,U
4874,-61.54895599442755,15.533238459792392,200.0,200.0,U
4875,-61.54978468280764,15.53176618406182,200.0,200.0,U
4876,-61.54900840297667,15.531170639017327,200.0,200.0,U
4877,-61.54845747067757,15.532796547455755,200.0,200.0,U
4878,-61.5500245545627,15.533589685193924,200.0,200.0,U
4879,-61.54806818234712,15.533617941523012,200.0,200.0,U
4880,-61.5492341267567,15.532701778452076,200.0,200.0,U
4881,-61.54884874087199,15.532920514927198,200.0,200.0,U
4882,-61.548902496970726,15.532647439081265,200.0,200.0,U
4883,-61.547571602341876,15.533776965888404,200.0,200.0,U
4884,-61.54859293651766,15.532251244517367,200.0,200.0,U
4885,-61.548766989512,15.532264938294349,200.0,200.0,U
4886,-61.54924279234107,15.532563578287137,200.0,200.0,U
4887,-61.5495271526143,15.53214588800832,200.0,200.0,U
4888,-61.54766974730583,15.532579593840968,200.0,200.0,U
4889,-61.54892042998967,15.534429415855726,200.0,200.0,U
4890,-61.55117567688494,15.533090934715167,200.0,200.0,U
4891,-61.54713280866974,15.5332611056699,200.0,200.0,U
4892,-61.54994494288956,15.532561162986507,200.0,200.0,U
4893,-61.548380435082606,15.532557587182367,200.0,200.0,U
4894,-61.54904369692411,15.532626387411314,200.0,200.0,U
4895,-61.54966197773328,15.532907609965823,200.0,200.0,U
4896,-61.54896722226598,15.532658364528046,200.0,200.0,U
4897,-61.54700611615649,15.53174213605324,200.0,200.0,U
4898,-61.54578051765725,15.530180056737755,200.0,200.0,U
4899,-61.5485234069033,15.532372399783425,200.0,200.0,U
4900,-61.54957963841081,15.532136648145016,200.0,200.0,U
4901,-61.547674717504044,15.533395273567685,200.0,200.0,U
4902,-61.54798519237643,15.53395980077443,200.0,200.0,U
4903,-61.5480391786767,15.532047298028873,200.0,200.0,U
4904,-61.546647889785795,15.53297324754585,200.0,200.0,U
4905,-61.54774080946982,15.5321228937941,200.0,200.0,U
4906,-61.54883000544978,15.531818882645677,200.0,200.0,U
4907,-61.54898067640217,15.532717374110025,200.0,200.0,U
4908,-61.54897365593469,15.533888706123353,200.0,200.0,U
4909,-61.549103513807,15.529981907208182,200.0,200.0,U
4910,-61.54859756767495,15.533380083524104,200.0,200.0,U
4911,-61.54625408317851,15.53305497954183,200.0,200.0,U
4912,-61.547692840187004,15.533939950042393,200.0,200.0,U
4913,-61.55000238566312,15.533394907656051,200.0,200.0,U
4914,-61.55022519552991,15.531891567854132,200.0,200.0,U
4915,-61.54808338233339,15.53153662211786,200.0,200.0,U
4916,-61.550389368422486,15.531782185025584,200.0,200.0,U
4917,-61.55029443965492,15.534377945090071,200.0,200.0,U
4918,-61.54668532951278,15.530755732122293,200.0,200.0,U
4919,-61.547996562744444,15.533333208020911,200.0,200.0,U
4920,-61.549367865996736,15.533610071266429,200.0,200.0,U
4921,-61.54974221276221,15.534258845812351,200.0,200.0,U
4922,-61.54863807823063,15.532886913171403,200.0,200.0,U
4923,-61.547940961251186,15.534163579288236,200.0,200.0,U
4924,-61.54881856183464,15.532528012258199,200.0,200.0,U
4925,-61.55195292282289,15.533776186422852,200.0,200.0,U
4926,-61.547335890086714,15.532709943775332,200.0,200.0,U
4927,-61.54860448596181,15.532927308669105,200.0,200.0,U
4928,-61.54937618260865,15.5325062920307,200.0,200.0,U
4929,-61.54824208227583,15.532578282369677,200.0,200.0,U
4930,-61.55022899990826,15.533376421532934,200.0,200.0,U
4931,-61.5486202870578,15.532741134443999,200.0,200.0,U
4932,-61.548648501900566,15.533817580382232,200.0,200.0,U
4933,-61.55291434261777,15.530886206257517,200.0,200.0,U
4934,-61.54713130127302,15.533825777805836,200.0,200.0,U
4935,-61.548758937401786,15.53228985838034,200.0,200.0,U
4936,-61.550159226627144,15.532613039655574,200.0,200.0,U
4937,-61.550752721338256,15.533777975735681,200.0,200.0,U
4938,-61.548838689273445,15.532843899352578,200.0,200.0,U
4939,-61.54882434307555,15.532135470718917,200.0,200.0,U
4940,-61.54792845289379,15.533847193344007,200.0,200.0,U
4941,-61.548552043145335,15.533997826095618,200.0,200.0,U
4942,-61.55038645940463,15.530423082364951,200.0,200.0,U
4943,-61.55299473299427,15.531565829883828,200.0,200.0,U
4944,-61.55009875789968,15.5355110469554,200.0,200.0,U
4945,-61.54885741329655,15.532620748119394,200.0,200.0,U
4946,-61.54582314794504,15.53165197941195,200.0,200.0,U
4947,-61.55014187232602,15.532985296539907,200.0,200.0,U
4948,-61.5491839082278,15.532780050974178,200.0,200.0,U
4949,-61.54887158947838,15.533353081322769,200.0,200.0,U
4950,-61.54558491336589,15.5352396061784,200.0,200.0,U
4951,-61.54828653151131,15.532180815368669,200.0,200.0,U
4952,-61.54893983582413,15.533313831772627,200.0,200.0,U
4953,-61.54525056724967,15.533587941946022,200.0,200.0,U
4954,-61.549202682522605,15.532964011626222,200.0,200.0,U
4955,-61.54909151768805,15.533610325823084,200.0,200.0,U
4956,-61.548837883159834,15.537989315880347,200.0,200.0,U
4957,-61.54975181120417,15.53434790184621,200.0,200.0,U
4958,-61.550137697894534,15.532538003706222,200.0,200.0,U
4959,-61.549186683487285,15.532868085481455,200.0,200.0,U
4960,-61.550771959851716,15.534476049187472,200.0,200.0,U
4961,-61.54828758729517,15.532666459220003,200.0,200.0,U
4962,-61.551102014106206,15.5334136108075,200.0,200.0,U
4963,-61.54881738773889,15.533031301085524,200.0,200.0,U
4964,-61.54861064651708,15.53323854719699,200.0,200.0,U
4965,-61.548467157262735,15.532189433622731,200.0,200.0,U
4966,-61.549024017436004,15.533125743238713,200.0,200.0,U
4967,-61.549723705588264,15.53292997877922,200.0,200.0,U
4968,-61.5492323565515,15.533004761933764,200.0,200.0,U
4969,-61.54866435601646,15.531207954083932,200.0,200.0,U
4970,-61.55117939341272,15.53259198773802,200.0,200.0,U
4971,-61.55290669403949,15.532163582503172,200.0,200.0,U
4972,-61.550244781576545,15.533288383578602,200.0,200.0,U
4973,-61.54895358245322,15.535280323540718,200.0,200.0,U
4974,-61.548285719705376,15.533363779325,200.0,200.0,U
4975,-61.5493338911455,15.533035302532825,200.0,200.0,U
4976,-61.54898149949593,15.533748523163647,200.0,200.0,U
4977,-61.55063072889876,15.533018906932204,200.0,200.0,U
4978,-61.5516115957044,15.532122604814024,200.0,200.0,U
4979,-61.55024117202538,15.532949324501327,200.0,200.0,U
4980,-61.54883868194192,15.532933922240751,200.0,200.0,U
4981,-61.54813469136106,15.532336449547609,200.0,200.0,U
4982,-61.549274534908406,15.533097137400743,200.0,200.0,U
4983,-61.54788197631636,15.533472904776778,200.0,200.0,U
4984,-61.55088654386167,15.532183520636844,200.0,200.0,U
4985,-61.55098963540218,15.535760411310829,200.0,200.0,U
4986,-61.548792018575725,15.531075469699038,200.0,200.0,U
4987,-61.549150883970064,15.532470940621163,200.0,200.0,U
4988,-61.54957729927331,15.533628701099342,200.0,200.0,U
4989,-61.548175821658866,15.533047977889183,200.0,200.0,U
4990,-61.55081423123164,15.532570298833331,200.0,200.0,U
4991,-61.548295488069165,15.531702708151245,200.0,200.0,U
4992,-61.55006117345929,15.5327879177717,200.0,200.0,U
4993,-61.54727026381743,15.534944367715935,200.0,200.0,U
4994,-61.549206058688966,15.53296628693635,200.0,200.0,U
4995,-61.54703765126925,15.531645205612067,200.0,200.0,U
4996,-61.55137180580418,15.533337063487865,200.0,200.0,U
4997,-61.55063585463001,15.533959050171495,200.0,200.0,U
4998,-61.5480010431354,15.531976950493068,200.0,200.0,U
4999,-61.552428142927944,15.534210224147381,200.0,200.0,U
5000,-61.54893754486449,15.533542929701875,200.0,200.0,U
5001,-61.548762198084525,15.533079602441063,200.0,200.0,U
5002,-61.54603837648394,15.53244914610378,200.0,200.0,U
5003,-61.55118322963838,15.532137666879816,200.0,200.0,U
5004,-61.549214930738586,15.532940348587083,200.0,200.0,U
5005,-61.549637414931944,15.532814821564028,200.0,200.0,U
5006,-61.5493617328885,15.533183546857071,200.0,200.0,U
5007,-61.549466281387105,15.533413115403349,200.0,200.0,U
5008,-61.54911759533928,15.532672308194945,200.0,200.0,U
5009,-61.548488202724194,15.532601665700339,200.0,200.0,U
5010,-61.54875675590483,15.533137715283964,200.0,200.0,U
5011,-61.54817592534279,15.53387623573792,200.0,200.0,U
5012,-61.55014683520695,15.530188444550934,200.0,200.0,U
5013,-61.54969724896242,15.533741599061765,200.0,200.0,U
5014,-61.55129278904142,15.534432380840517,200.0,200.0,U
5015,-61.54905410095002,15.532441695347288,200.0,200.0,U
5016,-61.54820135231104,15.532044580377553,200.0,200.0,U
5017,-61.54947797061563,15.533419015499415,200.0,200.0,U
5018,-61.54878627755628,15.531778776210727,200.0,200.0,U
5019,-61.54879873908688,15.533121819693816,200.0,200.0,U
5020,-61.549192123656105,15.533325523094856,200.0,200.0,U
5021,-61.54929588430113,15.532896439539018,200.0,200.0,U
5022,-61.54837673424561,15.534316071967577,200.0,200.0,U
5023,-61.54836355698632,15.535514986301328,200.0,200.0,U
5024,-61.549406420198295,15.53431887260268,200.0,200.0,U
5025,-61.5514158132403,15.532337694816217,200.0,200.0,U
5026,-61.55259074359281,15.533329518450724,200.0,200.0,U
5027,-61.54943558378495,15.533353716768543,200.0,200.0,U
5028,-61.547448389257816,15.532258221280319,200.0,200.0,U
5029,-61.54923244401649,15.533617277460083,200.0,200.0,U
5030,-61.55044265238698,15.534915801252454,200.0,200.0,U
5031,-61.54945874370235,15.533245432605712,200.0,200.0,U
5032,-61.54951953297063,15.532543488192857,200.0,200.0,U
5033,-61.550893904922305,15.534061253489257,200.0,200.0,U
5034,-61.55083853511413,15.53226086442552,200.0,200.0,U
5035,-61.55038493070308,15.533795955901315,200.0,200.0,U
5036,-61.550195541211565,15.533736102661551,200.0,200.0,U
5037,-61.549321056896844,15.534333125617362,200.0,200.0,U
5038,-61.547996970825096,15.533486829595295,200.0,200.0,U
5039,-61.5481467570957,15.535065382882676,200.0,200.0,U
5040,-61.54842364295735,15.53318827562438,200.0,200.0,U
5041,-61.55223857551875,15.531849981392735,200.0,200.0,U
5042,-61.54825735909998,15.534304819933238,200.0,200.0,U
5043,-61.549426870220756,15.533606534808985,200.0,200.0,U
5044,-61.548693545054846,15.530975094016469,200.0,200.0,U
5045,-61.5500358487938,15.533185055189582,200.0,200.0,U
5046,-61.54901931756052,15.533969167556895,200.0,200.0,U
5047,-61.55136646286144,15.53596495285584,200.0,200.0,U
5048,-61.5480215190149,15.532515322984125,200.0,200.0,U
5049,-61.54946027879979,15.53479869667502,200.0,200.0,U
5050,-61.5495779254678,15.53192781573218,200.0,200.0,U
5051,-61.55110903872337,15.533088964917837,200.0,200.0,U
5052,-61.550979623619305,15.530508347442664,200.0,200.0,U
5053,-61.54968807283886,15.532960912037334,200.0,200.0,U
5054,-61.54972705640185,15.533507388239343,200.0,200.0,U
5055,-61.55069577137768,15.534497666455545,200.0,200.0,U
5056,-61.5500662774158,15.534631089413148,200.0,200.0,U
5057,-61.54985205462605,15.533031730295301,200.0,200.0,U
5058,-61.549978273377185,15.532335313154674,200.0,200.0,U
5059,-61.54769160991655,15.532243267945772,200.0,200.0,U
5060,-61.54924430627731,15.534463793518167,200.0,200.0,U
5061,-61.551172117511506,15.535246092175287,200.0,200.0,U
5062,-61.55022820719252,15.53212420240526,200.0,200.0,U
5063,-61.551959820236355,15.533942355125875,200.0,200.0,U
5064,-61.550222806899974,15.53384802077551,200.0,200.0,U
5065,-61.544775192266364,15.533506243776221,200.0,200.0,U
5066,-61.549545602562475,15.53347388955355,200.0,200.0,U
5067,-61.552821342164684,15.53347892137366,200.0,200.0,U
5068,-61.54783235023203,15.53315420788634,200.0,200.0,U
5069,-61.549468519057704,15.532875905226428,200.0,200.0,U
5070,-61.54967100476144,15.53436704492616,200.0,200.0,U
5071,-61.550424923746746,15.533543963062199,200.0,200.0,U
5072,-61.55010096789968,15.534447449899636,200.0,200.0,U
5073,-61.549116679451885,15.533569193935527,200.0,200.0,U
5074,-61.55215964829849,15.532129338014673,200.0,200.0,U
5075,-61.549744773722615,15.53467015671508,200.0,200.0,U
5076,-61.5500031024001,15.534033194629206,200.0,200.0,U
5077,-61.5499544136701,15.531906272939068,200.0,200.0,U
5078,-61.55281108994663,15.530769884905629,200.0,200.0,U
5079,-61.550532401553305,15.534364095836972,200.0,200.0,U
5080,-61.549771960418504,15.534487862526184,200.0,200.0,U
5081,-61.55004498063645,15.535382650778468,200.0,200.0,U
5082,-61.55351214454079,15.534507441175883,200.0,200.0,U
5083,-61.54962693552227,15.533609075945895,200.0,200.0,U
5084,-61.55121595943577,15.532574209732307,200.0,200.0,U
5085,-61.550133393361634,15.533831513525218,200.0,200.0,U
5086,-61.5483020875957,15.533411772261681,200.0,200.0,U
5087,-61.54959083837294,15.533716641344824,200.0,200.0,U
5088,-61.54971023831426,15.533633656246188,200.0,200.0,U
5089,-61.54936133819229,15.532102451601522,200.0,200.0,U
5090,-61.55008020808392,15.532274722424562,200.0,200.0,U
5091,-61.55090028377929,15.536259730732038,200.0,200.0,U
5092,-61.54968844103223,15.536880075378052,200.0,200.0,U
5093,-61.54784980408786,15.534565043763909,200.0,200.0,U
5094,-61.55070192799455,15.53444895469199,200.0,200.0,U
5095,-61.54734179702134,15.535788311538358,200.0,200.0,U
5096,-61.549385442537655,15.533753566903673,200.0,200.0,U
5097,-61.54951119695926,15.536598217376952,200.0,200.0,U
5098,-61.549858197694725,15.533785483717429,200.0,200.0,U
5099,-61.54965455407928,15.533668870269738,200.0,200.0,U
5100,-61.54817823206741,15.533323432338264,200.0,200.0,U
5101,-61.55010477700317,15.533750564654245,200.0,200.0,U
5102,-61.54927023475661,15.533882182847917,200.0,200.0,U
5103,-61.54995291795086,15.534976522378997,200.0,200.0,U
5104,-61.55055874483059,15.532397858781163,200.0,200.0,U
5105,-61.54734898048897,15.533033335042203,200.0,200.0,U
5106,-61.54956478017546,15.531803784810363,200.0,200.0,U
5107,-61.55124662614954,15.533815037629594,200.0,200.0,U
5108,-61.551145416388906,15.533317615738584,200.0,200.0,U
5109,-61.55080276382382,15.532637746130202,200.0,200.0,U
5110,-61.55117407726471,15.533124311509404,200.0,200.0,U
5111,-61.549725557899826,15.53375411234862,200.0,200.0,U
5112,-61.548331074423636,15.533883492654281,200.0,200.0,U
5113,-61.551073866968274,15.535271059291102,200.0,200.0,U
5114,-61.55070626439623,15.533590902367122,200.0,200.0,U
5115,-61.54951840761485,15.534716118546518,200.0,200.0,U
5116,-61.5494602273451,15.533388011949198,200.0,200.0,U
5117,-61.54930843785202,15.533907714928775,200.0,200.0,U
5118,-61.54982535264933,15.533649678701565,200.0,200.0,U
5119,-61.5490748388988,15.5326376126602,200.0,200.0,U
5120,-61.54987889699407,15.533229391152739,200.0,200.0,U
5121,-61.55064327705403,15.533405112907275,200.0,200.0,U
5122,-61.55083994373317,15.53349565953452,200.0,200.0,U
5123,-61.55194519747011,15.534939418575727,200.0,200.0,U
5124,-61.549701132512574,15.533438707104938,200.0,200.0,U
5125,-61.54775392604654,15.533185509161932,200.0,200.0,U
5126,-61.549669915882,15.53369908312822,200.0,200.0,U
5127,-61.550285268721076,15.533935127174047,200.0,200.0,U
5128,-61.54956484274865,15.533979389609373,200.0,200.0,U
5129,-61.5495541403156,15.533683117360928,200.0,200.0,U
5130,-61.55102522698651,15.532703144097537,200.0,200.0,U
5131,-61.55080343873654,15.535171231424938,200.0,200.0,U
5132,-61.55133717555686,15.533912290659082,200.0,200.0,U
5133,-61.55042958094885,15.533004561815224,200.0,200.0,U
5134,-61.55023752149759,15.534115245513618,200.0,200.0,U
5135,-61.54687923660803,15.534137836250947,200.0,200.0,U
5136,-61.55073268257239,15.533583541745505,200.0,200.0,U
5137,-61.54946893264566,15.534149358490668,200.0,200.0,U
5138,-61.54878351085837,15.534803319395415,200.0,200.0,U
5139,-61.54932914307981,15.5344873545308,200.0,200.0,U
5140,-61.55374973735897,15.53647605338522,200.0,200.0,U
5141,-61.55043819325904,15.535201119207478,200.0,200.0,U
5142,-61.5498996392228,15.536229337021625,200.0,200.0,U
5143,-61.54871352548308,15.534022378373296,200.0,200.0,U
5144,-61.55026027628573,15.533746563501484,200.0,200.0,U
5145,-61.552483607986275,15.534427417849718,200.0,200.0,U
5146,-61.55320240826205,15.534432701199723,200.0,200.0,U
5147,-61.54885304794922,15.532307142925983,200.0,200.0,U
5148,-61.549797008221006,15.533604141395527,200.0,200.0,U
5149,-61.54932660831177,15.53479398870463,200.0,200.0,U
5150,-61.54818442821386,15.532569936853038,200.0,200.0,U
5151,-61.552262170386975,15.535171410231987,200.0,200.0,U
5152,-61.550227285582615,15.533826665393109,200.0,200.0,U
5153,-61.55014538394871,15.53452034556845,200.0,200.0,U
5154,-61.55050852410098,15.53281039898372,200.0,200.0,U
5155,-61.54598202127125,15.535631828784949,200.0,200.0,U
5156,-61.54988353982,15.533956174948711,200.0,200.0,U
5157,-61.552402513578045,15.533257029964398,200.0,200.0,U
5158,-61.55051712367582,15.534311900489788,200.0,200.0,U
5159,-61.54776640539404,15.535343484651651,200.0,200.0,U
5160,-61.548903194991965,15.533714996709266,200.0,200.0,U
5161,-61.55007678142444,15.534215285609374,200.0,200.0,U
5162,-61.549976612529946,15.534099566063519,200.0,200.0,U
5163,-61.54577539375763,15.536907859182284,200.0,200.0,U
5164,-61.549345242025765,15.534401541288027,200.0,200.0,U
5165,-61.550026816915725,15.534192360893728,200.0,200.0,U
5166,-61.54991163976066,15.534651748866992,200.0,200.0,U
5167,-61.54771511439857,15.529264004872203,200.0,200.0,U
5168,-61.54957347332279,15.534674958403333,200.0,200.0,U
5169,-61.54786538830455,15.533211436589319,200.0,200.0,U
5170,-61.548521679012026,15.533752429729507,200.0,200.0,U
5171,-61.55042080680723,15.533299486084148,200.0,200.0,U
5172,-61.55050555176182,15.533303986080318,200.0,200.0,U
5173,-61.5488300472863,15.532680041771027,200.0,200.0,U
5174,-61.55214356575293,15.533994046257535,200.0,200.0,U
5175,-61.55125381584994,15.531975835851302,200.0,200.0,U
5176,-61.55271679503847,15.534084470728295,200.0,200.0,U
5177,-61.54964644930494,15.534793620495567,200.0,200.0,U
5178,-61.55160890090589,15.53388403641767,200.0,200.0,U
5179,-61.54986048670508,15.534760427723262,200.0,200.0,U
5180,-61.54981945905562,15.536522511326213,200.0,200.0,U
5181,-61.55147830471003,15.53274291815514,200.0,200.0,U
5182,-61.552334275105935,15.533935382468266,200.0,200.0,U
5183,-61.54904656611768,15.533995720419044,200.0,200.0,U
5184,-61.55061276084244,15.533488303148035,200.0,200.0,U
5185,-61.54757837801426,15.536316527080746,200.0,200.0,U
5186,-61.54948600591669,15.533782169223935,200.0,200.0,U
5187,-61.55011158940383,15.533341723062069,200.0,200.0,U
5188,-61.54979445440692,15.534626615898821,200.0,200.0,U
5189,-61.55233638039188,15.53371370890317,200.0,200.0,U
5190,-61.54873231421636,15.53324949438141,200.0,200.0,U
5191,-61.54929251559793,15.533037855616834,200.0,200.0,U
5192,-61.55197806233847,15.535395187260994,200.0,200.0,U
5193,-61.54633877404155,15.535084606349544,200.0,200.0,U
5194,-61.55286944816918,15.534702066191677,200.0,200.0,U
5195,-61.55035361022332,15.534286278248583,200.0,200.0,U
5196,-61.55053540835611,15.5342383812738,200.0,200.0,U
5197,-61.55011907332914,15.534284763277094,200.0,200.0,U
5198,-61.54949830475673,15.532841158698652,200.0,200.0,U
5199,-61.54821833952901,15.5357488162402,200.0,200.0,U
5200,-61.55131869386098,15.53442549611263,200.0,200.0,U
5201,-61.54911503431197,15.534095202483964,200.0,200.0,U
5202,-61.550045248285684,15.533757095822551,200.0,200.0,U
5203,-61.5495679770451,15.533863313430174,200.0,200.0,U
5204,-61.55085542910802,15.534402810106043,200.0,200.0,U
5205,-61.54966902164298,15.53541018129287,200.0,200.0,U
5206,-61.54992179524523,15.534761952110632,200.0,200.0,U
5207,-61.549193736089904,15.535108966291558,200.0,200.0,U
5208,-61.55046431806914,15.535286874267229,200.0,200.0,U
5209,-61.54879924006998,15.537044842804697,200.0,200.0,U
5210,-61.549842697415166,15.53499549438714,200.0,200.0,U
5211,-61.5501623767573,15.534108929082347,200.0,200.0,U
5212,-61.551355037516124,15.535596372155625,200.0,200.0,U
5213,-61.55472055468794,15.534155238027264,200.0,200.0,U
5214,-61.55103096828888,15.53361282612336,200.0,200.0,U
5215,-61.55033619906052,15.534947693986187,200.0,200.0,U
5216,-61.54921014077301,15.533478664803528,200.0,200.0,U
5217,-61.548412451644424,15.532519193777759,200.0,200.0,U
5218,-61.55064046953994,15.53504270390739,200.0,200.0,U
5219,-61.54899612043906,15.533382082045899,200.0,200.0,U
5220,-61.55068224405884,15.534951998577485,200.0,200.0,U
5221,-61.548234301808826,15.535773764978291,200.0,200.0,U
5222,-61.5504797741702,15.534107272212253,200.0,200.0,U
5223,-61.553511427532214,15.535362116649928,200.0,200.0,U
5224,-61.54940343393211,15.535855324966665,200.0,200.0,U
5225,-61.549583120600296,15.535139893018158,200.0,200.0,U
5226,-61.55037010813462,15.533464608411256,200.0,200.0,U
5227,-61.54989943896572,15.535057528874216,200.0,200.0,U
5228,-61.55034833839793,15.534280712512373,200.0,200.0,U
5229,-61.55006206766763,15.53574693382674,200.0,200.0,U
5230,-61.55038701198604,15.53480946849058,200.0,200.0,U
5231,-61.55073279575877,15.536363684325753,200.0,200.0,U
5232,-61.55054374170999,15.53552314313436,200.0,200.0,U
5233,-61.550332304082445,15.535028468952506,200.0,200.0,U
5234,-61.549576520296895,15.53451413860086,200.0,200.0,U
5235,-61.55114352334231,15.535139869289798,200.0,200.0,U
5236,-61.55404875703181,15.53548151313992,200.0,200.0,U
5237,-61.55016072714868,15.534334670681213,200.0,200.0,U
5238,-61.54765833838188,15.534563872229104,200.0,200.0,U
5239,-61.55033040485101,15.535155173264396,200.0,200.0,U
5240,-61.54918152011823,15.535678004201669,200.0,200.0,U
5241,-61.55091110303851,15.534142445900727,200.0,200.0,U
5242,-61.55051705785872,15.5345445933596,200.0,200.0,U
5243,-61.55021751138189,15.53427190769977,200.0,200.0,U
5244,-61.55322117430145,15.532524337431544,200.0,200.0,U
5245,-61.549322914881245,15.534211078233678,200.0,200.0,U
5246,-61.55068890173002,15.536497688441576,200.0,200.0,U
5247,-61.55016405168351,15.534872131252815,200.0,200.0,U
5248,-61.552031621658884,15.533606103874732,200.0,200.0,U
5249,-61.55071626862911,15.533959615065925,200.0,200.0,U
5250,-61.55051239884861,15.534408511000139,200.0,200.0,U
5251,-61.55339562915828,15.535600954930416,200.0,200.0,U
5252,-61.54843080625781,15.53502298733154,200.0,200.0,U
5253,-61.54967157632272,15.534431270476349,200.0,200.0,U
5254,-61.54929898592504,15.535452660275395,200.0,200.0,U
5255,-61.5479687211343,15.53461702862311,200.0,200.0,U
5256,-61.553859104928165,15.53148406662466,200.0,200.0,U
5257,-61.54861302823437,15.536928620511178,200.0,200.0,U
5258,-61.55116273088703,15.534770268159996,200.0,200.0,U
5259,-61.5492585759471,15.533216225572595,200.0,200.0,U
5260,-61.55008483776919,15.53548223347606,200.0,200.0,U
5261,-61.550256645428156,15.534511804784918,200.0,200.0,U
5262,-61.54830057808772,15.534255798715805,200.0,200.0,U
5263,-61.54964262698165,15.533287603217435,200.0,200.0,U
5264,-61.55277532676768,15.534065964324192,200.0,200.0,U
5265,-61.55159909548092,15.535072838234916,200.0,200.0,U
5266,-61.550790734163016,15.535094216994732,200.0,200.0,U
5267,-61.54998910459712,15.534674602712974,200.0,200.0,U
5268,-61.54934564515511,15.533440058923805,200.0,200.0,U
5269,-61.550467959123935,15.532599464884536,200.0,200.0,U
5270,-61.550853847447975,15.53404687194281,200.0,200.0,U
5271,-61.550226310564874,15.534558731301239,200.0,200.0,U
5272,-61.55064658080527,15.534521956537972,200.0,200.0,U
5273,-61.552362524538125,15.534207340856799,200.0,200.0,U
5274,-61.54885862963924,15.534300197138078,200.0,200.0,U
5275,-61.54875649603051,15.535832092174642,200.0,200.0,U
5276,-61.55117797181328,15.536006451998457,200.0,200.0,U
5277,-61.54956291388814,15.535597275032156,200.0,200.0,U
5278,-61.54773014009102,15.534144994970958,200.0,200.0,U
5279,-61.550691030808544,15.535049566063078,200.0,200.0,U
5280,-61.5517013930822,15.536476043573472,200.0,200.0,U
5281,-61.550520502627975,15.535140191699877,200.0,200.0,U
5282,-61.55017939837153,15.536121081779665,200.0,200.0,U
5283,-61.55028715251995,15.534592457680027,200.0,200.0,U
5284,-61.54816362062571,15.532809399900625,200.0,200.0,U
5285,-61.550817299631845,15.535688793885466,200.0,200.0,U
5286,-61.55169735685904,15.53412546277538,200.0,200.0,U
5287,-61.5506550216693,15.534464407790585,200.0,200.0,U
5288,-61.548455306151,15.535073318118506,200.0,200.0,U
5289,-61.550859018687255,15.534229031379043,200.0,200.0,U
5290,-61.54945513727594,15.538230231426763,200.0,200.0,U
5291,-61.553199103436235,15.533672003256378,200.0,200.0,U
5292,-61.55003636946628,15.53551422456738,200.0,200.0,U
5293,-61.54958924697488,15.534394807903944,200.0,200.0,U
5294,-61.54986242291233,15.534792722029625,200.0,200.0,U
5295,-61.548423530157585,15.535568566057961,200.0,200.0,U
5296,-61.55026169494456,15.532744792605182,200.0,200.0,U
5297,-61.55046907703798,15.534267365959204,200.0,200.0,U
5298,-61.54994829342308,15.53348613440178,200.0,200.0,U
5299,-61.550422519631276,15.534586139197447,200.0,200.0,U
5300,-61.55025414203845,15.534035155256895,200.0,200.0,U
5301,-61.550126040973915,15.534921154109467,200.0,200.0,U
5302,-61.549959166361795,15.535405786966956,200.0,200.0,U
5303,-61.55108895890414,15.534903733963429,200.0,200.0,U
5304,-61.548779022153916,15.533184610841559,200.0,200.0,U
5305,-61.55054447286394,15.53206812790768,200.0,200.0,U
5306,-61.55042077388923,15.534815479610666,200.0,200.0,U
5307,-61.55181544585527,15.534691024860303,200.0,200.0,U
5308,-61.550787852818786,15.533022024075445,200.0,200.0,U
5309,-61.552049855131926,15.533033729872832,200.0,200.0,U
5310,-61.55059795856001,15.535495974924704,200.0,200.0,U
5311,-61.54930025669287,15.535169186796473,200.0,200.0,U
5312,-61.552028410721505,15.533500943700577,200.0,200.0,U
5313,-61.553100400546285,15.535815773679966,200.0,200.0,U
5314,-61.553932591501415,15.535941440434403,200.0,200.0,U
5315,-61.550721807909994,15.534415079788511,200.0,200.0,U
5316,-61.550459985265555,15.534724161595822,200.0,200.0,U
5317,-61.5478403995664,15.535250845556222,200.0,200.0,U
5318,-61.551371765135315,15.535162490350704,200.0,200.0,U
5319,-61.54742123834879,15.535546194491218,200.0,200.0,U
5320,-61.54993625966205,15.530122780324133,200.0,200.0,U
5321,-61.55066908356084,15.534696317158668,200.0,200.0,U
5322,-61.550454986710896,15.534818273465126,200.0,200.0,U
5323,-61.55064148720293,15.534687411267011,200.0,200.0,U
5324,-61.548980948466266,15.534800520746492,200.0,200.0,U
5325,-61.54982469387963,15.536339911719415,200.0,200.0,U
5326,-61.55000138337387,15.533565249674735,200.0,200.0,U
5327,-61.55167498259825,15.535499200170525,200.0,200.0,U
5328,-61.55148036964932,15.535026435544173,200.0,200.0,U
5329,-61.549924477302696,15.534956389294672,200.0,200.0,U
5330,-61.55081423069848,15.538532956810565,200.0,200.0,U
5331,-61.550447398677434,15.534764671542053,200.0,200.0,U
5332,-61.54947542518057,15.534755566166782,200.0,200.0,U
5333,-61.5502258950645,15.536327580140702,200.0,200.0,U
5334,-61.550273622492334,15.536719345585707,200.0,200.0,U
5335,-61.551147625154975,15.535229335097636,200.0,200.0,U
5336,-61.55205313572522,15.53524705986594,200.0,200.0,U
5337,-61.550804123413926,15.5346651911815,200.0,200.0,U
5338,-61.549662361582975,15.533867678016037,200.0,200.0,U
5339,-61.550119862711185,15.535105613988451,200.0,200.0,U
5340,-61.550551553337925,15.534868965527199,200.0,200.0,U
5341,-61.54934163082644,15.535958475295438,200.0,200.0,U
5342,-61.550392820392226,15.53455773036556,200.0,200.0,U
5343,-61.55059654954229,15.534806716542843,200.0,200.0,U
5344,-61.55395979728748,15.53459893078533,200.0,200.0,U
5345,-61.55042260156713,15.53487998224359,200.0,200.0,U
5346,-61.55177557158876,15.534670261336334,200.0,200.0,U
5347,-61.5504254962965,15.534904189881718,200.0,200.0,U
5348,-61.55340945294117,15.532468535985142,200.0,200.0,U
5349,-61.55076459212902,15.534173400261656,200.0,200.0,U
5350,-61.551678262682614,15.53527932030225,200.0,200.0,U
5351,-61.550816260957866,15.534244841543499,200.0,200.0,U
5352,-61.550623168551446,15.534200558661222,200.0,200.0,U
5353,-61.547687038781554,15.535657074333631,200.0,200.0,U
5354,-61.55101357595193,15.533257700867129,200.0,200.0,U
5355,-61.55152251816914,15.533137517768072,200.0,200.0,U
5356,-61.5467200189018,15.532586252500849,200.0,200.0,U
5357,-61.551501123358356,15.5355037131732,200.0,200.0,U
5358,-61.55173901816701,15.534655650285947,200.0,200.0,U
5359,-61.551807997541076,15.532892427768488,200.0,200.0,U
5360,-61.55072767397014,15.535252015366343,200.0,200.0,U
5361,-61.54902572523901,15.531909803557566,200.0,200.0,U
5362,-61.55308594874465,15.533666188062552,200.0,200.0,U
5363,-61.550057908525226,15.534235922552591,200.0,200.0,U
5364,-61.55058101545895,15.534988476406712,200.0,200.0,U
5365,-61.55059409736921,15.53510583079847,200.0,200.0,U
5366,-61.54973351849444,15.533683897925654,200.0,200.0,U
5367,-61.5513339650861,15.534141526434986,200.0,200.0,U
5368,-61.5500739949861,15.535322307639426,200.0,200.0,U
5369,-61.551722518858796,15.53440609623677,200.0,200.0,U
5370,-61.55022847901608,15.534713865694437,200.0,200.0,U
5371,-61.55128658719976,15.534866365283504,200.0,200.0,U
5372,-61.549557521248616,15.535578389348554,200.0,200.0,U
5373,-61.551326494835926,15.535829459210223,200.0,200.0,U
5374,-61.55126257085061,15.536539802757048,200.0,200.0,U
5375,-61.55061344293692,15.5349623914929,200.0,200.0,U
5376,-61.54969774023889,15.535154028309448,200.0,200.0,U
5377,-61.55284063529158,15.533465105105398,200.0,200.0,U
5378,-61.55125313906981,15.53424201962486,200.0,200.0,U
5379,-61.54979051661395,15.533949875551059,200.0,200.0,U
5380,-61.55012338749602,15.535269038957217,200.0,200.0,U
5381,-61.54830448953942,15.537041538144608,200.0,200.0,U
5382,-61.55323691592938,15.536656166844589,200.0,200.0,U
5383,-61.55144240797571,15.534176390000466,200.0,200.0,U
5384,-61.54906486161439,15.536909534348426,200.0,200.0,U
5385,-61.551250120292494,15.533243275463244,200.0,200.0,U
5386,-61.550586301200035,15.534521377353181,200.0,200.0,U
5387,-61.55074016936376,15.53466711209616,200.0,200.0,U
5388,-61.54946859462656,15.53515087908231,200.0,200.0,U
5389,-61.55006442280229,15.535539503531643,200.0,200.0,U
5390,-61.5482614559917,15.536039288469455,200.0,200.0,U
5391,-61.5505506247384,15.535956290045219,200.0,200.0,U
5392,-61.551432257979634,15.536035377554718,200.0,200.0,U
5393,-61.55112222798707,15.53596543556584,200.0,200.0,U
5394,-61.5468682466619,15.532550880439338,200.0,200.0,U
5395,-61.551758109408496,15.53644281534414,200.0,200.0,U
5396,-61.54978504323669,15.53888022589407,200.0,200.0,U
5397,-61.5509616016424,15.535938865820881,200.0,200.0,U
5398,-61.54806118496475,15.534461157581852,200.0,200.0,U
5399,-61.55213518209973,15.536518943373649,200.0,200.0,U
5400,-61.551601223053716,15.534779776062198,200.0,200.0,U
5401,-61.55079827028812,15.535027681035558,200.0,200.0,U
5402,-61.55391128595499,15.53391370860094,200.0,200.0,U
5403,-61.55079639512823,15.536024162590389,200.0,200.0,U
5404,-61.55025971618112,15.533072392104373,200.0,200.0,U
5405,-61.55075642815147,15.535279788619347,200.0,200.0,U
5406,-61.55088696299442,15.535280322034591,200.0,200.0,U
5407,-61.54871345478437,15.530815003574917,200.0,200.0,U
5408,-61.54890245688113,15.534259903265527,200.0,200.0,U
5409,-61.55003270467273,15.53751810617482,200.0,200.0,U
5410,-61.550481268377084,15.53464268039172,200.0,200.0,U
5411,-61.551348968177585,15.536811910413599,200.0,200.0,U
5412,-61.55022837397355,15.535979772760845,200.0,200.0,U
5413,-61.55042549075024,15.534863949740377,200.0,200.0,U
5414,-61.55342866927895,15.534859421121991,200.0,200.0,U
5415,-61.55023951823443,15.535122209524284,200.0,200.0,U
5416,-61.55428320298868,15.5361643437781,200.0,200.0,U
5417,-61.54937381874223,15.537239676416336,200.0,200.0,U
5418,-61.548735067648934,15.533746399934826,200.0,200.0,U
5419,-61.55012498205036,15.536093074719282,200.0,200.0,U
5420,-61.55096194237141,15.535692205149697,200.0,200.0,U
5421,-61.552014227668586,15.534564324544894,200.0,200.0,U
5422,-61.547519351434495,15.530982008228055,200.0,200.0,U
5423,-61.54916821424943,15.53586378114888,200.0,200.0,U
5424,-61.55067030743923,15.535232670087362,200.0,200.0,U
5425,-61.55109704286762,15.536957361654464,200.0,200.0,U
5426,-61.549816809606945,15.534426789247112,200.0,200.0,U
5427,-61.55205964959268,15.535038982694408,200.0,200.0,U
5428,-61.547341638910325,15.534517438580247,200.0,200.0,U
5429,-61.55065986835332,15.535114560821699,200.0,200.0,U
5430,-61.55082635768443,15.53543619688776,200.0,200.0,U
5431,-61.55106890905966,15.535194502311375,200.0,200.0,U
5432,-61.551721351854674,15.535931083877854,200.0,200.0,U
5433,-61.55093942383422,15.534841601554701,200.0,200.0,U
5434,-61.55365559125493,15.536305793817892,200.0,200.0,U
5435,-61.55064076453329,15.53539712697324,200.0,200.0,U
5436,-61.550778967990524,15.53583388575586,200.0,200.0,U
5437,-61.55070562424586,15.534891461768852,200.0,200.0,U
5438,-61.551280524515676,15.535362783244624,200.0,200.0,U
5439,-61.55022741426149,15.536571695688432,200.0,200.0,U
5440,-61.55234451506511,15.53459488892779,200.0,200.0,U
5441,-61.55094385351023,15.535516960038155,200.0,200.0,U
5442,-61.55207072893416,15.53606615657566,200.0,200.0,U
5443,-61.55170459957691,15.535527072299951,200.0,200.0,U
5444,-61.55160665388227,15.535975100830433,200.0,200.0,U
5445,-61.550663704397934,15.536231084461107,200.0,200.0,U
5446,-61.55081655081376,15.535218077037507,200.0,200.0,U
5447,-61.54942059559611,15.535956836156775,200.0,200.0,U
5448,-61.54840195267596,15.536513848979316,200.0,200.0,U
5449,-61.551000322898005,15.53547692751051,200.0,200.0,U
5450,-61.55193279826524,15.535694047917522,200.0,200.0,U
5451,-61.55071071361407,15.535322667989687,200.0,200.0,U
5452,-61.553244219136495,15.536236930871919,200.0,200.0,U
5453,-61.550574239909444,15.536614463064325,200.0,200.0,U
5454,-61.55213968125037,15.53450761006289,200.0,200.0,U
5455,-61.55022392532438,15.533401930805562,200.0,200.0,U
5456,-61.5502362979514,15.534941262666027,200.0,200.0,U
5457,-61.55143570310351,15.53523888407839,200.0,200.0,U
5458,-61.548713669440424,15.537639626774924,200.0,200.0,U
5459,-61.55076625800159,15.535589861553866,200.0,200.0,U
5460,-61.552063552002934,15.534396444565868,200.0,200.0,U
5461,-61.54947638631692,15.536329742827819,200.0,200.0,U
5462,-61.55126678936513,15.534581536058507,200.0,200.0,U
5463,-61.55200458802794,15.535420338202432,200.0,200.0,U
5464,-61.55110147077201,15.53576590042785,200.0,200.0,U
5465,-61.55071506680861,15.535205993041396,200.0,200.0,U
5466,-61.55094129045864,15.535683370497333,200.0,200.0,U
5467,-61.550584142193756,15.535707055680076,200.0,200.0,U
5468,-61.5513746000291,15.535555154851236,200.0,200.0,U
5469,-61.550998283020014,15.53538839545756,200.0,200.0,U
5470,-61.55384475726755,15.53713500627722,200.0,200.0,U
5471,-61.54874166319075,15.53450934575229,200.0,200.0,U
5472,-61.55104961416584,15.535052215958498,200.0,200.0,U
5473,-61.55021738754947,15.534524699574424,200.0,200.0,U
5474,-61.550992486622086,15.535396295628667,200.0,200.0,U
5475,-61.55356054726435,15.536374890571517,200.0,200.0,U
5476,-61.55082272948237,15.535701024611312,200.0,200.0,U
5477,-61.551945796754566,15.53752896873727,200.0,200.0,U
5478,-61.55076036761504,15.535658453843707,200.0,200.0,U
5479,-61.54948552177027,15.535966542621473,200.0,200.0,U
5480,-61.55144031229619,15.533793176226398,200.0,200.0,U
5481,-61.55126042066504,15.537018329548339,200.0,200.0,U
5482,-61.550847428563216,15.535832716481334,200.0,200.0,U
5483,-61.551786926975375,15.535958490424608,200.0,200.0,U
5484,-61.549271517193624,15.535255554464744,200.0,200.0,U
5485,-61.553057322757695,15.536229471235568,200.0,200.0,U
5486,-61.55275548475389,15.533531218526809,200.0,200.0,U
5487,-61.549327914349526,15.536782412332219,200.0,200.0,U
5488,-61.556222982964066,15.536778483880017,200.0,200.0,U
5489,-61.551046673090944,15.535780721868369,200.0,200.0,U
5490,-61.54919295966164,15.53530194037678,200.0,200.0,U
5491,-61.55165047108116,15.5344968547252,200.0,200.0,U
5492,-61.55105326152464,15.536047565712808,200.0,200.0,U
5493,-61.55121713854059,15.537616599282558,200.0,200.0,U
5494,-61.55118559127346,15.53437988064906,200.0,200.0,U
5495,-61.55153591192496,15.535794600924788,200.0,200.0,U
5496,-61.5507827430533,15.535334592823347,200.0,200.0,U
5497,-61.55127175622785,15.536340535823891,200.0,200.0,U
5498,-61.54955024317313,15.533307069109501,200.0,200.0,U
5499,-61.551008166934295,15.53630852903672,200.0,200.0,U
5500,-61.548983573068035,15.534586913923398,200.0,200.0,U
5501,-61.54994136305883,15.535888018084307,200.0,200.0,U
5502,-61.55222285883893,15.536511101652883,200.0,200.0,U
5503,-61.54721237911961,15.53313076837566,200.0,200.0,U
5504,-61.55117806605471,15.53578049586588,200.0,200.0,U
5505,-61.55117722192382,15.535809650193434,200.0,200.0,U
5506,-61.5491879511378,15.533788558645794,200.0,200.0,U
5507,-61.55202518848452,15.536652132821338,200.0,200.0,U
5508,-61.55082463273359,15.535749382654249,200.0,200.0,U
5509,-61.55022539659894,15.538894209964996,200.0,200.0,U
5510,-61.55275751459653,15.535743938486867,200.0,200.0,U
5511,-61.55098912714194,15.533282845028388,200.0,200.0,U
5512,-61.55144804991267,15.535203531206678,200.0,200.0,U
5513,-61.55121969580067,15.534683750559031,200.0,200.0,U
5514,-61.550540685868924,15.534141337239763,200.0,200.0,U
5515,-61.553820825108566,15.53800089537467,200.0,200.0,U
5516,-61.55112116487918,15.535657427023049,200.0,200.0,U
5517,-61.550917024548944,15.535026762258035,200.0,200.0,U
5518,-61.55151636264245,15.534555306280705,200.0,200.0,U
5519,-61.55122937928222,15.536159756721393,200.0,200.0,U
5520,-61.55218353634274,15.536950722011097,200.0,200.0,U
5521,-61.55086886183762,15.535907144833608,200.0,200.0,U
5522,-61.55163213074375,15.53760574355515,200.0,200.0,U
5523,-61.548798470582604,15.535178566607556,200.0,200.0,U
5524,-61.55089914340295,15.535655635138305,200.0,200.0,U
5525,-61.550465282291526,15.534074598879792,200.0,200.0,U
5526,-61.55330113606169,15.534902272638687,200.0,200.0,U
5527,-61.55236761383755,15.534141228646218,200.0,200.0,U
5528,-61.55150543287594,15.533620211329646,200.0,200.0,U
5529,-61.55053101120179,15.53699285527091,200.0,200.0,U
5530,-61.55094194677108,15.536719982243099,200.0,200.0,U
5531,-61.54961721659364,15.53642434940171,200.0,200.0,U
5532,-61.54997120995539,15.535528134911813,200.0,200.0,U
5533,-61.54997516944648,15.538362507887815,200.0,200.0,U
5534,-61.54851175866019,15.533873302060892,200.0,200.0,U
5535,-61.55339872981834,15.534389810310017,200.0,200.0,U
5536,-61.55107893294202,15.533385397224562,200.0,200.0,U
5537,-61.54867735353691,15.536276907698868,200.0,200.0,U
5538,-61.551430215169596,15.538476578496109,200.0,200.0,U
5539,-61.548913567197594,15.534202516711794,200.0,200.0,U
5540,-61.551923163328034,15.536052198454811,200.0,200.0,U
5541,-61.55204155558458,15.53713790101592,200.0,200.0,U
5542,-61.549269526847375,15.536304529883301,200.0,200.0,U
5543,-61.55097838064768,15.536241056176756,200.0,200.0,U
5544,-61.55331958924761,15.534272546335465,200.0,200.0,U
5545,-61.55137117555094,15.536420758527306,200.0,200.0,U
5546,-61.5506124448323,15.535925325588405,200.0,200.0,U
5547,-61.54753726942425,15.53698411513152,200.0,200.0,U
5548,-61.553286350069605,15.534557435753447,200.0,200.0,U
5549,-61.550126469434666,15.540960907983255,200.0,200.0,U
5550,-61.5516880320957,15.535169500206548,200.0,200.0,U
5551,-61.55050728536952,15.53574374280902,200.0,200.0,U
5552,-61.552515230195745,15.53174926260546,200.0,200.0,U
5553,-61.55115144483005,15.535016001608922,200.0,200.0,U
5554,-61.55158894161756,15.536304334125756,200.0,200.0,U
5555,-61.55134177843381,15.53558737745093,200.0,200.0,U
5556,-61.55181471170748,15.536826766458239,200.0,200.0,U
5557,-61.55094034054855,15.537643010020213,200.0,200.0,U
5558,-61.55048770498188,15.53466852604654,200.0,200.0,U
5559,-61.55130651385869,15.535794804504606,200.0,200.0,U
5560,-61.553680691704855,15.538810008767907,200.0,200.0,U
5561,-61.551785367312036,15.535772955539663,200.0,200.0,U
5562,-61.551378639984534,15.537370586302666,200.0,200.0,U
5563,-61.55163351114872,15.535734941683458,200.0,200.0,U
5564,-61.54739320784835,15.535051704935682,200.0,200.0,U
5565,-61.551134529867866,15.537344048578113,200.0,200.0,U
5566,-61.55009982061205,15.538647255441427,200.0,200.0,U
5567,-61.54938189160119,15.536504140166437,200.0,200.0,U
5568,-61.55021091355622,15.535447689154573,200.0,200.0,U
5569,-61.55157109537338,15.53594053859212,200.0,200.0,U
5570,-61.55195955046571,15.537016588192612,200.0,200.0,U
5571,-61.55043024926516,15.535036079915631,200.0,200.0,U
5572,-61.55051616999062,15.535759080595223,200.0,200.0,U
5573,-61.55123719971298,15.537937311086521,200.0,200.0,U
5574,-61.550135053985166,15.537772504305634,200.0,200.0,U
5575,-61.55256652640785,15.535245046202787,200.0,200.0,U
5576,-61.55392395193559,15.535652059835236,200.0,200.0,U
5577,-61.55080363901361,15.536327205118114,200.0,200.0,U
5578,-61.55066366923196,15.535084648925933,200.0,200.0,U
5579,-61.550611952430636,15.53555402931516,200.0,200.0,U
5580,-61.550627994528035,15.534440561481762,200.0,200.0,U
5581,-61.5521511905251,15.53800742471482,200.0,200.0,U
5582,-61.55004750410765,15.537722208831859,200.0,200.0,U
5583,-61.55122283230458,15.536488340725718,200.0,200.0,U
5584,-61.5540357565658,15.53746748230339,200.0,200.0,U
5585,-61.55268509578144,15.53787632104787,200.0,200.0,U
5586,-61.55190280371933,15.535781376930656,200.0,200.0,U
5587,-61.552358463916,15.536593580929914,200.0,200.0,U
5588,-61.55171057084077,15.535977246392656,200.0,200.0,U
5589,-61.552708389775695,15.538360408566307,200.0,200.0,U
5590,-61.55022546988516,15.538460932554159,200.0,200.0,U
5591,-61.55173151708781,15.535608374344417,200.0,200.0,U
5592,-61.55183767544473,15.535530743606959,200.0,200.0,U
5593,-61.54914216646615,15.53732289308306,200.0,200.0,U
5594,-61.55076074834424,15.538116673716415,200.0,200.0,U
5595,-61.553916309271195,15.53514975835076,200.0,200.0,U
5596,-61.55217857077354,15.536020871509917,200.0,200.0,U
5597,-61.55148650753011,15.536115239151266,200.0,200.0,U
5598,-61.55019886091622,15.535829648588429,200.0,200.0,U
5599,-61.55024392570462,15.53566861328455,200.0,200.0,U
5600,-61.55197402149071,15.538078855654351,200.0,200.0,U
5601,-61.549678118104936,15.533904821283262,200.0,200.0,U
5602,-61.55109220769126,15.536124347404233,200.0,200.0,U
5603,-61.55231548284463,15.536340811533238,200.0,200.0,U
5604,-61.55393675159196,15.538688034731527,200.0,200.0,U
5605,-61.55423433459045,15.535587769045275,200.0,200.0,U
5606,-61.551370341864626,15.536643333638223,200.0,200.0,U
5607,-61.55143625600859,15.536413046663933,200.0,200.0,U
5608,-61.5517834362917,15.535903433401975,200.0,200.0,U
5609,-61.549442870367784,15.536297096548335,200.0,200.0,U
5610,-61.55145872076046,15.53627679850566,200.0,200.0,U
5611,-61.552042268087675,15.536792542362871,200.0,200.0,U
5612,-61.55231590864202,15.536737504125991,200.0,200.0,U
5613,-61.55217385186599,15.535489987188791,200.0,200.0,U
5614,-61.55203727196659,15.536630054496355,200.0,200.0,U
5615,-61.54849242228809,15.538720942030803,200.0,200.0,U
5616,-61.55043660792424,15.536098449453318,200.0,200.0,U
5617,-61.552342000764504,15.53593253879031,200.0,200.0,U
5618,-61.5520309746143,15.535832246551651,200.0,200.0,U
5619,-61.55136671363419,15.536449788637823,200.0,200.0,U
5620,-61.551405756818376,15.535257598779562,200.0,200.0,U
5621,-61.5501774734891,15.538899260456935,200.0,200.0,U
5622,-61.55093397704331,15.537216878304918,200.0,200.0,U
5623,-61.54995981160095,15.535539566225038,200.0,200.0,U
5624,-61.551287941147514,15.53695519705212,200.0,200.0,U
5625,-61.55240588559498,15.538163840124605,200.0,200.0,U
5626,-61.55146682193101,15.536645058794157,200.0,200.0,U
5627,-61.55124566220108,15.536151014093013,200.0,200.0,U
5628,-61.55214037795088,15.536737338330168,200.0,200.0,U
5629,-61.55378439275789,15.536623070782436,200.0,200.0,U
5630,-61.55140232304101,15.536661397608924,200.0,200.0,U
5631,-61.55001459621796,15.536426367741578,200.0,200.0,U
5632,-61.54981826514829,15.535068898831113,200.0,200.0,U
5633,-61.55083947942958,15.537482028146885,200.0,200.0,U
5634,-61.55071893990567,15.536208925551055,200.0,200.0,U
5635,-61.551305699599794,15.53760118624351,200.0,200.0,U
5636,-61.54718706278306,15.536357718066089,200.0,200.0,U
5637,-61.55358137360392,15.538683687095304,200.0,200.0,U
5638,-61.55186049175183,15.536100438312431,200.0,200.0,U
5639,-61.5518782936145,15.536377278591722,200.0,200.0,U
5640,-61.55089139776654,15.537797754656317,200.0,200.0,U
5641,-61.55227085687326,15.534360109722828,200.0,200.0,U
5642,-61.55210001148513,15.536796570506487,200.0,200.0,U
5643,-61.551575508667035,15.536952127899626,200.0,200.0,U
5644,-61.55049218395899,15.538008235154106,200.0,200.0,U
5645,-61.55218839471039,15.536055153900033,200.0,200.0,U
5646,-61.55269717056555,15.536645344646702,200.0,200.0,U
5647,-61.55025521695802,15.5366538358636,200.0,200.0,U
5648,-61.548599159004944,15.534792560620957,200.0,200.0,U
5649,-61.55119536188834,15.533948563338914,200.0,200.0,U
5650,-61.55347017862929,15.537858386038025,200.0,200.0,U
5651,-61.54836356831638,15.533013533994483,200.0,200.0,U
5652,-61.551107551331995,15.536667005990857,200.0,200.0,U
5653,-61.548281531819676,15.538301464077634,200.0,200.0,U
5654,-61.55260309780041,15.536354846357755,200.0,200.0,U
5655,-61.55260636096747,15.537051600444762,200.0,200.0,U
5656,-61.55220759216344,15.536532061728884,200.0,200.0,U
5657,-61.5510169136491,15.534658275480277,200.0,200.0,U
5658,-61.55178386337057,15.536198614607663,200.0,200.0,U
5659,-61.55064446748155,15.53777915654625,200.0,200.0,U
5660,-61.55207480093763,15.536368797702314,200.0,200.0,U
5661,-61.55111765322668,15.536567150375614,200.0,200.0,U
5662,-61.55129714770312,15.536747247538198,200.0,200.0,U
5663,-61.55193354657467,15.536602844842266,200.0,200.0,U
5664,-61.551860659627465,15.536640429254339,200.0,200.0,U
5665,-61.55158497999691,15.536439047057923,200.0,200.0,U
5666,-61.55146345685989,15.53655284188838,200.0,200.0,U
5667,-61.5525109025995,15.536076859485082,200.0,200.0,U
5668,-61.550954107739074,15.537200245971803,200.0,200.0,U
5669,-61.55178410003255,15.535375590510705,200.0,200.0,U
5670,-61.553336041132766,15.536296918047919,200.0,200.0,U
5671,-61.55118124241753,15.537341697075835,200.0,200.0,U
5672,-61.55015950181655,15.538402768699605,200.0,200.0,U
5673,-61.55163591228448,15.536610140677837,200.0,200.0,U
5674,-61.55199233325009,15.536917192479505,200.0,200.0,U
5675,-61.55030015378531,15.538171428442526,200.0,200.0,U
5676,-61.55178288565921,15.536536040480302,200.0,200.0,U
5677,-61.55197858711653,15.537738085459898,200.0,200.0,U
5678,-61.550020577792104,15.538485158786358,200.0,200.0,U
5679,-61.55159780452553,15.536094005401868,200.0,200.0,U
5680,-61.551266620372196,15.536983189811567,200.0,200.0,U
5681,-61.55198836732013,15.53547011683793,200.0,200.0,U
5682,-61.54944242182345,15.538638072139465,200.0,200.0,U
5683,-61.55366265278122,15.536839479623236,200.0,200.0,U
5684,-61.5495524240775,15.538662664457565,200.0,200.0,U
5685,-61.55130770049048,15.53656178774694,200.0,200.0,U
5686,-61.55104027714058,15.536003194874608,200.0,200.0,U
5687,-61.551906944618686,15.536762633062365,200.0,200.0,U
5688,-61.55279734523308,15.536790981540948,200.0,200.0,U
5689,-61.552200537473716,15.536435419674607,200.0,200.0,U
5690,-61.55171577643685,15.538721083774744,200.0,200.0,U
5691,-61.552057800159815,15.536255347017795,200.0,200.0,U
5692,-61.55171558518112,15.536756509825588,200.0,200.0,U
6249,-61.553712518544806,15.539260931156297,200.0,200.0,U
6250,-61.55361547613137,15.539772138983773,200.0,200.0,U
6251,-61.55577477269532,15.536501713712992,200.0,200.0,U
6252,-61.55369019616252,15.542610214531921,200.0,200.0,U
6253,-61.55070589428014,15.538306566451402,200.0,200.0,U
6254,-61.5552780859197,15.54124388272975,200.0,200.0,U
6255,-61.55298776614189,15.540791691253448,200.0,200.0,U
6256,-61.552496813732574,15.53965849037158,200.0,200.0,U
6257,-61.55543716829542,15.540860188615989,200.0,200.0,U
6258,-61.55068997796218,15.541299661281672,200.0,200.0,U
6259,-61.55341422439079,15.539581219974515,200.0,200.0,U
6260,-61.55311304027846,15.540149961043006,200.0,200.0,U
6261,-61.5525633259379,15.539797809548608,200.0,200.0,U
6262,-61.55334237113374,15.53994822291652,200.0,200.0,U
6263,-61.5533560521094,15.540020067125683,200.0,200.0,U
6264,-61.55506054898484,15.541855697224186,200.0,200.0,U
6265,-61.55404810078362,15.540560029436277,200.0,200.0,U
6266,-61.553480683770275,15.540061137836124,200.0,200.0,U
6267,-61.553963565600895,15.538969114747102,200.0,200.0,U
6268,-61.55236757625155,15.53885631469643,200.0,200.0,U
6269,-61.55226552921517,15.538339675405688,200.0,200.0,U
6270,-61.55345539026944,15.53988116494042,200.0,200.0,U
6271,-61.55343374462048,15.540243395052057,200.0,200.0,U
6272,-61.55359341377926,15.540016566261082,200.0,200.0,U
6273,-61.55556441886958,15.539113999944403,200.0,200.0,U
6274,-61.55124656782089,15.537019407145301,200.0,200.0,U
6275,-61.551852630980626,15.538830394675397,200.0,200.0,U
6276,-61.55255129565959,15.539280962432926,200.0,200.0,U
6277,-61.55467132969069,15.540118295139463,200.0,200.0,U
6278,-61.55320340271531,15.539639414079621,200.0,200.0,U
6279,-61.55335633384831,15.539978243726878,200.0,200.0,U
6280,-61.55422749228966,15.542163679676152,200.0,200.0,U
6281,-61.55326918232318,15.538937887510338,200.0,200.0,U
6282,-61.55523595519206,15.54011001317333,200.0,200.0,U
6283,-61.553497903011795,15.539953415748803,200.0,200.0,U
6284,-61.55450365970584,15.541229711706938,200.0,200.0,U
6285,-61.554480798435364,15.541552719165765,200.0,200.0,U
6286,-61.55382575549515,15.540827647224075,200.0,200.0,U
6287,-61.55349777969576,15.53922337502365,200.0,200.0,U
6288,-61.55341910277085,15.536345497595907,200.0,200.0,U
6289,-61.5535139497391,15.53997983434282,200.0,200.0,U
6290,-61.555834891688676,15.539293824708997,200.0,200.0,U
6291,-61.55332365564774,15.53985865356072,200.0,200.0,U
6292,-61.55459372863613,15.53986303190338,200.0,200.0,U
6293,-61.55361086603805,15.540064252341972,200.0,200.0,U
6294,-61.55361295656804,15.538584003148348,200.0,200.0,U
6295,-61.55307944202612,15.54110200379939,200.0,200.0,U
6296,-61.553378687544104,15.540397776317752,200.0,200.0,U
6297,-61.55339660228643,15.540226616274541,200.0,200.0,U
6298,-61.55378765954943,15.539756278253904,200.0,200.0,U
6299,-61.55309566377427,15.54141071992048,200.0,200.0,U
6300,-61.550025711786525,15.54192755812374,200.0,200.0,U
6301,-61.55144031556235,15.539704632007744,200.0,200.0,U
6302,-61.55389799663572,15.53990858719699,200.0,200.0,U
6303,-61.55306588886761,15.540545366941114,200.0,200.0,U
6304,-61.55422527888579,15.539829372164338,200.0,200.0,U
6305,-61.55290183743163,15.540567813404014,200.0,200.0,U
6306,-61.55603598759431,15.541844274238349,200.0,200.0,U
6307,-61.55112210380233,15.539974994883979,200.0,200.0,U
6308,-61.553531886560954,15.5414068279246,200.0,200.0,U
6309,-61.55401413977917,15.540103557380752,200.0,200.0,U
6310,-61.555164688314335,15.538899984134988,200.0,200.0,U
6311,-61.553862398430056,15.540726470112434,200.0,200.0,U
6312,-61.555126757980624,15.538831569768744,200.0,200.0,U
6313,-61.54904492199168,15.537110126969958,200.0,200.0,U
6314,-61.553823427760264,15.54033779253976,200.0,200.0,U
6315,-61.553844456098126,15.539128835173763,200.0,200.0,U
6316,-61.55400477209225,15.538321838133045,200.0,200.0,U
6317,-61.552890564223816,15.541620013950944,200.0,200.0,U
6318,-61.55301867350315,15.538572306797237,200.0,200.0,U
6319,-61.55356351722378,15.541625445902076,200.0,200.0,U
6320,-61.55379552593801,15.539874483913934,200.0,200.0,U
6321,-61.55583414589082,15.543030981561603,200.0,200.0,U
6322,-61.55362923453039,15.539603462456562,200.0,200.0,U
6323,-61.55444307844865,15.539087735060878,200.0,200.0,U
6324,-61.55421950922756,15.541878075481938,200.0,200.0,U
6325,-61.5534756635477,15.540314195558441,200.0,200.0,U
6326,-61.553338164052654,15.54412182545132,200.0,200.0,U
6327,-61.55361649956967,15.540189490115626,200.0,200.0,U
6328,-61.55428487854647,15.540532783137259,200.0,200.0,U
6329,-61.55342718927836,15.540322126500378,200.0,200.0,U
6330,-61.55498409270954,15.539732040380246,200.0,200.0,U
6331,-61.55388561080031,15.538147158384875,200.0,200.0,U
6332,-61.554950437816956,15.539205605922035,200.0,200.0,U
6333,-61.553707667900426,15.540229150225466,200.0,200.0,U
6334,-61.553750328625945,15.540408649088707,200.0,200.0,U
6335,-61.553232352946104,15.541242526345412,200.0,200.0,U
6336,-61.55349954377388,15.540642472294865,200.0,200.0,U
6337,-61.55546468572377,15.541481461800224,200.0,200.0,U
6338,-61.554629986874986,15.540703300110401,200.0,200.0,U
6339,-61.55439996929242,15.540241454218076,200.0,200.0,U
6340,-61.55651696985229,15.539726376142687,200.0,200.0,U
6341,-61.554081902362505,15.54049964036225,200.0,200.0,U
6342,-61.55255490210887,15.540196961351041,200.0,200.0,U
6343,-61.553358607006025,15.540254312921705,200.0,200.0,U
6344,-61.553040889854934,15.539155402399697,200.0,200.0,U
6345,-61.55141927507622,15.53852320361169,200.0,200.0,U
6346,-61.552810749137,15.539179457288917,200.0,200.0,U
6347,-61.554602125482475,15.537765947204353,200.0,200.0,U
6348,-61.553443680429496,15.540705928280902,200.0,200.0,U
6349,-61.55488610327411,15.541306660743027,200.0,200.0,U
6350,-61.55551476403458,15.542512836625322,200.0,200.0,U
6351,-61.555321341506406,15.54049619417128,200.0,200.0,U
6352,-61.55448653032292,15.540711613275601,200.0,200.0,U
6353,-61.5516945324614,15.539492641903953,200.0,200.0,U
6354,-61.550635285017876,15.543604621528374,200.0,200.0,U
6355,-61.553312070550646,15.540661032231931,200.0,200.0,U
6356,-61.55472873009428,15.539861353551355,200.0,200.0,U
6357,-61.55140082767588,15.53712825760949,200.0,200.0,U
6358,-61.55403490625918,15.539704043133385,200.0,200.0,U
6359,-61.55372737167988,15.540334426426156,200.0,200.0,U
6360,-61.55362536663919,15.54057273249258,200.0,200.0,U
6361,-61.552692849824304,15.540843645861747,200.0,200.0,U
6362,-61.55533221807122,15.536337688214969,200.0,200.0,U
6363,-61.55262085251261,15.541645399417954,200.0,200.0,U
6364,-61.551969903059906,15.543024210663463,200.0,200.0,U
6365,-61.55649158012387,15.538644949116946,200.0,200.0,U
6366,-61.55277702182322,15.541120288757915,200.0,200.0,U
6367,-61.55277060499608,15.539794698927814,200.0,200.0,U
6368,-61.553773940615635,15.540338109763878,200.0,200.0,U
6369,-61.554195065637856,15.540657267144692,200.0,200.0,U
6370,-61.555683053468734,15.53941141420002,200.0,200.0,U
6371,-61.554075673580265,15.538579273031834,200.0,200.0,U
6372,-61.55619510847153,15.537752765820825,200.0,200.0,U
6373,-61.55358867133779,15.54069966713837,200.0,200.0,U
6374,-61.55376294985408,15.540314875061771,200.0,200.0,U
6375,-61.55147975450313,15.540989568761194,200.0,200.0,U
6376,-61.557062957712695,15.537990557347992,200.0,200.0,U
6377,-61.55365913296712,15.539332865987914,200.0,200.0,U
6378,-61.55337674122384,15.539960682585168,200.0,200.0,U
6379,-61.552607671615476,15.537756089553252,200.0,200.0,U
6380,-61.55130885112621,15.541360387918546,200.0,200.0,U
6381,-61.55164297819332,15.540265057040992,200.0,200.0,U
6382,-61.55258141775737,15.541002101443368,200.0,200.0,U
6383,-61.55307133850353,15.540980965266577,200.0,200.0,U
6384,-61.55525926004083,15.539446545236606,200.0,200.0,U
6385,-61.55367324801307,15.541099708173356,200.0,200.0,U
6386,-61.555624327021256,15.540617664162552,200.0,200.0,U
6387,-61.55349618507258,15.541814958819957,200.0,200.0,U
6388,-61.555454913054014,15.537639080581286,200.0,200.0,U
6389,-61.556130002522764,15.544302461954173,200.0,200.0,U
6390,-61.55182297849467,15.539213082868537,200.0,200.0,U
6391,-61.552806431144106,15.54059156615524,200.0,200.0,U
6392,-61.55678052499632,15.540579057722717,200.0,200.0,U
6393,-61.55738122405958,15.540819685736746,200.0,200.0,U
6394,-61.5533930108276,15.541276743857498,200.0,200.0,U
6395,-61.5536914108926,15.540985550898236,200.0,200.0,U
6396,-61.55305149189818,15.539554793079754,200.0,200.0,U
6397,-61.55388962588606,15.54056827015533,200.0,200.0,U
6398,-61.55466009143376,15.540660375440215,200.0,200.0,U
6399,-61.55259788715784,15.541290311283596,200.0,200.0,U
6400,-61.55514923888401,15.54143733154326,200.0,200.0,U
6401,-61.554233424741035,15.541340064651592,200.0,200.0,U
6402,-61.55120563085371,15.540263006455477,200.0,200.0,U
6403,-61.556083884577994,15.541912106931035,200.0,200.0,U
6404,-61.553907208164816,15.54058258333172,200.0,200.0,U
6405,-61.5551458373876,15.54213211140836,200.0,200.0,U
6406,-61.55385680526235,15.54086484672638,200.0,200.0,U
6407,-61.5537894514167,15.540411233153945,200.0,200.0,U
6408,-61.55424946189741,15.540396336602798,200.0,200.0,U
6409,-61.556437618205514,15.541698302198538,200.0,200.0,U
6410,-61.55371742880194,15.538620827431616,200.0,200.0,U
6411,-61.55241928587582,15.539666167351019,200.0,200.0,U
6412,-61.55341083956631,15.540557660246762,200.0,200.0,U
6413,-61.55399109582447,15.540698782447736,200.0,200.0,U
6414,-61.55365389260084,15.540069464080904,200.0,200.0,U
6415,-61.55441131851506,15.539518441798196,200.0,200.0,U
6416,-61.55677358476303,15.540347426471914,200.0,200.0,U
6417,-61.55525073115472,15.54160018925974,200.0,200.0,U
6418,-61.55461650038163,15.54076012582544,200.0,200.0,U
6419,-61.553682429690575,15.54028710265724,200.0,200.0,U
6420,-61.55614878857717,15.54203740568665,200.0,200.0,U
6421,-61.55508465923924,15.54119145661583,200.0,200.0,U
6422,-61.55295118510691,15.541051522159558,200.0,200.0,U
6423,-61.55613504299915,15.541202333703172,200.0,200.0,U
6424,-61.55423679297759,15.541572678718618,200.0,200.0,U
6425,-61.554105914082804,15.540232102142351,200.0,200.0,U
6426,-61.555699549591175,15.541915598605632,200.0,200.0,U
6427,-61.5556678962413,15.540665702311195,200.0,200.0,U
6428,-61.552864314460635,15.541219690908772,200.0,200.0,U
6429,-61.553202155091896,15.540384881218838,200.0,200.0,U
6430,-61.55348371993781,15.541027755341824,200.0,200.0,U
6431,-61.55335415492319,15.540401102559265,200.0,200.0,U
6432,-61.55393458290006,15.541198059120962,200.0,200.0,U
6433,-61.556946748898866,15.540202358088964,200.0,200.0,U
6434,-61.55588729310455,15.540821588010145,200.0,200.0,U
6435,-61.55222395070369,15.541290243940356,200.0,200.0,U
6436,-61.54979451229648,15.543076129554727,200.0,200.0,U
6437,-61.552112432059516,15.543054390558288,200.0,200.0,U
6438,-61.553665643409865,15.540247125448412,200.0,200.0,U
6439,-61.55450683546412,15.540243330604103,200.0,200.0,U
6440,-61.55396874595237,15.540683650446043,200.0,200.0,U
6441,-61.55217186712642,15.537620224615317,200.0,200.0,U
6442,-61.55612605772775,15.54253747007855,200.0,200.0,U
6443,-61.55393120350471,15.540709244741032,200.0,200.0,U
6444,-61.55455695447535,15.54187586797156,200.0,200.0,U
6445,-61.55339616159799,15.541111114817566,200.0,200.0,U
6446,-61.55232325741694,15.54098393000036,200.0,200.0,U
6447,-61.553956263205606,15.540930430528247,200.0,200.0,U
6448,-61.55291123422387,15.54151572470707,200.0,200.0,U
6449,-61.55410057653036,15.540917700752253,200.0,200.0,U
6450,-61.55326574747194,15.541248917934414,200.0,200.0,U
6451,-61.55412613894517,15.54143748662024,200.0,200.0,U
6452,-61.55322144804978,15.542313721775766,200.0,200.0,U
6453,-61.55547606074436,15.540007520880813,200.0,200.0,U
6454,-61.55409632886701,15.541999597136888,200.0,200.0,U
6455,-61.55258073733571,15.542752425130391,200.0,200.0,U
6456,-61.554761297453865,15.54236236613833,200.0,200.0,U
6457,-61.55461702287046,15.543122956866737,200.0,200.0,U
6458,-61.55349940829276,15.54086624270382,200.0,200.0,U
6459,-61.55723431082238,15.541108035727557,200.0,200.0,U
6460,-61.55345941117239,15.540713321576922,200.0,200.0,U
6461,-61.55407148225126,15.540036055091253,200.0,200.0,U
6462,-61.5541952601744,15.540601947360175,200.0,200.0,U
6463,-61.55515474174077,15.538299097795806,200.0,200.0,U
6464,-61.55406232565763,15.540966047827174,200.0,200.0,U
6465,-61.55206339609546,15.543041835373518,200.0,200.0,U
6466,-61.55348791993002,15.542040393436727,200.0,200.0,U
6467,-61.55630342303794,15.539127102791904,200.0,200.0,U
6468,-61.554009703174685,15.540972340902812,200.0,200.0,U
6469,-61.55431424595483,15.540875092536838,200.0,200.0,U
6470,-61.554199316668324,15.542646461439544,200.0,200.0,U
6471,-61.555136424282516,15.540301160148827,200.0,200.0,U
6472,-61.553671706306574,15.543123044245595,200.0,200.0,U
6473,-61.55292466524049,15.53962237054674,200.0,200.0,U
6474,-61.55183646059845,15.536095285983896,200.0,200.0,U
6475,-61.55392641871064,15.540581148364968,200.0,200.0,U
6476,-61.554010956265486,15.5426748267435,200.0,200.0,U
6477,-61.55279821696597,15.541583994109448,200.0,200.0,U
6478,-61.55407564580908,15.54145534986148,200.0,200.0,U
6479,-61.552625629552615,15.540813391187644,200.0,200.0,U
6480,-61.555773321904965,15.540794047326113,200.0,200.0,U
6481,-61.55424819150382,15.540934915978573,200.0,200.0,U
6482,-61.55372788146206,15.54121146327524,200.0,200.0,U
6483,-61.55407363336827,15.539754698883385,200.0,200.0,U
6484,-61.55600324128903,15.541912643846576,200.0,200.0,U
6485,-61.554407631817455,15.539145996670241,200.0,200.0,U
6486,-61.55225601624129,15.543880966087192,200.0,200.0,U
6487,-61.55565541150402,15.538604232700889,200.0,200.0,U
6488,-61.551077794121845,15.54186390135811,200.0,200.0,U
6489,-61.554330844489336,15.540019850980546,200.0,200.0,U
6490,-61.55456733306195,15.54221592958794,200.0,200.0,U
6491,-61.55312818227372,15.540953568912444,200.0,200.0,U
6492,-61.55354062256772,15.538936217768017,200.0,200.0,U
6493,-61.5544662134164,15.54080299954554,200.0,200.0,U
6494,-61.55512104722893,15.539763369530911,200.0,200.0,U
6495,-61.55217267663372,15.542763455739157,200.0,200.0,U
6496,-61.55468102040371,15.542788536318241,200.0,200.0,U
6497,-61.552884945758784,15.539340003668915,200.0,200.0,U
6498,-61.55388190300051,15.541928929922458,200.0,200.0,U
6499,-61.55451600262747,15.542127352035921,200.0,200.0,U
6500,-61.5540731279396,15.540705506244096,200.0,200.0,U
6501,-61.553567157442615,15.540544799836741,200.0,200.0,U
6502,-61.55132267618483,15.538687491411235,200.0,200.0,U
6503,-61.55376612351974,15.542280937359513,200.0,200.0,U
6504,-61.55231869520568,15.540071734161977,200.0,200.0,U
6505,-61.55438121014378,15.541885163073315,200.0,200.0,U
6506,-61.55416367442502,15.54086993868872,200.0,200.0,U
6507,-61.555798611822475,15.540818882361581,200.0,200.0,U
6508,-61.553723776431745,15.540614936661806,200.0,200.0,U
6509,-61.55531543965197,15.542238995571378,200.0,200.0,U
6510,-61.55407824686697,15.54108722462313,200.0,200.0,U
6511,-61.55192409577951,15.540004855380463,200.0,200.0,U
6512,-61.553418332175625,15.541399231314669,200.0,200.0,U
6513,-61.55448034283607,15.53992660272749,200.0,200.0,U
6514,-61.5542226594123,15.54115028370582,200.0,200.0,U
6515,-61.555017764308786,15.53892472020446,200.0,200.0,U
6516,-61.555215344232664,15.541169400269503,200.0,200.0,U
6517,-61.556216658855895,15.541642462296004,200.0,200.0,U
6518,-61.55412706965011,15.541251199337376,200.0,200.0,U
6519,-61.552448227355086,15.54222004839036,200.0,200.0,U
6520,-61.55424086137545,15.541326219664063,200.0,200.0,U
6521,-61.55726693307854,15.541925873132646,200.0,200.0,U
6522,-61.55517879385155,15.539196978827711,200.0,200.0,U
6523,-61.55333928118443,15.541049285845238,200.0,200.0,U
6524,-61.5517910015929,15.541091073442326,200.0,200.0,U
6525,-61.550536798362415,15.539786121680052,200.0,200.0,U
6526,-61.55523881415154,15.539772377110053,200.0,200.0,U
6527,-61.55743183151844,15.53805007544081,200.0,200.0,U
6528,-61.5536749344188,15.541109366027658,200.0,200.0,U
6529,-61.554061480280744,15.542005646281744,200.0,200.0,U
6530,-61.55480877355126,15.541526551961605,200.0,200.0,U
6531,-61.55535500831902,15.539503282382887,200.0,200.0,U
6532,-61.55328435899336,15.542454358336547,200.0,200.0,U
6533,-61.55266262469225,15.54298261804698,200.0,200.0,U
6534,-61.55444682859207,15.541184070400124,200.0,200.0,U
6535,-61.55633316978283,15.540194146166682,200.0,200.0,U
6536,-61.55380380340822,15.540201277142527,200.0,200.0,U
6537,-61.55389576622852,15.54134860598615,200.0,200.0,U
6538,-61.55460640988392,15.541261098387125,200.0,200.0,U
6539,-61.554590563085114,15.541230282885738,200.0,200.0,U
6540,-61.55349484200577,15.541555684625795,200.0,200.0,U
6541,-61.55422866771377,15.541374679622814,200.0,200.0,U
6542,-61.55634387320177,15.541068230914668,200.0,200.0,U
6543,-61.55252712989247,15.540975365188999,200.0,200.0,U
6544,-61.55561535935916,15.54093640425413,200.0,200.0,U
6545,-61.557683082562114,15.542948436797463,200.0,200.0,U
6546,-61.55318256628727,15.539770071248084,200.0,200.0,U
6547,-61.55421836303631,15.539534140595531,200.0,200.0,U
6548,-61.5548194795882,15.540744862694883,200.0,200.0,U
6549,-61.553984711061624,15.543325752040715,200.0,200.0,U
6550,-61.55544084375885,15.539539598972645,200.0,200.0,U
6551,-61.555708231241056,15.540650631991499,200.0,200.0,U
6552,-61.55479306872435,15.5410037725988,200.0,200.0,U
6553,-61.554279570971865,15.541355793349853,200.0,200.0,U
6554,-61.55566542086255,15.538435350446726,200.0,200.0,U
6555,-61.554929491312556,15.542138324061646,200.0,200.0,U
6556,-61.554242223069934,15.541294757580495,200.0,200.0,U
6557,-61.553940070154454,15.541835343896057,200.0,200.0,U
6558,-61.554672997692734,15.540819901974746,200.0,200.0,U
6559,-61.55308745398611,15.541798269403396,200.0,200.0,U
6560,-61.5538169076549,15.543237046159145,200.0,200.0,U
6561,-61.55354854950206,15.540023828721559,200.0,200.0,U
6562,-61.55310752837837,15.542314239468217,200.0,200.0,U
6563,-61.556180733722044,15.543475153879001,200.0,200.0,U
6564,-61.5541086276057,15.543041525895225,200.0,200.0,U
6565,-61.554580570909735,15.540708894669592,200.0,200.0,U
6566,-61.55315279415185,15.541556766769695,200.0,200.0,U
6567,-61.55401092437183,15.542115239800287,200.0,200.0,U
6568,-61.553592608351124,15.54185874850603,200.0,200.0,U
6569,-61.555330385589514,15.541508036145286,200.0,200.0,U
6570,-61.55290831378229,15.543007301862206,200.0,200.0,U
6571,-61.554955085034095,15.541494407236582,200.0,200.0,U
6572,-61.55180531565947,15.540463327835635,200.0,200.0,U
6573,-61.554172188756425,15.541623432251194,200.0,200.0,U
6574,-61.55291124068443,15.543596827341307,200.0,200.0,U
6575,-61.55329745527847,15.542232444545084,200.0,200.0,U
6576,-61.554347188416784,15.54162970537985,200.0,200.0,U
6577,-61.55349153339629,15.542383558571563,200.0,200.0,U
6578,-61.55253870680212,15.540917297423706,200.0,200.0,U
6579,-61.55581668092888,15.54269934657958,200.0,200.0,U
6580,-61.5524268143936,15.540223984845028,200.0,200.0,U
6581,-61.554431784959355,15.541455816052954,200.0,200.0,U
6582,-61.55482249805208,15.54175350123533,200.0,200.0,U
6583,-61.55702543127974,15.542223297466194,200.0,200.0,U
6584,-61.554238183361385,15.542297840184554,200.0,200.0,U
6585,-61.55528937841424,15.539751185638016,200.0,200.0,U
6586,-61.5537184070482,15.540715210893383,200.0,200.0,U
6587,-61.55408385325283,15.543025931319178,200.0,200.0,U
6588,-61.55574019714737,15.542109564448605,200.0,200.0,U
6589,-61.55422276905424,15.54176256927647,200.0,200.0,U
6590,-61.55582618851365,15.53997562822728,200.0,200.0,U
6591,-61.55495708030006,15.541195452098952,200.0,200.0,U
6592,-61.55457760503833,15.541626319391659,200.0,200.0,U
6593,-61.55470712047368,15.542145300155703,200.0,200.0,U
6594,-61.55352735831368,15.541044424318066,200.0,200.0,U
6595,-61.553434121391554,15.542035289029135,200.0,200.0,U
6596,-61.555544310109795,15.540689131538171,200.0,200.0,U
6597,-61.55490868675277,15.544142131310046,200.0,200.0,U
6598,-61.55413767845149,15.541905347257233,200.0,200.0,U
6599,-61.55362262502367,15.542330153597886,200.0,200.0,U
6600,-61.55370010060484,15.542597016513435,200.0,200.0,U
6601,-61.553065303938666,15.541348842443746,200.0,200.0,U
6602,-61.55186033776454,15.542172446507294,200.0,200.0,U
6603,-61.553408154005,15.541431057343626,200.0,200.0,U
6604,-61.553326471516485,15.54044708330273,200.0,200.0,U
6605,-61.55389135053583,15.54177893237162,200.0,200.0,U
6606,-61.55640723918941,15.54057793304261,200.0,200.0,U
6607,-61.55375829431932,15.54348667230909,200.0,200.0,U
6608,-61.558297203792904,15.541338544310534,200.0,200.0,U
6609,-61.55540886860993,15.544345838471163,200.0,200.0,U
6610,-61.55408305349169,15.540498596917562,200.0,200.0,U
6611,-61.553888151779034,15.54174155128529,200.0,200.0,U
6612,-61.55416223758539,15.542577530370774,200.0,200.0,U
6613,-61.55508306167908,15.541807179903058,200.0,200.0,U
6614,-61.55172404200632,15.543162487316627,200.0,200.0,U
6615,-61.554650193067175,15.542113193741102,200.0,200.0,U
6616,-61.55615701346874,15.54390294719738,200.0,200.0,U
6617,-61.55431669986835,15.541897076069283,200.0,200.0,U
6618,-61.55493362646961,15.542023542641394,200.0,200.0,U
6619,-61.549271572327434,15.5424377874691,200.0,200.0,U
6620,-61.553687672493915,15.541478827217492,200.0,200.0,U
6621,-61.5544105849934,15.540623117482966,200.0,200.0,U
6622,-61.55450576739141,15.545272183388201,200.0,200.0,U
6623,-61.555760308750536,15.541752397226695,200.0,200.0,U
6624,-61.5562518182005,15.542126534388904,200.0,200.0,U
6625,-61.55667828400076,15.54241727958481,200.0,200.0,U
6626,-61.55433117903009,15.540747344449736,200.0,200.0,U
6627,-61.55644666774929,15.542990874048757,200.0,200.0,U
6628,-61.55546443361732,15.541656151765965,200.0,200.0,U
6629,-61.554344311150274,15.543189930987259,200.0,200.0,U
6630,-61.55557674747705,15.54151537346145,200.0,200.0,U
6631,-61.55344394234919,15.543545645698723,200.0,200.0,U
6632,-61.552159264165134,15.543007299109346,200.0,200.0,U
6633,-61.55413830165981,15.542882635580776,200.0,200.0,U
6634,-61.55391896921994,15.541229405878909,200.0,200.0,U
6635,-61.55536849571497,15.541985327664591,200.0,200.0,U
6636,-61.55185237445662,15.54222384045043,200.0,200.0,U
6637,-61.554911959983336,15.541732109342192,200.0,200.0,U
6638,-61.555119541488274,15.542773118719714,200.0,200.0,U
6639,-61.55457869222612,15.542017620669075,200.0,200.0,U
6640,-61.55068553034787,15.544247256725097,200.0,200.0,U
6641,-61.55387482381723,15.541591419770723,200.0,200.0,U
6642,-61.554700105718325,15.541317137431667,200.0,200.0,U
6643,-61.554796662562744,15.542110424507563,200.0,200.0,U
6644,-61.55425843319525,15.542007174329788,200.0,200.0,U
6645,-61.555153941974766,15.542609257598574,200.0,200.0,U
6646,-61.55659696009099,15.541398879182443,200.0,200.0,U
6647,-61.55640314373603,15.542718401741872,200.0,200.0,U
6648,-61.55505759789374,15.540606847340747,200.0,200.0,U
6649,-61.55547748915264,15.542459438518897,200.0,200.0,U
6650,-61.555598663805625,15.544333331520868,200.0,200.0,U
6651,-61.555009262786044,15.542210471912805,200.0,200.0,U
6652,-61.556962045588406,15.54309836266536,200.0,200.0,U
6653,-61.5564503428356,15.540664894346218,200.0,200.0,U
6654,-61.554430721095954,15.541180770598274,200.0,200.0,U
6655,-61.55418934973109,15.54162972482183,200.0,200.0,U
6656,-61.552971901008526,15.542584388206242,200.0,200.0,U
6657,-61.55464727599065,15.54052206906945,200.0,200.0,U
6658,-61.55458504423306,15.54206189057407,200.0,200.0,U
6659,-61.5546156512432,15.54092255028088,200.0,200.0,U
6660,-61.556585885576666,15.542434692260894,200.0,200.0,U
6661,-61.554914798223486,15.54023980774893,200.0,200.0,U
6662,-61.55624069415367,15.54212224026322,200.0,200.0,U
6663,-61.552954519994216,15.539818594040149,200.0,200.0,U
6664,-61.55396119451678,15.541342393887504,200.0,200.0,U
6665,-61.55550097124568,15.542958166117186,200.0,200.0,U
6666,-61.559691828144274,15.545076925621908,200.0,200.0,U
6667,-61.553633666727315,15.540916956667802,200.0,200.0,U
6668,-61.55273428756058,15.543777119049121,200.0,200.0,U
6669,-61.55764009670029,15.542555872673683,200.0,200.0,U
6670,-61.55586391141296,15.543910723424302,200.0,200.0,U
6671,-61.552109587811735,15.541069353819047,200.0,200.0,U
6672,-61.553595485400784,15.541807069011487,200.0,200.0,U
6673,-61.55616748332795,15.543315061744469,200.0,200.0,U
6674,-61.55461498562925,15.542119107749208,200.0,200.0,U
6675,-61.554676840173606,15.542011015583636,200.0,200.0,U
6676,-61.553812797264754,15.54451218968882,200.0,200.0,U
6677,-61.55746793315025,15.543369986233143,200.0,200.0,U
6678,-61.55339609986033,15.544236869940361,200.0,200.0,U
6679,-61.554052210893715,15.539689379201722,200.0,200.0,U
6680,-61.5537504751202,15.541392705455687,200.0,200.0,U
6681,-61.55510495752251,15.54350824915448,200.0,200.0,U
6682,-61.55459526999601,15.542201474809495,200.0,200.0,U
6683,-61.55355988387315,15.544262168434248,200.0,200.0,U
6684,-61.55548101644773,15.541063624533077,200.0,200.0,U
6685,-61.55469330394184,15.542542504270639,200.0,200.0,U
6686,-61.55464701549788,15.54073129576865,200.0,200.0,U
6687,-61.551964378838676,15.5396071456163,200.0,200.0,U
6688,-61.555980735547585,15.54384960035725,200.0,200.0,U
6689,-61.55409068094285,15.541703255699394,200.0,200.0,U
6690,-61.55453123928498,15.542140377338887,200.0,200.0,U
6691,-61.55224488303561,15.54456740824771,200.0,200.0,U
6692,-61.55255586350181,15.54409787639927,200.0,200.0,U
6693,-61.555692407428026,15.543114976865311,200.0,200.0,U
6694,-61.55353370081537,15.54525422228978,200.0,200.0,U
6695,-61.55622425803206,15.542107903904345,200.0,200.0,U
6696,-61.55278254019539,15.541444031846634,200.0,200.0,U
6697,-61.55313122140959,15.540240278855947,200.0,200.0,U
6698,-61.55497632209683,15.541944082149735,200.0,200.0,U
6699,-61.55674061829878,15.539451532625034,200.0,200.0,U
6700,-61.5546485735552,15.542291396800275,200.0,200.0,U
6701,-61.55357523155177,15.543507597724481,200.0,200.0,U
6702,-61.55386105375692,15.542598281765533,200.0,200.0,U
6703,-61.55419515851464,15.542532262745185,200.0,200.0,U
6704,-61.55435144116571,15.542869750169936,200.0,200.0,U
6705,-61.55228246884862,15.543879603627465,200.0,200.0,U
6706,-61.55541844810383,15.542064191149896,200.0,200.0,U
6707,-61.556241134442786,15.54272878406909,200.0,200.0,U
6708,-61.556478027392465,15.543914493980283,200.0,200.0,U
6709,-61.554924258093095,15.542922503018755,200.0,200.0,U
6710,-61.55464623795414,15.54248798323049,200.0,200.0,U
6711,-61.55429966134206,15.542504510290811,200.0,200.0,U
6712,-61.55663614544409,15.54530725106823,200.0,200.0,U
6713,-61.55694150247944,15.54292624145186,200.0,200.0,U
6714,-61.55519087441396,15.540709391704569,200.0,200.0,U
6715,-61.55591991961396,15.544073252565203,200.0,200.0,U
6716,-61.554810710462895,15.540976351458438,200.0,200.0,U
6717,-61.55460402489166,15.543212039503176,200.0,200.0,U
6718,-61.5537267442655,15.543242034238203,200.0,200.0,U
6719,-61.55513751995046,15.542107650389587,200.0,200.0,U
6720,-61.5544509596345,15.542912762775957,200.0,200.0,U
6721,-61.55396481246214,15.545260676064588,200.0,200.0,U
6722,-61.55481250441441,15.540762800836097,200.0,200.0,U
6723,-61.554164250344286,15.541032217698186,200.0,200.0,U
6724,-61.557610041168395,15.542179849253985,200.0,200.0,U
6725,-61.55455949744863,15.542800616386138,200.0,200.0,U
6726,-61.553153439271014,15.544562971620845,200.0,200.0,U
6727,-61.556186718821884,15.542618812411455,200.0,200.0,U
6728,-61.55462438735771,15.542787426196009,200.0,200.0,U
6729,-61.55512585141406,15.542582447457367,200.0,200.0,U
6730,-61.55467749820723,15.542474215813407,200.0,200.0,U
6731,-61.55593017347706,15.542103304549899,200.0,200.0,U
6732,-61.55621812692623,15.54193601792033,200.0,200.0,U
6733,-61.55548257098969,15.540755411461005,200.0,200.0,U
6734,-61.5558353033438,15.543186949205056,200.0,200.0,U
6735,-61.554966169953964,15.543973097456503,200.0,200.0,U
6736,-61.554716658711854,15.542697777685797,200.0,200.0,U
6737,-61.555159286446646,15.542870373945574,200.0,200.0,U
6738,-61.55561107041445,15.541252651913045,200.0,200.0,U
6739,-61.55350220673155,15.540603647863854,200.0,200.0,U
6740,-61.55622500648392,15.542609071370116,200.0,200.0,U
6741,-61.555543737176485,15.543082240316686,200.0,200.0,U
6742,-61.55544724461123,15.54297717570439,200.0,200.0,U
6743,-61.554740261647794,15.542599709212357,200.0,200.0,U
6744,-61.556049815875966,15.543251825037109,200.0,200.0,U
6745,-61.55387077547859,15.543419395323976,200.0,200.0,U
6746,-61.554584428321164,15.541594943904085,200.0,200.0,U
6747,-61.554775059392966,15.542548524965603,200.0,200.0,U
6748,-61.55471677189248,15.542666530877495,200.0,200.0,U
6749,-61.55551965233996,15.54154518383042,200.0,200.0,U
6750,-61.55517996381818,15.542571740274303,200.0,200.0,U
6751,-61.55614607469762,15.542925016956845,200.0,200.0,U
6752,-61.55479137284115,15.542547336339215,200.0,200.0,U
6753,-61.55367448980985,15.542307108092709,200.0,200.0,U
6754,-61.55392976343056,15.542433130788405,200.0,200.0,U
6755,-61.55130603886818,15.542011327836885,200.0,200.0,U
6756,-61.55617811495171,15.540888815948113,200.0,200.0,U
6757,-61.55478902572563,15.543861084863877,200.0,200.0,U
6758,-61.55451044559787,15.542663610211223,200.0,200.0,U
6759,-61.55725833395206,15.544117423069293,200.0,200.0,U
6760,-61.554602617940795,15.542899804725193,200.0,200.0,U
6761,-61.55483099088337,15.542662449839094,200.0,200.0,U
6762,-61.55427695803364,15.542534812931855,200.0,200.0,U
6763,-61.5553504408321,15.541954265210016,200.0,200.0,U
6764,-61.557609862796134,15.543181466613003,200.0,200.0,U
6765,-61.55241944791815,15.541937324275413,200.0,200.0,U
6766,-61.5537872684927,15.539613431794148,200.0,200.0,U
6767,-61.555641356932014,15.541249494178457,200.0,200.0,U
6768,-61.55721576190724,15.544235929608973,200.0,200.0,U
6769,-61.55598036728367,15.543694815814735,200.0,200.0,U
6770,-61.552642511782835,15.544228997342158,200.0,200.0,U
6771,-61.55463789499384,15.542684238897499,200.0,200.0,U
6772,-61.55494291142503,15.542074953362311,200.0,200.0,U
6773,-61.55445998576685,15.544489850992932,200.0,200.0,U
6774,-61.55575583638212,15.543935162649639,200.0,200.0,U
6775,-61.55566165427394,15.541733749231243,200.0,200.0,U
6776,-61.5552926960241,15.542100024148136,200.0,200.0,U
6777,-61.554716328036,15.542502040429868,200.0,200.0,U
6778,-61.55581427185966,15.543002527961553,200.0,200.0,U
6779,-61.556911685051034,15.54269580147318,200.0,200.0,U
6780,-61.55505323097325,15.542520070230022,200.0,200.0,U
6781,-61.55661887189478,15.541824182378742,200.0,200.0,U
6782,-61.55475036461223,15.542706706169456,200.0,200.0,U
6783,-61.553274796245674,15.542492324906686,200.0,200.0,U
6784,-61.55478040044006,15.54284221910617,200.0,200.0,U
6785,-61.556000448836286,15.541960218868079,200.0,200.0,U
6786,-61.554500183327,15.54375397578618,200.0,200.0,U
6787,-61.553956915886246,15.541302089464935,200.0,200.0,U
6788,-61.556217821128214,15.540310535434124,200.0,200.0,U
6789,-61.55384591712124,15.544095044439006,200.0,200.0,U
6790,-61.555810709534924,15.54416918226527,200.0,200.0,U
6791,-61.55709535744612,15.540316853642677,200.0,200.0,U
6792,-61.55386758683375,15.540162375647373,200.0,200.0,U
6793,-61.555014998834366,15.543558001687753,200.0,200.0,U
6794,-61.5552613145104,15.543924784773298,200.0,200.0,U
6795,-61.55358900857913,15.542413452887157,200.0,200.0,U
6796,-61.55327977408435,15.545927496481855,200.0,200.0,U
6797,-61.55337501590988,15.540738959086502,200.0,200.0,U
6798,-61.55385372794654,15.543824088462802,200.0,200.0,U
6799,-61.555542885664934,15.542519860215053,200.0,200.0,U
6800,-61.5547369569541,15.542580209175076,200.0,200.0,U
6801,-61.55410735543034,15.543006118290217,200.0,200.0,U
6802,-61.55532002504,15.54259230493688,200.0,200.0,U
6803,-61.55420835020622,15.539617889405916,200.0,200.0,U
6804,-61.55491931370785,15.542698404454018,200.0,200.0,U
6805,-61.55363282642218,15.545876992991607,200.0,200.0,U
6806,-61.553183473363816,15.544091221024228,200.0,200.0,U
6807,-61.55473401242887,15.542974460106773,200.0,200.0,U
6808,-61.553608246688604,15.543221624749401,200.0,200.0,U
6809,-61.55709709626858,15.54322877380138,200.0,200.0,U
6810,-61.55457956691911,15.542617544496812,200.0,200.0,U
6811,-61.55679524659762,15.543432948405583,200.0,200.0,U
6812,-61.55419416197604,15.542016585102441,200.0,200.0,U
6813,-61.552744248385245,15.542862015921733,200.0,200.0,U
6814,-61.55537067182294,15.54489125079716,200.0,200.0,U
6815,-61.554540817852505,15.542669871534942,200.0,200.0,U
6816,-61.55498890541199,15.541280424597735,200.0,200.0,U
6817,-61.55341214539216,15.544055724001606,200.0,200.0,U
6818,-61.554411222358034,15.544346272277595,200.0,200.0,U
6819,-61.557779397026465,15.541024107565004,200.0,200.0,U
6820,-61.554457970458444,15.54267776527338,200.0,200.0,U
6821,-61.5562395643484,15.54328380605278,200.0,200.0,U
6822,-61.55365994511411,15.54469861502118,200.0,200.0,U
6823,-61.554737198649846,15.543907866406343,200.0,200.0,U
6824,-61.55489087757963,15.543122480663381,200.0,200.0,U
6825,-61.556096107153905,15.544391768922598,200.0,200.0,U
6826,-61.55367993747564,15.544328206678857,200.0,200.0,U
6827,-61.55473574069418,15.54288068358688,200.0,200.0,U
6828,-61.55517787286171,15.542835082542949,200.0,200.0,U
6829,-61.555534959681175,15.54279395801509,200.0,200.0,U
6830,-61.55500902078429,15.54347234280521,200.0,200.0,U
6831,-61.55535967750602,15.543644662665127,200.0,200.0,U
6832,-61.55828691938737,15.543448155426521,200.0,200.0,U
6833,-61.55796076732776,15.543154710807972,200.0,200.0,U
6834,-61.55522046231098,15.545114007324731,200.0,200.0,U
6835,-61.55568809376425,15.542456471175933,200.0,200.0,U
6836,-61.555458306472815,15.542243784180167,200.0,200.0,U
6837,-61.55567015740119,15.545178060393223,200.0,200.0,U
6838,-61.55434323531604,15.543241182598155,200.0,200.0,U
6839,-61.555469662628305,15.54281106290138,200.0,200.0,U
6840,-61.552498261919204,15.545046780606787,200.0,200.0,U
6841,-61.55733203681979,15.543965464706565,200.0,200.0,U
6842,-61.55540473333479,15.546174704643587,200.0,200.0,U
6843,-61.554884471324165,15.543372677388401,200.0,200.0,U
6844,-61.55524847087053,15.543101775727825,200.0,200.0,U
6845,-61.55448634962905,15.540574205303923,200.0,200.0,U
6846,-61.554213320308826,15.54287698372698,200.0,200.0,U
6847,-61.55481579975496,15.543415863698188,200.0,200.0,U
6848,-61.55411088204075,15.544759312621904,200.0,200.0,U
6849,-61.55543123808877,15.544561907029399,200.0,200.0,U
6850,-61.55403044427318,15.545694905444368,200.0,200.0,U
6851,-61.5543778101233,15.543162133529247,200.0,200.0,U
6852,-61.55442836572758,15.543859578098948,200.0,200.0,U
6853,-61.55469253332449,15.542637445552062,200.0,200.0,U
6854,-61.554482493975975,15.543189687526697,200.0,200.0,U
6855,-61.55909444089312,15.542865946819338,200.0,200.0,U
6856,-61.555059600631154,15.543235896436824,200.0,200.0,U
6857,-61.55570915381357,15.545400337630921,200.0,200.0,U
6858,-61.55661199058233,15.541950990310067,200.0,200.0,U
6859,-61.55606044775186,15.544811265873633,200.0,200.0,U
6860,-61.55502004717433,15.543369469544869,200.0,200.0,U
6861,-61.55692569535813,15.543903774440894,200.0,200.0,U
6862,-61.553848869542904,15.545507262128131,200.0,200.0,U
6863,-61.55171291338771,15.542009253009853,200.0,200.0,U
6864,-61.555538012257536,15.544897364357098,200.0,200.0,U
6865,-61.55756522028232,15.54374480135568,200.0,200.0,U
6866,-61.55632361495335,15.5427489573618,200.0,200.0,U
6867,-61.55441035279704,15.546128379244914,200.0,200.0,U
6868,-61.55406462642665,15.541909514828031,200.0,200.0,U
6869,-61.55515118767099,15.543285889857948,200.0,200.0,U
6870,-61.55884328587949,15.542916369952977,200.0,200.0,U
6871,-61.55688128386192,15.543207813405152,200.0,200.0,U
6872,-61.55413206795823,15.544157757699487,200.0,200.0,U
6873,-61.556521778852144,15.543939129920739,200.0,200.0,U
6874,-61.55466552638208,15.544034956086232,200.0,200.0,U
6875,-61.555251034970134,15.54412574546963,200.0,200.0,U
6876,-61.555182644641405,15.543249289466955,200.0,200.0,U
6877,-61.55431908980959,15.542974090366343,200.0,200.0,U
6878,-61.55483792569326,15.543509171422164,200.0,200.0,U
6879,-61.55607931982768,15.543987030954977,200.0,200.0,U
6880,-61.55569567620671,15.544512536519854,200.0,200.0,U
6881,-61.554003795395445,15.543426637166531,200.0,200.0,U
6882,-61.55521670094464,15.543273027959515,200.0,200.0,U
6883,-61.55889433550547,15.541734586947012,200.0,200.0,U
6884,-61.555071565948865,15.539167506737147,200.0,200.0,U
6885,-61.554959269014866,15.543473444892264,200.0,200.0,U
6886,-61.55431367485204,15.543016831569219,200.0,200.0,U
6887,-61.55498932901919,15.542857698741098,200.0,200.0,U
6888,-61.555209746433796,15.543561762863467,200.0,200.0,U
6889,-61.555124707706334,15.543366443169162,200.0,200.0,U
6890,-61.55497807936646,15.543438906992638,200.0,200.0,U
6891,-61.553683811296175,15.543206512824971,200.0,200.0,U
6892,-61.55707475867977,15.546088962406065,200.0,200.0,U
6893,-61.55476235065167,15.540985217565492,200.0,200.0,U
6894,-61.55542350943308,15.542735027056569,200.0,200.0,U
6895,-61.5574230062456,15.543249299908506,200.0,200.0,U
6896,-61.55609152173185,15.54187367037222,200.0,200.0,U
6897,-61.55485450992639,15.543722286585512,200.0,200.0,U
6898,-61.55637836703331,15.542034404160175,200.0,200.0,U
6899,-61.5543153472603,15.543068571323992,200.0,200.0,U
6900,-61.553725313448275,15.542129378300912,200.0,200.0,U
6901,-61.55577922148809,15.543819520459987,200.0,200.0,U
6902,-61.55499033001182,15.543473478911139,200.0,200.0,U
6903,-61.5552573140256,15.543236756710792,200.0,200.0,U
6904,-61.55695135146706,15.545158828094559,200.0,200.0,U
6905,-61.555160374588255,15.546182212574033,200.0,200.0,U
6906,-61.556203959690606,15.543403484656974,200.0,200.0,U
6907,-61.554376024584414,15.54046583906698,200.0,200.0,U
6908,-61.55438368535748,15.545270145920988,200.0,200.0,U
6909,-61.55506637241165,15.543754129073225,200.0,200.0,U
6910,-61.55495972397837,15.543007064663225,200.0,200.0,U
6911,-61.555762311933485,15.543029653207281,200.0,200.0,U
6912,-61.556520994135155,15.543819712782316,200.0,200.0,U
6913,-61.55529533447942,15.543503227909968,200.0,200.0,U
6914,-61.554980559150565,15.543768702928078,200.0,200.0,U
6915,-61.55107035142575,15.543894044327079,200.0,200.0,U
6916,-61.55567919081162,15.54380769087335,200.0,200.0,U
6917,-61.55557254474781,15.543332456795845,200.0,200.0,U
6918,-61.55233350237933,15.541960467741127,200.0,200.0,U
6919,-61.555791394200156,15.54302227493354,200.0,200.0,U
6920,-61.555770457261026,15.542721711035087,200.0,200.0,U
6921,-61.55422105854222,15.544330193668968,200.0,200.0,U
6922,-61.55486254710118,15.543479634659557,200.0,200.0,U
6923,-61.5559938130297,15.544320412726039,200.0,200.0,U
6924,-61.55424308856187,15.543600205627229,200.0,200.0,U
6925,-61.55761328952061,15.543540970598807,200.0,200.0,U
6926,-61.5535879513188,15.544236403949068,200.0,200.0,U
6927,-61.554521327029576,15.543613344226493,200.0,200.0,U
6928,-61.556078584386924,15.546128799747661,200.0,200.0,U
6929,-61.55523573724478,15.543599694029647,200.0,200.0,U
6930,-61.555922209974376,15.542734728800951,200.0,200.0,U
6931,-61.55772381963325,15.545274139326668,200.0,200.0,U
6932,-61.556753072074166,15.542001414500511,200.0,200.0,U
6933,-61.55477265292178,15.543594179979221,200.0,200.0,U
6934,-61.554246471099745,15.545302293508808,200.0,200.0,U
6935,-61.555287052223264,15.54338177811792,200.0,200.0,U
6936,-61.55379798383446,15.542064379448755,200.0,200.0,U
6937,-61.55660770460307,15.544081709549554,200.0,200.0,U
6938,-61.55477792306455,15.542569458129577,200.0,200.0,U
6939,-61.55157159956176,15.543292158130003,200.0,200.0,U
6940,-61.55388402470831,15.544801086199941,200.0,200.0,U
6941,-61.55381031052376,15.544884159024527,200.0,200.0,U
6942,-61.55505050835128,15.54415740817352,200.0,200.0,U
6943,-61.55801100444595,15.542502889363774,200.0,200.0,U
6944,-61.55649106934918,15.54503965118643,200.0,200.0,U
6945,-61.55416442136318,15.541430629272877,200.0,200.0,U
6946,-61.55530438286045,15.543829345348174,200.0,200.0,U
6947,-61.55564362571838,15.541455878124355,200.0,200.0,U
6948,-61.553595193995314,15.545438339277009,200.0,200.0,U
6949,-61.55646322185605,15.543637222435178,200.0,200.0,U
6950,-61.55565986735913,15.543392475706446,200.0,200.0,U
6951,-61.556768208701776,15.544630548163576,200.0,200.0,U
6952,-61.55579157982686,15.544052617220505,200.0,200.0,U
6953,-61.555237292532716,15.543717210595403,200.0,200.0,U
6954,-61.55538502337388,15.544008913503978,200.0,200.0,U
6955,-61.55687279047354,15.543435180919152,200.0,200.0,U
6956,-61.555802158361374,15.543116072973847,200.0,200.0,U
6957,-61.55258129349198,15.543700560595854,200.0,200.0,U
6958,-61.552099746366146,15.543928125172505,200.0,200.0,U
6959,-61.55563635167269,15.543391283004768,200.0,200.0,U
6960,-61.55512778761762,15.544110176276888,200.0,200.0,U
6961,-61.55530466024188,15.541499546330803,200.0,200.0,U
6962,-61.556309572907445,15.543895652247764,200.0,200.0,U
6963,-61.55727099097297,15.545262783268992,200.0,200.0,U
6964,-61.55627914450007,15.542671324731913,200.0,200.0,U
6965,-61.555423109850594,15.54377924054396,200.0,200.0,U
6966,-61.554840995416875,15.54425498344047,200.0,200.0,U
6967,-61.55536147529525,15.54340439403888,200.0,200.0,U
6968,-61.55463842286503,15.544516662232875,200.0,200.0,U
6969,-61.55339953711002,15.543974700249244,200.0,200.0,U
6970,-61.558385420840736,15.542505002896048,200.0,200.0,U
6971,-61.55417607387676,15.544921916077044,200.0,200.0,U
6972,-61.55645532815681,15.544232978881933,200.0,200.0,U
6973,-61.55737611238447,15.544245971271607,200.0,200.0,U
6974,-61.55501948215986,15.545507826146904,200.0,200.0,U
6975,-61.55536386678244,15.542667739870101,200.0,200.0,U
6976,-61.55634788324516,15.541520655051674,200.0,200.0,U
6977,-61.555220824882696,15.545986217264614,200.0,200.0,U
6978,-61.552819547265024,15.542835149281412,200.0,200.0,U
6979,-61.55445915831008,15.542129249223162,200.0,200.0,U
6980,-61.55458008261928,15.544486668816157,200.0,200.0,U
6981,-61.55502665762576,15.541797849163846,200.0,200.0,U
6982,-61.5540759041969,15.544722335360126,200.0,200.0,U
6983,-61.557118142409344,15.543528357479369,200.0,200.0,U
6984,-61.55443887073138,15.544813542770001,200.0,200.0,U
6985,-61.554782733068826,15.542541332712743,200.0,200.0,U
6986,-61.555431284502255,15.544948176779641,200.0,200.0,U
6987,-61.55737587962638,15.546357595617224,200.0,200.0,U
6988,-61.55608830800811,15.543160498694533,200.0,200.0,U
6989,-61.55397801973719,15.543515588832184,200.0,200.0,U
6990,-61.55569878092519,15.545328691427175,200.0,200.0,U
6991,-61.556161062221,15.541114242510142,200.0,200.0,U
6992,-61.555153030765965,15.544291035692194,200.0,200.0,U
6993,-61.554727489342845,15.545540131827147,200.0,200.0,U
6994,-61.55358347688644,15.542432164007002,200.0,200.0,U
6995,-61.55555663830672,15.544183249615148,200.0,200.0,U
6996,-61.55866696454398,15.543038290349806,200.0,200.0,U
6997,-61.55847836042559,15.54453600499053,200.0,200.0,U
6998,-61.557173105802725,15.54435540142905,200.0,200.0,U
6999,-61.553710165605025,15.545211089573002,200.0,200.0,U
7000,-61.55551686514439,15.54430904732339,200.0,200.0,U
7001,-61.55458293555853,15.544061076814351,200.0,200.0,U
7002,-61.55627703027374,15.54316287275858,200.0,200.0,U
7003,-61.555373022332745,15.544523167811647,200.0,200.0,U
7004,-61.555599644510146,15.543764530904852,200.0,200.0,U
7005,-61.55525902965711,15.54442735465584,200.0,200.0,U
7006,-61.55459873719353,15.543723001812142,200.0,200.0,U
7007,-61.55514126048185,15.544178979077024,200.0,200.0,U
7008,-61.55787443077148,15.542133650864985,200.0,200.0,U
7009,-61.5554488177956,15.544411092685628,200.0,200.0,U
7010,-61.556222560926784,15.540214055689201,200.0,200.0,U
7011,-61.554991105673096,15.544430720856935,200.0,200.0,U
7012,-61.555172180844224,15.542892365491209,200.0,200.0,U
7013,-61.55483430786941,15.544984143495215,200.0,200.0,U
7014,-61.55582199599973,15.544892299418192,200.0,200.0,U
7015,-61.555959293291835,15.544632275714813,200.0,200.0,U
7016,-61.5554680102942,15.544598206703833,200.0,200.0,U
7017,-61.55826704988931,15.539941425719158,200.0,200.0,U
7018,-61.55644355549283,15.545626441009249,200.0,200.0,U
7019,-61.55558089600926,15.544094365544352,200.0,200.0,U
7020,-61.55648846829116,15.542857300832411,200.0,200.0,U
7021,-61.555710130638325,15.543941639373987,200.0,200.0,U
7022,-61.55280661219878,15.544515715421099,200.0,200.0,U
7023,-61.555944531540945,15.54481842217725,200.0,200.0,U
7024,-61.553301596487586,15.543937144156498,200.0,200.0,U
7025,-61.5552594981746,15.543364819604216,200.0,200.0,U
7026,-61.555324277006584,15.545214412374385,200.0,200.0,U
7027,-61.554975577592586,15.543708428274705,200.0,200.0,U
7028,-61.55877650710835,15.544138766227038,200.0,200.0,U
7029,-61.5559010741294,15.542927867667702,200.0,200.0,U
7030,-61.55361713010796,15.544036136009595,200.0,200.0,U
7031,-61.55577108514283,15.544326603081362,200.0,200.0,U
7032,-61.55650840292745,15.54252784569063,200.0,200.0,U
7033,-61.556808198632815,15.544095753454826,200.0,200.0,U
7034,-61.55522175492383,15.543689547398712,200.0,200.0,U
7035,-61.55547439710876,15.544152556469617,200.0,200.0,U
7036,-61.555974118369406,15.544305517974275,200.0,200.0,U
7037,-61.55440274701449,15.546015151909671,200.0,200.0,U
7038,-61.55591256729709,15.54466530535502,200.0,200.0,U
7039,-61.55386733841792,15.54476932826382,200.0,200.0,U
7040,-61.556990595813524,15.545462151427587,200.0,200.0,U
7041,-61.55606530594182,15.544119111497636,200.0,200.0,U
7042,-61.553862642234954,15.543840515703444,200.0,200.0,U
7043,-61.55613341218951,15.54372825352207,200.0,200.0,U
7044,-61.55298170636477,15.54346021426567,200.0,200.0,U
7045,-61.55450034418891,15.543090166547051,200.0,200.0,U
7046,-61.55639153580666,15.542678329657576,200.0,200.0,U
7047,-61.555606244116014,15.544025587226866,200.0,200.0,U
7048,-61.55556382223503,15.544527443752461,200.0,200.0,U
7049,-61.553398860525306,15.544567408181717,200.0,200.0,U
7050,-61.55472890475717,15.544179551425435,200.0,200.0,U
7051,-61.55619213794136,15.544068225432556,200.0,200.0,U
7052,-61.555769660140875,15.545017013616025,200.0,200.0,U
7053,-61.55659449723996,15.544941267976778,200.0,200.0,U
7054,-61.55540148867578,15.544396412535397,200.0,200.0,U
7055,-61.55471646376156,15.545445299659821,200.0,200.0,U
7056,-61.55258583065318,15.54066414324955,200.0,200.0,U
7057,-61.55520831709666,15.545496971074375,200.0,200.0,U
7058,-61.55583586143599,15.542691115092978,200.0,200.0,U
7059,-61.55798231019976,15.543730393354506,200.0,200.0,U
7060,-61.5540978960025,15.544470224460577,200.0,200.0,U
7061,-61.553361615993836,15.544123617956037,200.0,200.0,U
7062,-61.55652227063722,15.545425381870755,200.0,200.0,U
7063,-61.55494148481895,15.545041540708523,200.0,200.0,U
7064,-61.554426884723654,15.54540197993519,200.0,200.0,U
7065,-61.554097856512286,15.542001838418951,200.0,200.0,U
7066,-61.555546305936296,15.544467969054626,200.0,200.0,U
7067,-61.557266435874766,15.544500449177802,200.0,200.0,U
7068,-61.55668205345119,15.543220621854683,200.0,200.0,U
7069,-61.553514881473944,15.543681629689855,200.0,200.0,U
7070,-61.55162353165993,15.543083963656864,200.0,200.0,U
7071,-61.55586054577971,15.545206115508892,200.0,200.0,U
7072,-61.554212415549244,15.543939724972647,200.0,200.0,U
7073,-61.556909099584345,15.544327760314813,200.0,200.0,U
7074,-61.555591690583455,15.54562813383697,200.0,200.0,U
7075,-61.556826276954936,15.544469438899807,200.0,200.0,U
7076,-61.55564780576617,15.544481541435081,200.0,200.0,U
7077,-61.55523502656644,15.542480515193636,200.0,200.0,U
7078,-61.55565513561745,15.544437067283102,200.0,200.0,U
7079,-61.554678201867695,15.545192125386077,200.0,200.0,U
7080,-61.55599861708806,15.544115180122798,200.0,200.0,U
7081,-61.5552685815974,15.544877583922624,200.0,200.0,U
7082,-61.55493348915225,15.543791768679359,200.0,200.0,U
7083,-61.55626057410836,15.54500360677254,200.0,200.0,U
7084,-61.55524611188549,15.544226131835424,200.0,200.0,U
7085,-61.55492841731547,15.545288108769805,200.0,200.0,U
7086,-61.557466511214805,15.546867116657802,200.0,200.0,U
7087,-61.554378234602616,15.539682200031937,200.0,200.0,U
7088,-61.5531581464447,15.54587154267349,200.0,200.0,U
7089,-61.55533857228837,15.543924096074656,200.0,200.0,U
7090,-61.55284738521732,15.543678359724701,200.0,200.0,U
7091,-61.556122102881886,15.543713195304845,200.0,200.0,U
7092,-61.55208940379264,15.544305434842293,200.0,200.0,U
7093,-61.5529129810039,15.543165871428892,200.0,200.0,U
7094,-61.556480345146866,15.546217846377616,200.0,200.0,U
7095,-61.55657599451804,15.54422876441707,200.0,200.0,U
7096,-61.55674077852069,15.543936767571745,200.0,200.0,U
7097,-61.55567155201568,15.544621770850341,200.0,200.0,U
7098,-61.55584634143833,15.543270862602485,200.0,200.0,U
7099,-61.55671088492029,15.541823083738349,200.0,200.0,U
7100,-61.55883606712328,15.545714666049232,200.0,200.0,U
7101,-61.55612860333011,15.545259524215275,200.0,200.0,U
7102,-61.554444186017626,15.544445220204176,200.0,200.0,U
7103,-61.553906484787724,15.54401208419903,200.0,200.0,U
7104,-61.55596441204892,15.54419718998078,200.0,200.0,U
7105,-61.55499766364024,15.54437677009448,200.0,200.0,U
7106,-61.554878403707036,15.546257318509968,200.0,200.0,U
7107,-61.556290219064216,15.544881163645435,200.0,200.0,U
7108,-61.55751747473218,15.546830039022277,200.0,200.0,U
7109,-61.5550731434043,15.54528101091083,200.0,200.0,U
7110,-61.55601096176984,15.543907186097035,200.0,200.0,U
7111,-61.55313758554099,15.542485436259973,200.0,200.0,U
7112,-61.55758813274924,15.545890610073219,200.0,200.0,U
7113,-61.5557507394305,15.544680420952876,200.0,200.0,U
7114,-61.556051562991215,15.546189247378464,200.0,200.0,U
7115,-61.55533526843462,15.546137617828,200.0,200.0,U
7116,-61.55668095120984,15.546790293819846,200.0,200.0,U
7117,-61.55582793486084,15.544537473236936,200.0,200.0,U
7118,-61.55642873974806,15.545380457943615,200.0,200.0,U
7119,-61.55520473807651,15.541623363266913,200.0,200.0,U
7120,-61.55559085206289,15.545302860862169,200.0,200.0,U
7121,-61.5545650812721,15.5428244757686,200.0,200.0,U
7122,-61.55641029745887,15.547030480023556,200.0,200.0,U
7123,-61.55621986204124,15.544450109231887,200.0,200.0,U
7124,-61.55659567872565,15.547092418210685,200.0,200.0,U
7125,-61.559201462014805,15.545208491818567,200.0,200.0,U
7126,-61.55488527789773,15.545837333158648,200.0,200.0,U
7127,-61.55520629096377,15.545864370496288,200.0,200.0,U
7128,-61.556887217350855,15.545930909625296,200.0,200.0,U
7129,-61.55601275667659,15.541471425794123,200.0,200.0,U
7130,-61.55458429459602,15.544019570085553,200.0,200.0,U
7131,-61.556721264423295,15.541009077103151,200.0,200.0,U
7132,-61.55429799165817,15.54528665763474,200.0,200.0,U
7133,-61.557714783288816,15.545179026884254,200.0,200.0,U
7134,-61.556115462118164,15.542149289857624,200.0,200.0,U
7135,-61.55590082816625,15.544481335558698,200.0,200.0,U
7136,-61.555881662228884,15.545201184765173,200.0,200.0,U
7137,-61.55540884687759,15.544826297999961,200.0,200.0,U
7138,-61.55592840715925,15.543804303381162,200.0,200.0,U
7139,-61.55600087061492,15.544985653749453,200.0,200.0,U
7140,-61.553594646654375,15.542232649571384,200.0,200.0,U
7141,-61.55510973813114,15.544047986453565,200.0,200.0,U
7142,-61.555284969337556,15.54404814015907,200.0,200.0,U
7143,-61.556347801727696,15.547559093996066,200.0,200.0,U
7144,-61.55804020769661,15.54466696276691,200.0,200.0,U
7145,-61.55545226840279,15.545016371279655,200.0,200.0,U
7146,-61.55341565838271,15.547245285730725,200.0,200.0,U
7147,-61.55716992783346,15.546849173506988,200.0,200.0,U
7148,-61.557246725766426,15.546241241066706,200.0,200.0,U
7149,-61.55668137298115,15.544485098539305,200.0,200.0,U
7150,-61.55786014087268,15.545957250184278,200.0,200.0,U
7151,-61.55729077358446,15.547079092384378,200.0,200.0,U
7152,-61.555793877055855,15.545882213867982,200.0,200.0,U
7153,-61.55792614313785,15.542770782184673,200.0,200.0,U
7154,-61.55601413439653,15.54441800493312,200.0,200.0,U
7155,-61.554831859680625,15.544191955879697,200.0,200.0,U
7156,-61.555887732891165,15.544874263163628,200.0,200.0,U
7157,-61.556265430635676,15.546666312631157,200.0,200.0,U
7158,-61.55704742996166,15.545927977672493,200.0,200.0,U
7159,-61.554401637566755,15.542040491031525,200.0,200.0,U
7160,-61.555616600479425,15.5450418427128,200.0,200.0,U
7161,-61.555069732812555,15.544622707988989,200.0,200.0,U
7162,-61.55602927640337,15.544818245936991,200.0,200.0,U
7163,-61.55530461113645,15.544279887252777,200.0,200.0,U
7164,-61.5552986326935,15.545236521682876,200.0,200.0,U
7165,-61.55535928480512,15.546878556483472,200.0,200.0,U
7166,-61.55584703482839,15.544983897946809,200.0,200.0,U
7167,-61.55585807206372,15.55001277102324,200.0,200.0,U
7168,-61.554693248757445,15.545265973729101,200.0,200.0,U
7169,-61.555489861581975,15.543903706966459,200.0,200.0,U
7170,-61.55558597312574,15.544793020040833,200.0,200.0,U
7171,-61.55376118747128,15.542163301226475,200.0,200.0,U
7172,-61.555642541255814,15.544895494462693,200.0,200.0,U
7173,-61.55557071799114,15.547697706552267,200.0,200.0,U
7174,-61.55592572606028,15.544434980235794,200.0,200.0,U
7175,-61.556766857293006,15.545382107832523,200.0,200.0,U
7176,-61.55521509290406,15.541754688518216,200.0,200.0,U
7177,-61.55751968142477,15.545024740089419,200.0,200.0,U
7178,-61.55847399312817,15.542263849133457,200.0,200.0,U
7179,-61.55621606391837,15.546417777215474,200.0,200.0,U
7180,-61.55460546186705,15.542088280174655,200.0,200.0,U
7181,-61.55686380176965,15.543975131206922,200.0,200.0,U
7182,-61.55669455360117,15.546372461347483,200.0,200.0,U
7183,-61.556213288256096,15.542714175467554,200.0,200.0,U
7184,-61.55535923179987,15.544968636274474,200.0,200.0,U
7185,-61.55474661721076,15.543087062089436,200.0,200.0,U
7186,-61.55553912707072,15.54515607765905,200.0,200.0,U
7187,-61.557053023159725,15.543197188401725,200.0,200.0,U
7188,-61.553846207312766,15.545068613849429,200.0,200.0,U
7189,-61.55577187314759,15.545054206676463,200.0,200.0,U
7190,-61.55569767210173,15.544054268815138,200.0,200.0,U
7191,-61.55532266851854,15.545178020245668,200.0,200.0,U
7192,-61.55446424426386,15.547318435123612,200.0,200.0,U
7193,-61.55572694765556,15.545877861889519,200.0,200.0,U
7194,-61.55419331460836,15.544731011036825,200.0,200.0,U
7195,-61.55701550111508,15.54546254542057,200.0,200.0,U
7196,-61.55714618402267,15.543522922928293,200.0,200.0,U
7197,-61.559826841214615,15.54477602692551,200.0,200.0,U
7198,-61.55696029433079,15.54526088601277,200.0,200.0,U
7199,-61.552718201319394,15.545126656101363,200.0,200.0,U
7200,-61.555210161530944,15.545761739886329,200.0,200.0,U
7201,-61.55483936097316,15.547520002031696,200.0,200.0,U
7202,-61.55611796573545,15.545383109938955,200.0,200.0,U
7203,-61.55566925257626,15.54285439309761,200.0,200.0,U
7204,-61.55318299419855,15.543029001877207,200.0,200.0,U
7205,-61.55527708508479,15.548096590444313,200.0,200.0,U
7206,-61.556174107679524,15.544812713028943,200.0,200.0,U
7207,-61.55453793605535,15.544335207294255,200.0,200.0,U
7208,-61.55823645647548,15.546336744985744,200.0,200.0,U
7209,-61.5556658452608,15.544932523162526,200.0,200.0,U
7210,-61.55575628612582,15.54434130650376,200.0,200.0,U
7211,-61.55693802596546,15.544795452288021,200.0,200.0,U
7212,-61.555232898311246,15.546223475574193,200.0,200.0,U
7213,-61.55570643631921,15.545411770722563,200.0,200.0,U
7214,-61.55435890214504,15.546587811106518,200.0,200.0,U
7215,-61.55605698144107,15.54666056414601,200.0,200.0,U
7216,-61.55702102067962,15.545463891581928,200.0,200.0,U
7217,-61.55546782789933,15.54675354803648,200.0,200.0,U
7218,-61.55561138408668,15.544962415069975,200.0,200.0,U
7219,-61.55340071200376,15.547152043367143,200.0,200.0,U
7220,-61.55509097980803,15.544767970658487,200.0,200.0,U
7221,-61.55590046005945,15.545339463543812,200.0,200.0,U
7222,-61.55885738198082,15.543948914154557,200.0,200.0,U
7223,-61.55591360468722,15.545341747341014,200.0,200.0,U
7224,-61.5568994158258,15.546017279401543,200.0,200.0,U
7225,-61.55603957159113,15.546514031888242,200.0,200.0,U
7226,-61.55340202881827,15.545745884171254,200.0,200.0,U
7227,-61.55421569805632,15.545958950004994,200.0,200.0,U
7228,-61.554607876099965,15.544187275065687,200.0,200.0,U
7229,-61.55656554913544,15.544868600387515,200.0,200.0,U
7230,-61.55596458226708,15.545377619957934,200.0,200.0,U
7231,-61.55613849569554,15.54747367059001,200.0,200.0,U
7232,-61.558463930028324,15.546467662768816,200.0,200.0,U
7233,-61.55607154907945,15.54499009875443,200.0,200.0,U
7234,-61.55346768302504,15.544553532057542,200.0,200.0,U
7235,-61.55634886478702,15.545236477069329,200.0,200.0,U
7236,-61.556162905672004,15.546698544345029,200.0,200.0,U
7237,-61.556002212378026,15.548551398120171,200.0,200.0,U
7238,-61.55644154308558,15.546407186427896,200.0,200.0,U
7239,-61.55555064959391,15.54515271521982,200.0,200.0,U
7240,-61.557077269897405,15.54538935260447,200.0,200.0,U
7241,-61.55602051169297,15.545089724811373,200.0,200.0,U
7242,-61.55537979473789,15.54589944181804,200.0,200.0,U
7243,-61.55445583203873,15.54549911491454,200.0,200.0,U
7244,-61.555735427205946,15.547339096168772,200.0,200.0,U
7245,-61.55619666100653,15.54610007611946,200.0,200.0,U
7246,-61.55546072451338,15.544691907902363,200.0,200.0,U
7247,-61.55483233115039,15.543414268924382,200.0,200.0,U
7248,-61.55430621832884,15.54708716088459,200.0,200.0,U
7249,-61.554579715750634,15.547245741418923,200.0,200.0,U
7250,-61.555270287537375,15.545630768952073,200.0,200.0,U
7251,-61.557186568595355,15.545929061837581,200.0,200.0,U
7252,-61.55427161570839,15.54603356711504,200.0,200.0,U
7253,-61.55500173893699,15.54351802064469,200.0,200.0,U
7254,-61.55977784876292,15.546758339073424,200.0,200.0,U
7255,-61.55579443042453,15.545480886077483,200.0,200.0,U
7256,-61.55609792162741,15.54526697525169,200.0,200.0,U
7257,-61.554661552681274,15.546896946319814,200.0,200.0,U
7258,-61.55544777009179,15.54549891556188,200.0,200.0,U
7259,-61.55637633599995,15.544889900765169,200.0,200.0,U
7260,-61.556361879117865,15.545901357506263,200.0,200.0,U
7261,-61.55424890239345,15.545442282974337,200.0,200.0,U
7262,-61.556101463351254,15.543955496506925,200.0,200.0,U
7263,-61.55523329895614,15.545059732585147,200.0,200.0,U
7264,-61.558470428728185,15.545189687396961,200.0,200.0,U
7265,-61.55598646931181,15.546752421073176,200.0,200.0,U
7266,-61.5572605419497,15.547666660756489,200.0,200.0,U
7267,-61.556061588526994,15.54561799157808,200.0,200.0,U
7268,-61.55600139163637,15.545938785041407,200.0,200.0,U
7269,-61.55582953290576,15.545907242952424,200.0,200.0,U
7270,-61.55680597075952,15.546846669520933,200.0,200.0,U
7271,-61.55458749550059,15.54568755374144,200.0,200.0,U
7272,-61.557742915619535,15.546553762823098,200.0,200.0,U
7273,-61.55600289307655,15.543943989002976,200.0,200.0,U
7274,-61.556077103643084,15.545636845258025,200.0,200.0,U
7275,-61.553351893318585,15.54585284201646,200.0,200.0,U
7276,-61.556181602077686,15.54527145113707,200.0,200.0,U
7277,-61.55635640453542,15.546118619260293,200.0,200.0,U
7278,-61.554900672130785,15.545709119127471,200.0,200.0,U
7279,-61.55876486597613,15.544367927586372,200.0,200.0,U
7280,-61.5560771676512,15.545672934483715,200.0,200.0,U
7281,-61.555614682043306,15.54257803681681,200.0,200.0,U
7282,-61.553887402209334,15.54698486826257,200.0,200.0,U
7283,-61.55594152876239,15.54511435602686,200.0,200.0,U
7284,-61.55848623035492,15.54643189822091,200.0,200.0,U
7285,-61.558358453337966,15.544226875832303,200.0,200.0,U
7286,-61.555321866911946,15.545896661161725,200.0,200.0,U
7287,-61.55577457547769,15.545422436975265,200.0,200.0,U
7288,-61.557026452637324,15.544679707369253,200.0,200.0,U
7289,-61.55528222239188,15.54705206193199,200.0,200.0,U
7290,-61.55676180495545,15.545442637973661,200.0,200.0,U
7291,-61.557288979929666,15.546080099268114,200.0,200.0,U
7292,-61.55460066860008,15.546028525401772,200.0,200.0,U
7293,-61.55626251690212,15.547091326785672,200.0,200.0,U
7294,-61.55347253190092,15.545023342961134,200.0,200.0,U
7295,-61.55574528185094,15.547134812209922,200.0,200.0,U
7296,-61.55401858731099,15.548974271410572,200.0,200.0,U
7297,-61.55554823156046,15.546402020194941,200.0,200.0,U
7298,-61.554630807038016,15.545400835207426,200.0,200.0,U
7299,-61.55709548275232,15.546297893626692,200.0,200.0,U
7300,-61.555149876487945,15.54618620638449,200.0,200.0,U
7301,-61.55345165983821,15.546297694868546,200.0,200.0,U
7302,-61.55537048774808,15.546872472226799,200.0,200.0,U
7303,-61.55588813256271,15.545523922246902,200.0,200.0,U
7304,-61.55408240693177,15.547246824562679,200.0,200.0,U
7305,-61.55746002826552,15.546039997243897,200.0,200.0,U
7306,-61.55596149402497,15.544074886782463,200.0,200.0,U
7307,-61.55526957878667,15.542547843672025,200.0,200.0,U
7308,-61.55614399069983,15.545825810267537,200.0,200.0,U
7309,-61.55634685426416,15.546742405340492,200.0,200.0,U
7310,-61.55715386522878,15.54650617989627,200.0,200.0,U
7311,-61.55617075892363,15.545891938236949,200.0,200.0,U
7312,-61.55742246633075,15.5463500411658,200.0,200.0,U
7313,-61.55719918817533,15.545705541530477,200.0,200.0,U
7314,-61.552876527504985,15.544590542970164,200.0,200.0,U
7315,-61.55647881398436,15.544911773003815,200.0,200.0,U
7316,-61.55447907495764,15.548369581522708,200.0,200.0,U
7317,-61.55591341260211,15.545957583264753,200.0,200.0,U
7318,-61.55484616801378,15.5451549020991,200.0,200.0,U
7319,-61.55596128171633,15.54646505782948,200.0,200.0,U
7320,-61.55525332087306,15.548453234686201,200.0,200.0,U
7321,-61.556055017326784,15.546918912638642,200.0,200.0,U
7322,-61.55571129623123,15.546276462176674,200.0,200.0,U
7323,-61.55394131942103,15.545035787883837,200.0,200.0,U
7324,-61.55450383742036,15.548493349471853,200.0,200.0,U
7325,-61.556852444519855,15.545393219310197,200.0,200.0,U
7326,-61.554667715454656,15.546260698572967,200.0,200.0,U
7327,-61.55660439106023,15.545374464197662,200.0,200.0,U
7328,-61.55740292940321,15.54655885995775,200.0,200.0,U
7329,-61.553673391768626,15.547227618159678,200.0,200.0,U
7330,-61.559082262284456,15.544415848273426,200.0,200.0,U
7331,-61.555212487235906,15.548442461869735,200.0,200.0,U
7332,-61.55590978411835,15.54538875560971,200.0,200.0,U
7333,-61.55631724378756,15.546034449327523,200.0,200.0,U
7334,-61.555845860120726,15.546197330028294,200.0,200.0,U
7335,-61.555957592558194,15.546834987957268,200.0,200.0,U
7336,-61.554984965450664,15.544498806195055,200.0,200.0,U
7337,-61.55623687775162,15.546175213858108,200.0,200.0,U
7338,-61.55651639659156,15.546163860928974,200.0,200.0,U
7339,-61.555751791764855,15.545367778283577,200.0,200.0,U
7340,-61.55776812525218,15.54559177282075,200.0,200.0,U
7341,-61.55607945358611,15.546044522006257,200.0,200.0,U
7342,-61.553545765652444,15.546001316147496,200.0,200.0,U
7343,-61.556063824050554,15.550380357586889,200.0,200.0,U
7344,-61.55495832115399,15.54459225305298,200.0,200.0,U
7345,-61.55539137399725,15.544301478109768,200.0,200.0,U
7346,-61.55554017560845,15.54641428654242,200.0,200.0,U
7347,-61.55632937481732,15.545633367350437,200.0,200.0,U
7348,-61.55695983250421,15.547478903880751,200.0,200.0,U
7349,-61.55547493470148,15.548440806555696,200.0,200.0,U
7350,-61.55839124297278,15.548103823028692,200.0,200.0,U
7351,-61.55628930185028,15.546093163962393,200.0,200.0,U
7352,-61.55599821800239,15.545572603385631,200.0,200.0,U
7353,-61.55610629677913,15.545864761520045,200.0,200.0,U
7354,-61.55590020882416,15.546232831683264,200.0,200.0,U
7355,-61.55624219288022,15.546130145597672,200.0,200.0,U
7356,-61.55558359887508,15.54677628885793,200.0,200.0,U
7357,-61.55365186311217,15.54560776193904,200.0,200.0,U
7358,-61.55666788795126,15.54574264911384,200.0,200.0,U
7359,-61.55629779153099,15.546224872608887,200.0,200.0,U
7360,-61.556635351165255,15.545149453778917,200.0,200.0,U
7361,-61.55628635312228,15.546658859634732,200.0,200.0,U
7362,-61.55583579420156,15.546380768577281,200.0,200.0,U
7363,-61.55676292939184,15.546520283959612,200.0,200.0,U
7364,-61.558350023836816,15.546458666358623,200.0,200.0,U
7365,-61.556138095410184,15.546112774684651,200.0,200.0,U
7366,-61.555904386191045,15.543719134918653,200.0,200.0,U
7367,-61.556304418994806,15.54601935805205,200.0,200.0,U
7368,-61.55608414837836,15.547408762843432,200.0,200.0,U
7369,-61.55928807504735,15.546829404182589,200.0,200.0,U
7370,-61.55534541690523,15.54549466774293,200.0,200.0,U
7371,-61.556905043061796,15.547101792254743,200.0,200.0,U
7372,-61.55722686844168,15.546857869598558,200.0,200.0,U
7373,-61.55707921122162,15.548139780369267,200.0,200.0,U
7374,-61.55951333612913,15.544619549344143,200.0,200.0,U
7375,-61.55844773764778,15.546001390103175,200.0,200.0,U
7376,-61.55582723892509,15.54440646180622,200.0,200.0,U
7377,-61.55697958595115,15.54488640910858,200.0,200.0,U
7378,-61.55576089391105,15.546097737954325,200.0,200.0,U
7379,-61.556236267808785,15.544369227907215,200.0,200.0,U
7380,-61.55623574227387,15.544323101438872,200.0,200.0,U
7381,-61.55607518703143,15.545097550784796,200.0,200.0,U
7382,-61.558948523563856,15.544765933537489,200.0,200.0,U
7383,-61.55631190550725,15.546277730785965,200.0,200.0,U
7384,-61.55298276877396,15.545990907840705,200.0,200.0,U
7385,-61.555946285493576,15.544401259396343,200.0,200.0,U
7386,-61.55531489235844,15.547756144030743,200.0,200.0,U
7387,-61.55654027858483,15.546590340170102,200.0,200.0,U
7388,-61.5559517805228,15.544949067355999,200.0,200.0,U
7389,-61.554894118506844,15.550893898747052,200.0,200.0,U
7390,-61.55759624418187,15.545883932636535,200.0,200.0,U
7391,-61.55873676370478,15.551963056486239,200.0,200.0,U
7392,-61.557644709014795,15.548111704426578,200.0,200.0,U
7393,-61.55742972011161,15.547005852441874,200.0,200.0,U
7394,-61.553692770356356,15.545057344490132,200.0,200.0,U
7395,-61.55553573782152,15.546357821978324,200.0,200.0,U
7396,-61.55638470316222,15.546259934249603,200.0,200.0,U
7397,-61.55720351857655,15.544967830008579,200.0,200.0,U
7398,-61.55762103621952,15.545868150056917,200.0,200.0,U
7399,-61.55481593328166,15.543593002252372,200.0,200.0,U
7400,-61.556525061467774,15.546597477911941,200.0,200.0,U
7401,-61.556862859395,15.54470927699731,200.0,200.0,U
7402,-61.55605186757181,15.547333673186955,200.0,200.0,U
7403,-61.55626718035119,15.546781524997321,200.0,200.0,U
7404,-61.556257404559545,15.546476663621105,200.0,200.0,U
7405,-61.55541953838533,15.547821900782937,200.0,200.0,U
7406,-61.55448911588409,15.547780505727653,200.0,200.0,U
7407,-61.55643080239998,15.546567097088785,200.0,200.0,U
7408,-61.55470377178877,15.547562171343685,200.0,200.0,U
7409,-61.55440280583316,15.54463666783874,200.0,200.0,U
7410,-61.55990360071911,15.545195034519626,200.0,200.0,U
7411,-61.55739426998728,15.545133211265322,200.0,200.0,U
7412,-61.55785054890403,15.544888607258907,200.0,200.0,U
7413,-61.55649477664178,15.54431771357408,200.0,200.0,U
7414,-61.55572042928776,15.545792759667336,200.0,200.0,U
7415,-61.55678295265064,15.544303671455689,200.0,200.0,U
7416,-61.55652037234591,15.546206258015575,200.0,200.0,U
7417,-61.55710630720822,15.545710667722208,200.0,200.0,U
7418,-61.555810312503525,15.547197311999616,200.0,200.0,U
7419,-61.55722692695429,15.546908456743205,200.0,200.0,U
7420,-61.556606282299555,15.546457287171384,200.0,200.0,U
7421,-61.556336917504765,15.546443557839515,200.0,200.0,U
7422,-61.556551515410064,15.546837787096097,200.0,200.0,U
7423,-61.55562341521062,15.547580668033513,200.0,200.0,U
7424,-61.55905467549972,15.544803341118959,200.0,200.0,U
7425,-61.556049079912356,15.548097500015219,200.0,200.0,U
7426,-61.55717366554288,15.54655321853817,200.0,200.0,U
7427,-61.5565057076483,15.547796608842003,200.0,200.0,U
7428,-61.555400113867876,15.545270353329673,200.0,200.0,U
7429,-61.55718458082218,15.546948755247131,200.0,200.0,U
7430,-61.55647108740451,15.545816890321188,200.0,200.0,U
7431,-61.555821671217046,15.545634759353312,200.0,200.0,U
7432,-61.55680061228423,15.544897787846546,200.0,200.0,U
7433,-61.557283705208086,15.54788950659232,200.0,200.0,U
7434,-61.55600452054491,15.544795141709235,200.0,200.0,U
7435,-61.555264596431186,15.543835923090803,200.0,200.0,U
7436,-61.55661707187832,15.546633216162402,200.0,200.0,U
7437,-61.55657476449876,15.546731346366641,200.0,200.0,U
7438,-61.55682489049647,15.544867364441364,200.0,200.0,U
7439,-61.55486686074236,15.545489775308157,200.0,200.0,U
7440,-61.55755239851295,15.547021356865981,200.0,200.0,U
7441,-61.55646780432176,15.54667604442133,200.0,200.0,U
7442,-61.5562587158186,15.546586880793408,200.0,200.0,U
7443,-61.556300545646806,15.54649907463429,200.0,200.0,U
7444,-61.55644910801913,15.546608007757996,200.0,200.0,U
7445,-61.55526374620794,15.54739976876826,200.0,200.0,U
7446,-61.557687480800325,15.546675615155856,200.0,200.0,U
7447,-61.56036534544915,15.54692863404995,200.0,200.0,U
7448,-61.555496232589896,15.547060502611183,200.0,200.0,U
7449,-61.555126295337196,15.547131000643914,200.0,200.0,U
7450,-61.55726739776239,15.547181409525395,200.0,200.0,U
7451,-61.557541008648755,15.547688871591488,200.0,200.0,U
7452,-61.55605402014861,15.548095928304102,200.0,200.0,U
7453,-61.55780839668616,15.54739929611394,200.0,200.0,U
7454,-61.556282945803396,15.54529836625842,200.0,200.0,U
7455,-61.556329238856044,15.547327576962946,200.0,200.0,U
7456,-61.55312012682493,15.54288758115426,200.0,200.0,U
7457,-61.55583856765064,15.547779057945208,200.0,200.0,U
7458,-61.557591588854045,15.547832406080474,200.0,200.0,U
7459,-61.5564455808285,15.544516245290417,200.0,200.0,U
7460,-61.55659312516476,15.546746829037234,200.0,200.0,U
7461,-61.557062611434226,15.546636014074489,200.0,200.0,U
7462,-61.556905833632335,15.544478864828726,200.0,200.0,U
7463,-61.55624160051895,15.545519525970214,200.0,200.0,U
7464,-61.55713343797007,15.551036358180257,200.0,200.0,U
7465,-61.554683481621545,15.547671238492088,200.0,200.0,U
7466,-61.55360566566019,15.546437245305675,200.0,200.0,U
7467,-61.557319610185495,15.545687535754395,200.0,200.0,U
7468,-61.55625540555185,15.546809121719464,200.0,200.0,U
7469,-61.55774989680486,15.545970734850588,200.0,200.0,U
7470,-61.55740635050445,15.547345113788346,200.0,200.0,U
7471,-61.55904921686577,15.545065319650748,200.0,200.0,U
7472,-61.556547390530824,15.544966084515346,200.0,200.0,U
7473,-61.55712683937741,15.54469680620376,200.0,200.0,U
7474,-61.55694320196658,15.54696456036223,200.0,200.0,U
7475,-61.5569730714962,15.5454640150747,200.0,200.0,U
7476,-61.55626468900294,15.546279342921013,200.0,200.0,U
7477,-61.55657634373719,15.54641690273623,200.0,200.0,U
7478,-61.55816676094171,15.547255138026587,200.0,200.0,U
7479,-61.55687341088314,15.546023375313196,200.0,200.0,U
7480,-61.55694123771373,15.546530643081455,200.0,200.0,U
7481,-61.558645422432235,15.54796273238896,200.0,200.0,U
7482,-61.55741674841695,15.545689265244874,200.0,200.0,U
7483,-61.555362132296224,15.544786815115716,200.0,200.0,U
7484,-61.553469619322925,15.547381124774505,200.0,200.0,U
7485,-61.55619705581866,15.548412479541787,200.0,200.0,U
7486,-61.55658366424809,15.546632740868592,200.0,200.0,U
7487,-61.557176155996764,15.54762226355229,200.0,200.0,U
7488,-61.55776184502946,15.546712827821253,200.0,200.0,U
7489,-61.5568338096953,15.543735460940333,200.0,200.0,U
7490,-61.55659137617588,15.546971741181611,200.0,200.0,U
7491,-61.55854717166857,15.548208101170658,200.0,200.0,U
7492,-61.55882252798899,15.545081151429912,200.0,200.0,U
7493,-61.56021565286646,15.548467080891042,200.0,200.0,U
7494,-61.556699251729626,15.547146431299687,200.0,200.0,U
7495,-61.55493855778093,15.547137649031894,200.0,200.0,U
7496,-61.5528623521906,15.545455504500403,200.0,200.0,U
7497,-61.55650540157662,15.54644448932059,200.0,200.0,U
7498,-61.55768713687023,15.545305921324122,200.0,200.0,U
7499,-61.55771415371374,15.54707609795207,200.0,200.0,U
7500,-61.554822027760565,15.546828658922951,200.0,200.0,U
7501,-61.55796097170338,15.546567495893875,200.0,200.0,U
7502,-61.558791839687935,15.54909022540089,200.0,200.0,U
7503,-61.55798255072253,15.546647374726806,200.0,200.0,U
7504,-61.557488112285995,15.546214941879292,200.0,200.0,U
7505,-61.55626135653761,15.547321480035535,200.0,200.0,U
7506,-61.55624762744046,15.547147150470803,200.0,200.0,U
7507,-61.55551026650152,15.547498523910246,200.0,200.0,U
7508,-61.556767819423555,15.545834254946314,200.0,200.0,U
7509,-61.55295280181129,15.546467572269153,200.0,200.0,U
7510,-61.556745788518775,15.549214948407474,200.0,200.0,U
7511,-61.55582003265939,15.547627412281255,200.0,200.0,U
7512,-61.556073675220034,15.547373383098641,200.0,200.0,U
7513,-61.55649781425355,15.54719136226881,200.0,200.0,U
7514,-61.55658662727233,15.547581681271714,200.0,200.0,U
7515,-61.556778524096686,15.546533036162893,200.0,200.0,U
7516,-61.55620026623191,15.548450267258591,200.0,200.0,U
7517,-61.550731634311894,15.548923043444134,200.0,200.0,U
7518,-61.556829031394315,15.546836664815574,200.0,200.0,U
7519,-61.55819452966304,15.54483909964256,200.0,200.0,U
7520,-61.55682003092032,15.546975737909765,200.0,200.0,U
7521,-61.55679815159479,15.54764219430869,200.0,200.0,U
7522,-61.55701603835825,15.54655726875445,200.0,200.0,U
7523,-61.55585915915592,15.545349565121592,200.0,200.0,U
7524,-61.55558141889252,15.545299617853816,200.0,200.0,U
7525,-61.55674668109451,15.547128380951152,200.0,200.0,U
7526,-61.55785973048882,15.54702739657183,200.0,200.0,U
7527,-61.55811612882166,15.547425678668137,200.0,200.0,U
7528,-61.556821850445246,15.547479905425313,200.0,200.0,U
7529,-61.556270248334975,15.54536011602363,200.0,200.0,U
7530,-61.556913715270355,15.54701669578002,200.0,200.0,U
7531,-61.55725190263925,15.546891048418791,200.0,200.0,U
7532,-61.558512896623164,15.545708171111619,200.0,200.0,U
7533,-61.556566152833824,15.541466670938174,200.0,200.0,U
7534,-61.557458929747504,15.546944982343218,200.0,200.0,U
7535,-61.55767777851657,15.548719542681988,200.0,200.0,U
7536,-61.55779438064195,15.547553618127834,200.0,200.0,U
7537,-61.55614273194113,15.547328256095257,200.0,200.0,U
7538,-61.55524371309547,15.547377000872222,200.0,200.0,U
7539,-61.5537880666929,15.544689332036048,200.0,200.0,U
7540,-61.55661783738354,15.547343806202042,200.0,200.0,U
7541,-61.55720943033659,15.546646599616858,200.0,200.0,U
7542,-61.554464250366124,15.548483510647158,200.0,200.0,U
7543,-61.55685967131167,15.546775285883202,200.0,200.0,U
7544,-61.55635464590047,15.546643085672173,200.0,200.0,U
7545,-61.55569663475561,15.547360827034176,200.0,200.0,U
7546,-61.55634676485878,15.54836963976446,200.0,200.0,U
7547,-61.55218728221381,15.546898793243752,200.0,200.0,U
7548,-61.55673005720463,15.544845872756426,200.0,200.0,U
7549,-61.55505268069561,15.544885910106332,200.0,200.0,U
7550,-61.55075259130213,15.548591085687569,200.0,200.0,U
7551,-61.55790398472877,15.547446622955459,200.0,200.0,U
7552,-61.55831720841837,15.547167692565816,200.0,200.0,U
7553,-61.5571227532095,15.547570591647542,200.0,200.0,U
7554,-61.55682509099274,15.548930201897411,200.0,200.0,U
7555,-61.55680585445458,15.547176932291125,200.0,200.0,U
7556,-61.55737874468624,15.546971134332464,200.0,200.0,U
7557,-61.55667516046305,15.547623052884363,200.0,200.0,U
7558,-61.55644019475867,15.547355679237985,200.0,200.0,U
7559,-61.554224913654224,15.546528823690544,200.0,200.0,U
7560,-61.556396184875844,15.547982789504099,200.0,200.0,U
7561,-61.55788358695533,15.546931631910669,200.0,200.0,U
7562,-61.55887871398565,15.549425581795173,200.0,200.0,U
7563,-61.55589045573829,15.548149923488637,200.0,200.0,U
7564,-61.55809162720395,15.54637290051569,200.0,200.0,U
7565,-61.555745308280855,15.544266491113836,200.0,200.0,U
7566,-61.55501210749004,15.548967141922342,200.0,200.0,U
7567,-61.5545881136179,15.546401704344467,200.0,200.0,U
7568,-61.55675097232105,15.547632887909332,200.0,200.0,U
7569,-61.5555757925381,15.547629733411707,200.0,200.0,U
7570,-61.55669702762321,15.550569680891732,200.0,200.0,U
7571,-61.557502098214066,15.547947235210446,200.0,200.0,U
7572,-61.55476523707774,15.548415247485433,200.0,200.0,U
7573,-61.554971865658274,15.551588054998165,200.0,200.0,U
7574,-61.55649523846035,15.547636330153987,200.0,200.0,U
7575,-61.556969108322235,15.547420428593682,200.0,200.0,U
7576,-61.55790170829955,15.547034291073267,200.0,200.0,U
7577,-61.55760116994481,15.548167410321104,200.0,200.0,U
7578,-61.55719768091535,15.546664278714786,200.0,200.0,U
7579,-61.55749088220996,15.547197380469875,200.0,200.0,U
7580,-61.556869791017235,15.547361789418035,200.0,200.0,U
7581,-61.5573489733166,15.547330795762583,200.0,200.0,U
7582,-61.559002029876254,15.547356024800031,200.0,200.0,U
7583,-61.55581796451725,15.54516131962264,200.0,200.0,U
7584,-61.55520578340279,15.547290362555588,200.0,200.0,U
7585,-61.55930311607945,15.54829758966879,200.0,200.0,U
7586,-61.55510766180769,15.546018721510606,200.0,200.0,U
7587,-61.5610604572931,15.545800087430374,200.0,200.0,U
7588,-61.55739358924752,15.547272817539586,200.0,200.0,U
7589,-61.55415034667689,15.54221467313387,200.0,200.0,U
7590,-61.55613326156766,15.547366432841752,200.0,200.0,U
7591,-61.5556611816208,15.545551262795112,200.0,200.0,U
7592,-61.55692049266973,15.547461745050896,200.0,200.0,U
7593,-61.555318309297455,15.545508495526283,200.0,200.0,U
7594,-61.55679766309814,15.545043144416058,200.0,200.0,U
7595,-61.55658909030816,15.547299686997155,200.0,200.0,U
7596,-61.557071641348,15.547331831388899,200.0,200.0,U
7597,-61.55703624540361,15.546106593940083,200.0,200.0,U
7598,-61.553592835650996,15.545951200159003,200.0,200.0,U
7599,-61.55664394089601,15.548867883646972,200.0,200.0,U
7600,-61.5554300127318,15.5459658120022,200.0,200.0,U
7601,-61.55539764614634,15.549885754770994,200.0,200.0,U
7602,-61.55605890223974,15.54433661402877,200.0,200.0,U
7603,-61.55648515651929,15.545122330824274,200.0,200.0,U
7604,-61.55984368837314,15.547061136760878,200.0,200.0,U
7605,-61.55664046194647,15.54749094362787,200.0,200.0,U
7606,-61.555967262379355,15.544392496507566,200.0,200.0,U
7607,-61.55668790589993,15.54742683134326,200.0,200.0,U
7608,-61.55293093101261,15.54538679902972,200.0,200.0,U
7609,-61.557597051894334,15.552210105468168,200.0,200.0,U
7610,-61.555775756180516,15.547284503160071,200.0,200.0,U
7611,-61.55501610817134,15.547025387041513,200.0,200.0,U
7612,-61.556640220347944,15.547265188125344,200.0,200.0,U
7613,-61.55400183934262,15.547932298408984,200.0,200.0,U
7614,-61.55692159553935,15.54564182797571,200.0,200.0,U
7615,-61.55827514036538,15.545937904707793,200.0,200.0,U
7616,-61.55809537175874,15.547304498431728,200.0,200.0,U
7617,-61.556306000892306,15.547721464411582,200.0,200.0,U
7618,-61.55697730813967,15.547044639487684,200.0,200.0,U
7619,-61.55619351862804,15.548080857153307,200.0,200.0,U
7620,-61.558022542225366,15.551365712360909,200.0,200.0,U
7621,-61.55499523325826,15.545557639424032,200.0,200.0,U
7622,-61.556221876750755,15.548077966119076,200.0,200.0,U
7623,-61.55650666476976,15.54876480870993,200.0,200.0,U
7624,-61.55613626383186,15.545887700231106,200.0,200.0,U
7625,-61.557710801634606,15.543700388505679,200.0,200.0,U
7626,-61.55666351149655,15.545306319101499,200.0,200.0,U
7627,-61.55660223676563,15.547388366936506,200.0,200.0,U
7628,-61.556256800038646,15.547956539713063,200.0,200.0,U
7629,-61.55767813677227,15.551360114529846,200.0,200.0,U
7630,-61.558659440238266,15.548026138468291,200.0,200.0,U
7631,-61.5570756935067,15.548081169765883,200.0,200.0,U
7632,-61.556278336432555,15.54815161116424,200.0,200.0,U
7633,-61.556954005592914,15.547645996496454,200.0,200.0,U
7634,-61.55781641479501,15.548180639036586,200.0,200.0,U
7635,-61.554885222244,15.548400962658418,200.0,200.0,U
7636,-61.55688768697718,15.547515348005717,200.0,200.0,U
7637,-61.55615992688931,15.547145245985542,200.0,200.0,U
7638,-61.55870229935184,15.54887789530354,200.0,200.0,U
7639,-61.55669379295073,15.546632083311913,200.0,200.0,U
7640,-61.55815008444291,15.54369950998503,200.0,200.0,U
7641,-61.556700030148235,15.54519868836391,200.0,200.0,U
7642,-61.557303909672534,15.547980825360227,200.0,200.0,U
7643,-61.555167597712085,15.54679628612884,200.0,200.0,U
7644,-61.556983011255184,15.54790727243847,200.0,200.0,U
7645,-61.557155749339024,15.547565627770659,200.0,200.0,U
7646,-61.55759765414208,15.547550932835893,200.0,200.0,U
7647,-61.556377653822196,15.549134482937765,200.0,200.0,U
7648,-61.55658953981059,15.549371984634343,200.0,200.0,U
7649,-61.55569704039029,15.549448726230867,200.0,200.0,U
7650,-61.557075894167404,15.54769459686701,200.0,200.0,U
7651,-61.55881614563803,15.55149326875759,200.0,200.0,U
7652,-61.5571648516927,15.547440387110706,200.0,200.0,U
7653,-61.557118203232314,15.547553351039435,200.0,200.0,U
7654,-61.55507465718664,15.546794151816847,200.0,200.0,U
7655,-61.555496528118766,15.54639811808983,200.0,200.0,U
7656,-61.556377619412615,15.553129621440297,200.0,200.0,U
7657,-61.555818887637216,15.54743716247207,200.0,200.0,U
7658,-61.55667886728061,15.545408698390068,200.0,200.0,U
7659,-61.55821659490695,15.54798398399407,200.0,200.0,U
7660,-61.558215255121695,15.54867793570672,200.0,200.0,U
7661,-61.55577680151862,15.547086464728679,200.0,200.0,U
7662,-61.55623385795821,15.548418171107564,200.0,200.0,U
7663,-61.559218846610484,15.54555936241532,200.0,200.0,U
7664,-61.55706219780559,15.54788834321581,200.0,200.0,U
7665,-61.558007060037255,15.54854942072425,200.0,200.0,U
7666,-61.55719312825605,15.54794791823152,200.0,200.0,U
7667,-61.55737249759536,15.54791481358978,200.0,200.0,U
7668,-61.557908444463266,15.548898715398488,200.0,200.0,U
7669,-61.55692009243408,15.548721636387517,200.0,200.0,U
7670,-61.55853111057964,15.5493031240612,200.0,200.0,U
7671,-61.554176695068705,15.547948159257224,200.0,200.0,U
7672,-61.55731311265583,15.547770271009055,200.0,200.0,U
7673,-61.56258987542012,15.547554474251891,200.0,200.0,U
7674,-61.55507100651243,15.54533026877059,200.0,200.0,U
7675,-61.557883292972065,15.547232807175936,200.0,200.0,U
7676,-61.557433357815185,15.547054866234893,200.0,200.0,U
7677,-61.55630212011559,15.551576556690563,200.0,200.0,U
7678,-61.55720661443914,15.547948801413071,200.0,200.0,U
7679,-61.55743378100667,15.547644289079397,200.0,200.0,U
7680,-61.55899052828486,15.551278501135076,200.0,200.0,U
7681,-61.555175268137624,15.54539295981405,200.0,200.0,U
7682,-61.557320477713766,15.548517962775719,200.0,200.0,U
7683,-61.556053567231764,15.546998934236399,200.0,200.0,U
7684,-61.557513581634836,15.547802409139456,200.0,200.0,U
7685,-61.55511230329426,15.548378059961749,200.0,200.0,U
7686,-61.55918612149487,15.547150190173605,200.0,200.0,U
7687,-61.55374347061054,15.546246539122812,200.0,200.0,U
7688,-61.55911881098534,15.547081236898771,200.0,200.0,U
7689,-61.556949908343206,15.547963097089792,200.0,200.0,U
7690,-61.55642657795578,15.547470303340539,200.0,200.0,U
7691,-61.558584467799434,15.547022446915701,200.0,200.0,U
7692,-61.557164186702686,15.548072818476019,200.0,200.0,U
7693,-61.55844458304322,15.54813481700621,200.0,200.0,U
7694,-61.55944191895449,15.548433954434433,200.0,200.0,U
7695,-61.55702469236196,15.548083092930524,200.0,200.0,U
7696,-61.55817038270407,15.548243417158288,200.0,200.0,U
7697,-61.557400923862026,15.547430155273013,200.0,200.0,U
7698,-61.555637502531965,15.547125803027209,200.0,200.0,U
7699,-61.557129715894355,15.548569130856276,200.0,200.0,U
7700,-61.55623323515657,15.546574238641254,200.0,200.0,U
7701,-61.55828309044868,15.546571143820348,200.0,200.0,U
7702,-61.55648251667483,15.54774147444381,200.0,200.0,U
7703,-61.55711641842793,15.547745786103095,200.0,200.0,U
7704,-61.556368175025874,15.548918421035598,200.0,200.0,U
7705,-61.55905110990217,15.550217558272292,200.0,200.0,U
7706,-61.556577965397544,15.545125236100981,200.0,200.0,U
7707,-61.55730566803403,15.54620737702329,200.0,200.0,U
7708,-61.55851433088854,15.54774616747227,200.0,200.0,U
7709,-61.557109471550824,15.549480092859604,200.0,200.0,U
7710,-61.55706870312352,15.547696046736096,200.0,200.0,U
7711,-61.557287232891,15.547878872527738,200.0,200.0,U
7712,-61.557208997081304,15.548085210243052,200.0,200.0,U
7713,-61.55698974765458,15.54807860066317,200.0,200.0,U
7714,-61.555645533689734,15.546672679229578,200.0,200.0,U
7715,-61.56039178434045,15.548223099213843,200.0,200.0,U
7716,-61.55701637503034,15.548406386347143,200.0,200.0,U
7717,-61.55701208937574,15.548263236651875,200.0,200.0,U
7718,-61.55945067179295,15.548710707987793,200.0,200.0,U
7719,-61.557405897547945,15.548884672498023,200.0,200.0,U
7720,-61.55969167811353,15.547055105766438,200.0,200.0,U
7721,-61.55776819566097,15.546866954400238,200.0,200.0,U
7722,-61.55655218863338,15.548160796468672,200.0,200.0,U
7723,-61.556480892772406,15.548707644679649,200.0,200.0,U
7724,-61.56033135104154,15.547653758171007,200.0,200.0,U
7725,-61.55703795578198,15.548254588277635,200.0,200.0,U
7726,-61.55738429909116,15.549186970528144,200.0,200.0,U
7727,-61.55873825400382,15.548609450588913,200.0,200.0,U
7728,-61.55604858163513,15.547550914898281,200.0,200.0,U
7729,-61.557425994157164,15.548512822176425,200.0,200.0,U
7730,-61.55903708636916,15.548993430832686,200.0,200.0,U
7731,-61.55689817611479,15.547834338958449,200.0,200.0,U
7732,-61.55846292515701,15.549479097632215,200.0,200.0,U
7733,-61.55974789320037,15.548058620071648,200.0,200.0,U
7734,-61.55739971093259,15.548256386616897,200.0,200.0,U
7735,-61.55916132725923,15.547859536658558,200.0,200.0,U
7736,-61.55987015100261,15.54977775660807,200.0,200.0,U
7737,-61.55781470078754,15.550752952693447,200.0,200.0,U
7738,-61.55737717857872,15.54823277767599,200.0,200.0,U
7739,-61.55884424197911,15.545644621510535,200.0,200.0,U
7740,-61.55730908168694,15.545587440568353,200.0,200.0,U
7741,-61.55506871845063,15.548950773442836,200.0,200.0,U
7742,-61.55748603498486,15.548151115856326,200.0,200.0,U
7743,-61.55777304138578,15.545613583378609,200.0,200.0,U
7744,-61.56005806178445,15.548153145438803,200.0,200.0,U
7745,-61.55683809326502,15.545412774190774,200.0,200.0,U
7746,-61.55763762032435,15.548655429286086,200.0,200.0,U
7747,-61.55825467644241,15.547490652672385,200.0,200.0,U
7748,-61.55981965160985,15.549444474566135,200.0,200.0,U
7749,-61.556084130495144,15.548983577521806,200.0,200.0,U
7750,-61.55730486887705,15.545615874608448,200.0,200.0,U
7751,-61.556515958820015,15.551429044765676,200.0,200.0,U
7752,-61.55738575546608,15.548213492727884,200.0,200.0,U
7753,-61.55629136988414,15.54857599388803,200.0,200.0,U
7754,-61.557189934618705,15.548093541487393,200.0,200.0,U
7755,-61.55584241062601,15.552027101018506,200.0,200.0,U
7756,-61.55599111613498,15.546488668066798,200.0,200.0,U
7757,-61.55970766408406,15.543714601323359,200.0,200.0,U
7758,-61.55950026677543,15.547972219600643,200.0,200.0,U
7759,-61.55621250355179,15.54765421208217,200.0,200.0,U
7760,-61.55688592117406,15.548077724949284,200.0,200.0,U
7761,-61.558348662998654,15.548365837363178,200.0,200.0,U
7762,-61.5573275317828,15.548669171389562,200.0,200.0,U
7763,-61.55780746900529,15.548344436235084,200.0,200.0,U
7764,-61.56122648016956,15.546218288311755,200.0,200.0,U
7765,-61.55862255931267,15.548958855354556,200.0,200.0,U
7766,-61.56070055138417,15.546256093135517,200.0,200.0,U
7767,-61.557579467892815,15.547952100853394,200.0,200.0,U
7768,-61.55786335193565,15.548276797106595,200.0,200.0,U
7769,-61.55548853770585,15.54853479544583,200.0,200.0,U
7770,-61.55641154113719,15.545011648571295,200.0,200.0,U
7771,-61.55701076199004,15.548595333266624,200.0,200.0,U
7772,-61.55775640588437,15.54863345091116,200.0,200.0,U
7773,-61.55837039105423,15.549169333947809,200.0,200.0,U
7774,-61.555501245159675,15.548884555412062,200.0,200.0,U
7775,-61.55689797778381,15.54897729639633,200.0,200.0,U
7776,-61.55759870834037,15.548681106785661,200.0,200.0,U
7777,-61.55758846219227,15.548466216072194,200.0,200.0,U
7778,-61.5588247365917,15.547861325693805,200.0,200.0,U
7779,-61.55655797082371,15.548394635912777,200.0,200.0,U
7780,-61.557939642447906,15.548440141118709,200.0,200.0,U
7781,-61.557332165015715,15.545304438395949,200.0,200.0,U
7782,-61.558036645856006,15.550610604946733,200.0,200.0,U
7783,-61.55871065982618,15.550996535956017,200.0,200.0,U
7784,-61.560118197841824,15.549715642988449,200.0,200.0,U
7785,-61.55827143509847,15.548309062704915,200.0,200.0,U
7786,-61.55850649335111,15.54601215313357,200.0,200.0,U
7787,-61.55765870580392,15.548221344529662,200.0,200.0,U
7788,-61.5554187419351,15.547494496869195,200.0,200.0,U
7789,-61.55592900521078,15.549139174383885,200.0,200.0,U
7790,-61.55720106976971,15.547937761427072,200.0,200.0,U
7791,-61.557772382837896,15.548363573052772,200.0,200.0,U
7792,-61.557014960646676,15.550784948274838,200.0,200.0,U
7793,-61.55717734909673,15.547772819111538,200.0,200.0,U
7794,-61.55655810519883,15.54943342955215,200.0,200.0,U
7795,-61.55445074233475,15.548426072800535,200.0,200.0,U
7796,-61.55743753826265,15.548392317370169,200.0,200.0,U
7797,-61.5576809186025,15.549588143242689,200.0,200.0,U
7798,-61.55795830578357,15.548039818622064,200.0,200.0,U
7799,-61.55695368224217,15.546258621469716,200.0,200.0,U
7800,-61.55804558271787,15.549795378478027,200.0,200.0,U
7801,-61.5575839633357,15.548554382751304,200.0,200.0,U
7802,-61.55865367289281,15.548152018989342,200.0,200.0,U
7803,-61.557660123707876,15.5487325130326,200.0,200.0,U
7804,-61.5579178420507,15.548804535400103,200.0,200.0,U
7805,-61.55790560718734,15.54875888176829,200.0,200.0,U
7806,-61.55763300412967,15.55029086903892,200.0,200.0,U
7807,-61.56023683087305,15.54777397394336,200.0,200.0,U
7808,-61.55655909735907,15.548960208857611,200.0,200.0,U
7809,-61.55554544074318,15.54876402426395,200.0,200.0,U
7810,-61.55748374291189,15.54830439290722,200.0,200.0,U
7811,-61.55763526763614,15.548580180207397,200.0,200.0,U
7812,-61.560044110265665,15.5480877632721,200.0,200.0,U
7813,-61.55632619236404,15.548801786318599,200.0,200.0,U
7814,-61.558638563979706,15.548391154634203,200.0,200.0,U
7815,-61.559297399301606,15.548908960381734,200.0,200.0,U
7816,-61.55827041144996,15.548995655716821,200.0,200.0,U
7817,-61.55765921343678,15.548630826898318,200.0,200.0,U
7818,-61.55817450997175,15.548601291247598,200.0,200.0,U
7819,-61.55961044917214,15.54959446767878,200.0,200.0,U
7820,-61.558734784687225,15.549761674845538,200.0,200.0,U
7821,-61.556845935769864,15.548039741079632,200.0,200.0,U
7822,-61.55750916385566,15.548635596957475,200.0,200.0,U
7823,-61.55723288488299,15.54815913349628,200.0,200.0,U
7824,-61.558147803995354,15.548501646340963,200.0,200.0,U
7825,-61.553708841918244,15.548058795718799,200.0,200.0,U
7826,-61.55807778177211,15.54870327283608,200.0,200.0,U
7827,-61.55526496309505,15.551056824195543,200.0,200.0,U
7828,-61.55762813554477,15.548912897947949,200.0,200.0,U
7829,-61.55709418550901,15.549963157601306,200.0,200.0,U
7830,-61.5592566562047,15.54820892172846,200.0,200.0,U
7831,-61.557073589424924,15.549114386333565,200.0,200.0,U
7832,-61.55827678428503,15.546889267153986,200.0,200.0,U
7833,-61.557846442476304,15.55426076960146,200.0,200.0,U
7834,-61.55776805250694,15.548555277764308,200.0,200.0,U
7835,-61.55820347371489,15.548980309877473,200.0,200.0,U
7836,-61.557601522839605,15.548758388246203,200.0,200.0,U
7837,-61.5578666781403,15.548164472677337,200.0,200.0,U
7838,-61.557807436661264,15.550233334973251,200.0,200.0,U
7839,-61.55910354815085,15.548259235473271,200.0,200.0,U
7840,-61.55471197339666,15.55037773606548,200.0,200.0,U
7841,-61.55635596806406,15.547047952379314,200.0,200.0,U
7842,-61.557609651288445,15.54893446421633,200.0,200.0,U
7843,-61.55882956283315,15.548059193508015,200.0,200.0,U
7844,-61.55711830475262,15.548256088203965,200.0,200.0,U
7845,-61.55991025343386,15.5455883176714,200.0,200.0,U
7846,-61.55693420543849,15.548393076939602,200.0,200.0,U
7847,-61.558982320123356,15.549885169546446,200.0,200.0,U
7848,-61.55808870461036,15.549233263231498,200.0,200.0,U
7849,-61.556532475608826,15.547419531700928,200.0,200.0,U
7850,-61.55769398791972,15.548532578108734,200.0,200.0,U
7851,-61.557285108738824,15.547480367702098,200.0,200.0,U
7852,-61.557559461028085,15.551205621801405,200.0,200.0,U
7853,-61.558190642624076,15.547583675965507,200.0,200.0,U
7854,-61.55854180868906,15.549348745697099,200.0,200.0,U
7855,-61.55806110674856,15.547215414530205,200.0,200.0,U
7856,-61.55748015648506,15.54883902436957,200.0,200.0,U
7857,-61.55810548025316,15.549027726844946,200.0,200.0,U
7858,-61.558320813898476,15.549913716278345,200.0,200.0,U
7859,-61.5610984129644,15.546684599683635,200.0,200.0,U
7860,-61.55632991176904,15.549068053784705,200.0,200.0,U
7861,-61.55944859700962,15.54966304298282,200.0,200.0,U
7862,-61.558730794681495,15.549572958553886,200.0,200.0,U
7863,-61.557723549567726,15.546797490641755,200.0,200.0,U
7864,-61.55834385404977,15.550130809386049,200.0,200.0,U
7865,-61.558928923211525,15.548381757161547,200.0,200.0,U
7866,-61.556146595931395,15.548049594255936,200.0,200.0,U
7867,-61.559494776508025,15.55195637674733,200.0,200.0,U
7868,-61.55808001386255,15.547706370382103,200.0,200.0,U
7869,-61.557530545012916,15.54765021018808,200.0,200.0,U
7870,-61.5573154249175,15.54885782640845,200.0,200.0,U
7871,-61.55526339794601,15.54738617654334,200.0,200.0,U
7872,-61.55708942648434,15.547997850224792,200.0,200.0,U
7873,-61.55763150263909,15.54924128967858,200.0,200.0,U
7874,-61.55923759374966,15.551044253446054,200.0,200.0,U
7875,-61.55962130317565,15.549287233737585,200.0,200.0,U
7876,-61.55707146498938,15.549264521377099,200.0,200.0,U
7877,-61.556632452554496,15.54477282651091,200.0,200.0,U
7878,-61.557787471629,15.549283052868489,200.0,200.0,U
7879,-61.557037928691024,15.54845100204123,200.0,200.0,U
7880,-61.55808383889198,15.550255926285782,200.0,200.0,U
7881,-61.557909105667925,15.549010816899113,200.0,200.0,U
7882,-61.553576182556824,15.550174877791832,200.0,200.0,U
7883,-61.55568805714827,15.55037010642979,200.0,200.0,U
7884,-61.55836687974779,15.548882503046487,200.0,200.0,U
7885,-61.55794293830416,15.548986799077928,200.0,200.0,U
7886,-61.55789040903517,15.54886992610174,200.0,200.0,U
7887,-61.55865102312278,15.549863269129983,200.0,200.0,U
7888,-61.558870669650545,15.549464638017312,200.0,200.0,U
7889,-61.55665405514789,15.550992385553108,200.0,200.0,U
7890,-61.558626128304496,15.548722874269062,200.0,200.0,U
7891,-61.55599908723794,15.549134836063228,200.0,200.0,U
7892,-61.55972705508214,15.550828977933412,200.0,200.0,U
7893,-61.557428710369365,15.545081222305136,200.0,200.0,U
7894,-61.55831772302952,15.549097558392138,200.0,200.0,U
7895,-61.557804916556734,15.548858920409858,200.0,200.0,U
7896,-61.55886519255599,15.547431639809334,200.0,200.0,U
7897,-61.55704963535111,15.550038297609234,200.0,200.0,U
7898,-61.55823289679649,15.55065695133153,200.0,200.0,U
7899,-61.559151847924326,15.549295482707818,200.0,200.0,U
7900,-61.55797716565975,15.547632504770583,200.0,200.0,U
7901,-61.55777793452435,15.546455000760938,200.0,200.0,U
7902,-61.557800735015356,15.549544625568476,200.0,200.0,U
7903,-61.55805757117185,15.548818672425156,200.0,200.0,U
7904,-61.55850768862231,15.550804577906726,200.0,200.0,U
7905,-61.554426585555056,15.551731021481482,200.0,200.0,U
7906,-61.56072488472838,15.548730697136357,200.0,200.0,U
7907,-61.55681177456869,15.55042075918103,200.0,200.0,U
7908,-61.55793264898837,15.548962176222151,200.0,200.0,U
7909,-61.55839289320962,15.551584170121805,200.0,200.0,U
7910,-61.55977243356683,15.549632963255945,200.0,200.0,U
7911,-61.560629380841426,15.54798482855279,200.0,200.0,U
7912,-61.55807727150043,15.549401521718226,200.0,200.0,U
7913,-61.55731649667253,15.5511959394734,200.0,200.0,U
7914,-61.55785719848745,15.548796809808842,200.0,200.0,U
7915,-61.5593457952625,15.549591533752888,200.0,200.0,U
7916,-61.55617093323803,15.54946022949185,200.0,200.0,U
7917,-61.55687442407678,15.548926378812633,200.0,200.0,U
7918,-61.55939713540439,15.551491743977303,200.0,200.0,U
7919,-61.56045726177284,15.549976224032907,200.0,200.0,U
7920,-61.5593821772369,15.548571116246409,200.0,200.0,U
7921,-61.557906631156776,15.548009872770624,200.0,200.0,U
7922,-61.55610913352143,15.547353468728707,200.0,200.0,U
7923,-61.559922267494095,15.548179312893721,200.0,200.0,U
7924,-61.55828812790452,15.548856843697873,200.0,200.0,U
7925,-61.55805504264254,15.549008255327804,200.0,200.0,U
7926,-61.55959578583042,15.550073975153389,200.0,200.0,U
7927,-61.55815648653257,15.548189803442245,200.0,200.0,U
7928,-61.55796852614719,15.549486175841679,200.0,200.0,U
7929,-61.558245774973386,15.546671156832558,200.0,200.0,U
7930,-61.55841051605316,15.548179838406446,200.0,200.0,U
7931,-61.559464215238584,15.547148363602647,200.0,200.0,U
7932,-61.55772663473117,15.550022171733405,200.0,200.0,U
7933,-61.55849159635802,15.547530159150842,200.0,200.0,U
7934,-61.55604491531728,15.549128234679447,200.0,200.0,U
7935,-61.55889030574346,15.549599184199135,200.0,200.0,U
7936,-61.55918853019605,15.55196647847065,200.0,200.0,U
7937,-61.558016240895206,15.549482680383125,200.0,200.0,U
7938,-61.55834679030764,15.548803478678963,200.0,200.0,U
7939,-61.55805708848198,15.54945345466914,200.0,200.0,U
7940,-61.55580267934685,15.547164494807054,200.0,200.0,U
7941,-61.5542970921856,15.545450279877214,200.0,200.0,U
7942,-61.55891372631429,15.551678668506327,200.0,200.0,U
7943,-61.55925064386392,15.54937471121965,200.0,200.0,U
7944,-61.558155763152136,15.552118356485451,200.0,200.0,U
7945,-61.5578627817514,15.549019894961665,200.0,200.0,U
7946,-61.55607406447069,15.545477260486296,200.0,200.0,U
7947,-61.558530252933174,15.54850208598061,200.0,200.0,U
7948,-61.555642310047105,15.548452584525922,200.0,200.0,U
7949,-61.55797579492526,15.550963830662738,200.0,200.0,U
7950,-61.55815307460091,15.550514119192469,200.0,200.0,U
7951,-61.559523134729986,15.55056098665849,200.0,200.0,U
7952,-61.55860140514392,15.550527497707497,200.0,200.0,U
7953,-61.55732351012424,15.545562094343314,200.0,200.0,U
7954,-61.55807897218281,15.547379951860199,200.0,200.0,U
7955,-61.55847244961562,15.550147666320832,200.0,200.0,U
7956,-61.5557816867866,15.54797668080402,200.0,200.0,U
7957,-61.55715326713962,15.548729510092496,200.0,200.0,U
7958,-61.55783684590938,15.548980955048354,200.0,200.0,U
7959,-61.5570495125461,15.552720116451793,200.0,200.0,U
7960,-61.55582611092215,15.548323845415746,200.0,200.0,U
7961,-61.55657403484228,15.549770219638347,200.0,200.0,U
7962,-61.55722186355697,15.549200201167153,200.0,200.0,U
7963,-61.55926525981928,15.54937130618711,200.0,200.0,U
7964,-61.55901370546313,15.550352221319471,200.0,200.0,U
7965,-61.559024399014426,15.549005636275632,200.0,200.0,U
7966,-61.55921847836979,15.55033358691645,200.0,200.0,U
7967,-61.556200100873724,15.548333425106325,200.0,200.0,U
7968,-61.556405454343334,15.549767194356662,200.0,200.0,U
7969,-61.55797868778834,15.549489155916934,200.0,200.0,U
7970,-61.55828120554747,15.54941979000207,200.0,200.0,U
7971,-61.55879556254631,15.549012276072256,200.0,200.0,U
7972,-61.55835696028812,15.550662953018742,200.0,200.0,U
7973,-61.55803964882628,15.54895085747909,200.0,200.0,U
7974,-61.55838378100053,15.5513647416796,200.0,200.0,U
7975,-61.559872133019674,15.549054286059997,200.0,200.0,U
7976,-61.55944839058136,15.550131373437063,200.0,200.0,U
7977,-61.55873360959531,15.549564988867067,200.0,200.0,U
7978,-61.557314854949915,15.548272645290048,200.0,200.0,U
7979,-61.555963399699145,15.550146517841036,200.0,200.0,U
7980,-61.55783882191618,15.549916016983353,200.0,200.0,U
7981,-61.557195288705024,15.547873428197684,200.0,200.0,U
7982,-61.558047851542945,15.54927598083586,200.0,200.0,U
7983,-61.55914404070876,15.548641842581047,200.0,200.0,U
7984,-61.55686977546653,15.548609116439088,200.0,200.0,U
7985,-61.55644128494898,15.55007273298797,200.0,200.0,U
7986,-61.55721250035041,15.548724840974863,200.0,200.0,U
7987,-61.55802024424965,15.549710295944342,200.0,200.0,U
7988,-61.55927143969544,15.553558245184979,200.0,200.0,U
7989,-61.557029884613684,15.548028161843906,200.0,200.0,U
7990,-61.558874376963736,15.547774976975637,200.0,200.0,U
7991,-61.558409010473994,15.551087177938221,200.0,200.0,U
7992,-61.55933927979807,15.548706667828093,200.0,200.0,U
7993,-61.55803709718975,15.549553419247601,200.0,200.0,U
7994,-61.55772058828499,15.551747721186146,200.0,200.0,U
7995,-61.55779218659123,15.5476221923077,200.0,200.0,U
7996,-61.562232142112734,15.549648446289925,200.0,200.0,U
7997,-61.55846186027338,15.549792425377314,200.0,200.0,U
7998,-61.55756517305048,15.550429593782509,200.0,200.0,U
7999,-61.56223831208078,15.548796763890163,200.0,200.0,U
8000,-61.55813469839526,15.549540536750634,200.0,200.0,U
8001,-61.55892130736412,15.550714624923216,200.0,200.0,U
8002,-61.55751893670132,15.549061884023773,200.0,200.0,U
8003,-61.55876206935028,15.549336399696209,200.0,200.0,U
8004,-61.556845013659874,15.550225747879587,200.0,200.0,U
8005,-61.557632773451225,15.553304354226722,200.0,200.0,U
8006,-61.55919690882627,15.550086535005489,200.0,200.0,U
8007,-61.55884107474483,15.550641079896824,200.0,200.0,U
8008,-61.55836167297583,15.54953835880741,200.0,200.0,U
8009,-61.555431204907144,15.547637289206401,200.0,200.0,U
8010,-61.55605772790536,15.549993165901022,200.0,200.0,U
8011,-61.55925546393175,15.549612661860431,200.0,200.0,U
8012,-61.55726028227651,15.55022137409326,200.0,200.0,U
8013,-61.558811012500506,15.549163403760454,200.0,200.0,U
8014,-61.55948864313002,15.549773256752966,200.0,200.0,U
8015,-61.55674826537682,15.552135954940109,200.0,200.0,U
8016,-61.558434677651576,15.549285511993952,200.0,200.0,U
8017,-61.55739412056143,15.5506807487364,200.0,200.0,U
8018,-61.5584379391605,15.550187209016322,200.0,200.0,U
8019,-61.55849687542072,15.549136007153283,200.0,200.0,U
8020,-61.55747763494124,15.553467469336733,200.0,200.0,U
8021,-61.558124097646186,15.548535083685755,200.0,200.0,U
8022,-61.55882055706989,15.549878921260355,200.0,200.0,U
8023,-61.55753356807895,15.549499301737356,200.0,200.0,U
8024,-61.55969791378458,15.549444638648728,200.0,200.0,U
8025,-61.5584777058393,15.54961212874176,200.0,200.0,U
8026,-61.55879690892776,15.550670353219527,200.0,200.0,U
8027,-61.55678169608835,15.551194613991983,200.0,200.0,U
8028,-61.558683655274066,15.550545265576533,200.0,200.0,U
8029,-61.55827166258685,15.548541642293245,200.0,200.0,U
8030,-61.5599977372982,15.548842650448213,200.0,200.0,U
8031,-61.55717965393963,15.550458637882286,200.0,200.0,U
8032,-61.5604069625401,15.547827123492304,200.0,200.0,U
8033,-61.558684345185306,15.547834787361952,200.0,200.0,U
8034,-61.55804550703163,15.546459088182138,200.0,200.0,U
8035,-61.55845006056851,15.551118380102011,200.0,200.0,U
8036,-61.559801327588666,15.54800788689812,200.0,200.0,U
8037,-61.55864847973412,15.549613756694939,200.0,200.0,U
8038,-61.559355398235475,15.548458082833998,200.0,200.0,U
8039,-61.55820708750852,15.547402044330205,200.0,200.0,U
8040,-61.558662651315686,15.549652968786976,200.0,200.0,U
8041,-61.56058556783701,15.548863045512702,200.0,200.0,U
8042,-61.55938349991472,15.54725478835512,200.0,200.0,U
8043,-61.556747464573604,15.550165559518492,200.0,200.0,U
8044,-61.55861816816594,15.55229335767345,200.0,200.0,U
8045,-61.55978094303846,15.551220873152966,200.0,200.0,U
8046,-61.55830111486958,15.549462916218205,200.0,200.0,U
8047,-61.55778133391263,15.552020587946979,200.0,200.0,U
8048,-61.55712929307292,15.550565667079956,200.0,200.0,U
8049,-61.55762903663625,15.548898106572778,200.0,200.0,U
8050,-61.55656665401053,15.549530076266361,200.0,200.0,U
8051,-61.55814271516385,15.550017172815126,200.0,200.0,U
8052,-61.557923692947035,15.54702560231141,200.0,200.0,U
8053,-61.561624423986544,15.550653729323324,200.0,200.0,U
8054,-61.55853464081633,15.551600701064864,200.0,200.0,U
8055,-61.55811131150397,15.548287921745533,200.0,200.0,U
8056,-61.55887771065828,15.55047821715581,200.0,200.0,U
8057,-61.5599259790383,15.549199969394719,200.0,200.0,U
8058,-61.55798032826066,15.548368211094738,200.0,200.0,U
8059,-61.55841332181334,15.55053237140941,200.0,200.0,U
8060,-61.55970312694784,15.550605966885211,200.0,200.0,U
8061,-61.55820772077921,15.550944651403,200.0,200.0,U
8062,-61.55841489769574,15.549914845638634,200.0,200.0,U
8063,-61.55741044602426,15.551820862517136,200.0,200.0,U
8064,-61.5599450884068,15.550375953106533,200.0,200.0,U
8065,-61.559786586629016,15.551265324400747,200.0,200.0,U
8066,-61.557254207202114,15.547531948231253,200.0,200.0,U
8067,-61.55854392957777,15.549478535031241,200.0,200.0,U
8068,-61.558155857031856,15.550192863151683,200.0,200.0,U
8069,-61.55922522816944,15.552479422699427,200.0,200.0,U
8070,-61.558829425962294,15.549908281536961,200.0,200.0,U
8071,-61.560268777062284,15.547962217431987,200.0,200.0,U
8072,-61.55911494548572,15.549043821888588,200.0,200.0,U
8073,-61.558566712635404,15.549326783692202,200.0,200.0,U
8074,-61.558917788197554,15.549875456945328,200.0,200.0,U
8075,-61.558459497403824,15.548422479509238,200.0,200.0,U
8076,-61.55927820442176,15.549299151134795,200.0,200.0,U
8077,-61.55959921122633,15.550503671568906,200.0,200.0,U
8078,-61.55882617070779,15.549557144482982,200.0,200.0,U
8079,-61.55782303721053,15.54993526154808,200.0,200.0,U
8080,-61.55803107092545,15.550709839896404,200.0,200.0,U
8081,-61.56028157718456,15.550394459593596,200.0,200.0,U
8082,-61.55869893002827,15.550845955996211,200.0,200.0,U
8083,-61.56148194521217,15.552926798191985,200.0,200.0,U
8084,-61.55873426145959,15.550104912884864,200.0,200.0,U
8085,-61.55792409342245,15.5495482298029,200.0,200.0,U
8086,-61.55917273000753,15.548921661421627,200.0,200.0,U
8087,-61.55926866310973,15.548152394660777,200.0,200.0,U
8088,-61.55778118416219,15.550790467494645,200.0,200.0,U
8089,-61.560786802850664,15.550608381985745,200.0,200.0,U
8090,-61.55878807475906,15.54999090141892,200.0,200.0,U
8091,-61.56319682457675,15.551110212465169,200.0,200.0,U
8092,-61.55898099439537,15.55152579518627,200.0,200.0,U
8093,-61.55719377496677,15.5505705532698,200.0,200.0,U
8094,-61.55844653122696,15.548979025710942,200.0,200.0,U
8095,-61.55730100304024,15.549211603299332,200.0,200.0,U
8096,-61.559083534115615,15.550041685467662,200.0,200.0,U
8097,-61.558713139676286,15.548409374842652,200.0,200.0,U
8098,-61.558084128834345,15.548059864929362,200.0,200.0,U
8099,-61.55907382576064,15.550197705318816,200.0,200.0,U
8100,-61.55884860546068,15.550727089014485,200.0,200.0,U
8101,-61.55846470778563,15.550339441770415,200.0,200.0,U
8102,-61.55639356312983,15.548242153313023,200.0,200.0,U
8103,-61.55899592097494,15.549342150765648,200.0,200.0,U
8104,-61.55941564541215,15.5505506807237,200.0,200.0,U
8105,-61.55707789673159,15.550735147758497,200.0,200.0,U
8106,-61.56103978701503,15.548040971968875,200.0,200.0,U
8107,-61.55928299743573,15.551987072853914,200.0,200.0,U
8108,-61.55853019737919,15.551090434583836,200.0,200.0,U
8109,-61.55784148470146,15.550812242944136,200.0,200.0,U
8110,-61.560551725579366,15.549887576043758,200.0,200.0,U
8111,-61.5588682919591,15.550051774511024,200.0,200.0,U
8112,-61.559532114422694,15.550423758053157,200.0,200.0,U
8113,-61.559116441549655,15.55026070718019,200.0,200.0,U
8114,-61.559069531982324,15.550102085297231,200.0,200.0,U
8115,-61.55880535588886,15.548706781891795,200.0,200.0,U
8116,-61.55530742531396,15.552002341633019,200.0,200.0,U
8117,-61.55589968649017,15.549954416878233,200.0,200.0,U
8118,-61.55883128490538,15.550775755685946,200.0,200.0,U
8119,-61.55892453650681,15.5501074498593,200.0,200.0,U
8120,-61.558829404083845,15.550768981147991,200.0,200.0,U
8121,-61.56152462583947,15.554010245410343,200.0,200.0,U
8122,-61.55893443868095,15.550109533081029,200.0,200.0,U
8123,-61.55685473348667,15.548941128340545,200.0,200.0,U
8124,-61.559869894695666,15.551539217351522,200.0,200.0,U
8125,-61.56145160007538,15.550160110164677,200.0,200.0,U
8126,-61.55918867262412,15.549449657910232,200.0,200.0,U
8127,-61.55895703375559,15.549882864152417,200.0,200.0,U
8128,-61.55923980516304,15.549576259015222,200.0,200.0,U
8129,-61.55672025346578,15.550272172149905,200.0,200.0,U
8130,-61.558256228730116,15.549896000922741,200.0,200.0,U
8131,-61.56002812315167,15.549625516532101,200.0,200.0,U
8132,-61.55895629859584,15.551053937428048,200.0,200.0,U
8133,-61.55951433011873,15.550140497359843,200.0,200.0,U
8134,-61.55995670133706,15.550877488043588,200.0,200.0,U
8135,-61.55815996614128,15.549650338416088,200.0,200.0,U
8136,-61.559032640606254,15.549379941799158,200.0,200.0,U
8137,-61.55985759651887,15.550850818628167,200.0,200.0,U
8138,-61.56337504047129,15.547609427932915,200.0,200.0,U
8139,-61.55904595210807,15.551596821799176,200.0,200.0,U
8140,-61.55674315142378,15.54967972127174,200.0,200.0,U
8141,-61.558845908612625,15.552158203568885,200.0,200.0,U
8142,-61.55740211334736,15.55035053469052,200.0,200.0,U
8143,-61.558286987812835,15.550800307944979,200.0,200.0,U
8144,-61.55721708271045,15.552231357475241,200.0,200.0,U
8145,-61.55921692916301,15.550227443763326,200.0,200.0,U
8146,-61.55645774645753,15.551061952513253,200.0,200.0,U
8147,-61.55676491832693,15.551184695905514,200.0,200.0,U
8148,-61.560121817824204,15.550196757452111,200.0,200.0,U
8149,-61.56109467263515,15.551418221231211,200.0,200.0,U
8150,-61.5611144088548,15.550161384952723,200.0,200.0,U
8151,-61.5600221772455,15.552250765782695,200.0,200.0,U
8152,-61.55954790468,15.55029845051879,200.0,200.0,U
8153,-61.5591062171964,15.550324553937873,200.0,200.0,U
8154,-61.557987820388796,15.549577924716326,200.0,200.0,U
8155,-61.558475915516475,15.548249722859198,200.0,200.0,U
8156,-61.55908898496498,15.549889937630935,200.0,200.0,U
8157,-61.55880175435604,15.55167221172856,200.0,200.0,U
8158,-61.55691095653082,15.54962511989673,200.0,200.0,U
8159,-61.55881157213358,15.550183226506219,200.0,200.0,U
8160,-61.55894858336329,15.549129671780351,200.0,200.0,U
8161,-61.55911469809959,15.550288810304856,200.0,200.0,U
8162,-61.55893339547811,15.550887830170504,200.0,200.0,U
8163,-61.55912193202141,15.550320306866968,200.0,200.0,U
8164,-61.55847838450362,15.550737571472734,200.0,200.0,U
8165,-61.55869977336187,15.55015991868527,200.0,200.0,U
8166,-61.559290832250475,15.550699030443171,200.0,200.0,U
8167,-61.5566173722013,15.550343143488732,200.0,200.0,U
8168,-61.559774549891564,15.549945620700232,200.0,200.0,U
8169,-61.560826130662015,15.549950661227891,200.0,200.0,U
8170,-61.56079552407413,15.550159578176832,200.0,200.0,U
8171,-61.55870487395699,15.55065073521369,200.0,200.0,U
8172,-61.55937386254048,15.550190881764589,200.0,200.0,U
8173,-61.560154284408455,15.55158571064067,200.0,200.0,U
8174,-61.55895319676574,15.550270654928543,200.0,200.0,U
8175,-61.559148758551345,15.550587589487575,200.0,200.0,U
8176,-61.558401027456426,15.549809704337967,200.0,200.0,U
8177,-61.56018570980785,15.551324545055584,200.0,200.0,U
8178,-61.56009723649231,15.550845009312436,200.0,200.0,U
8179,-61.558713825319614,15.55190289551976,200.0,200.0,U
8180,-61.55928403765173,15.54996410440689,200.0,200.0,U
8181,-61.55911056577949,15.551434386635252,200.0,200.0,U
8182,-61.55891719553536,15.549926178361636,200.0,200.0,U
8183,-61.56075370235999,15.551285551933303,200.0,200.0,U
8184,-61.55890776709724,15.550279347807908,200.0,200.0,U
8185,-61.55901322760229,15.549129648136274,200.0,200.0,U
8186,-61.55884434996519,15.549366477509087,200.0,200.0,U
8187,-61.55685262532201,15.549193869305045,200.0,200.0,U
8188,-61.55937240483915,15.552147504306632,200.0,200.0,U
8189,-61.561614012975646,15.549354108918562,200.0,200.0,U
8190,-61.55970807478277,15.549869494523087,200.0,200.0,U
8191,-61.56109375468575,15.550547271987087,200.0,200.0,U
8192,-61.55899299201511,15.550414223891538,200.0,200.0,U
8193,-61.55829908542347,15.550574348222579,200.0,200.0,U
8194,-61.559382180174325,15.55095465852254,200.0,200.0,U
8195,-61.55816330219101,15.551786091577206,200.0,200.0,U
8196,-61.55962258458124,15.551896417210383,200.0,200.0,U
8197,-61.56098932369301,15.551357420736291,200.0,200.0,U
8198,-61.55632490182971,15.54820622686555,200.0,200.0,U
8199,-61.55789045251939,15.549938112607535,200.0,200.0,U
8200,-61.55870535962486,15.553792887627127,200.0,200.0,U
8201,-61.55867615226006,15.550436723689264,200.0,200.0,U
8202,-61.56132671011088,15.549076087886109,200.0,200.0,U
8203,-61.56042353596609,15.552243958374035,200.0,200.0,U
8204,-61.55934477837048,15.55048479144246,200.0,200.0,U
8205,-61.560104948503785,15.550323101242922,200.0,200.0,U
8206,-61.557414897858926,15.549168036683616,200.0,200.0,U
8207,-61.56043042936182,15.549256799530275,200.0,200.0,U
8208,-61.55897076912785,15.54981439259989,200.0,200.0,U
8209,-61.55949221735752,15.553412004771253,200.0,200.0,U
8210,-61.56168472442736,15.551399726232892,200.0,200.0,U
8211,-61.56098031292502,15.55136944634309,200.0,200.0,U
8212,-61.55915124849626,15.550905065068902,200.0,200.0,U
8213,-61.5625709823122,15.553064300476088,200.0,200.0,U
8214,-61.55978171510817,15.55022814418705,200.0,200.0,U
8215,-61.5590612259836,15.549481510826933,200.0,200.0,U
8216,-61.5577884446875,15.549943856150449,200.0,200.0,U
8217,-61.56011093460068,15.55273892869709,200.0,200.0,U
8218,-61.56016665348457,15.549182593601529,200.0,200.0,U
8219,-61.559956790707325,15.551177148307517,200.0,200.0,U
8220,-61.559129751212325,15.550328765746594,200.0,200.0,U
8221,-61.559561843511155,15.552790156984484,200.0,200.0,U
8222,-61.55806215425338,15.546434951638899,200.0,200.0,U
8223,-61.56026424686203,15.550855806332763,200.0,200.0,U
8224,-61.562166220790324,15.551612497494682,200.0,200.0,U
8225,-61.55942533574636,15.550517105874977,200.0,200.0,U
8226,-61.559394945726325,15.551374438224922,200.0,200.0,U
8227,-61.559545359861175,15.549345965469152,200.0,200.0,U
8228,-61.559723464560555,15.550773021515443,200.0,200.0,U
8229,-61.56051126510165,15.55041969933515,200.0,200.0,U
8230,-61.560412733872,15.550026887870285,200.0,200.0,U
8231,-61.5562848363403,15.549378216342067,200.0,200.0,U
8232,-61.56024830036692,15.550728411143956,200.0,200.0,U
8233,-61.55974595708495,15.55026813081347,200.0,200.0,U
8234,-61.56001950070867,15.550271777289197,200.0,200.0,U
8235,-61.56052897057955,15.550580456166866,200.0,200.0,U
8236,-61.55928925731871,15.55060290268742,200.0,200.0,U
8237,-61.559429085740774,15.551313978556276,200.0,200.0,U
8238,-61.55917671492512,15.55100294910276,200.0,200.0,U
8239,-61.55763345212833,15.551997699239628,200.0,200.0,U
8240,-61.55963823662904,15.55090116914406,200.0,200.0,U
8241,-61.55813543555312,15.548917732963558,200.0,200.0,U
8242,-61.556490762590286,15.5510691674226,200.0,200.0,U
8243,-61.55817438798156,15.551273257983496,200.0,200.0,U
8244,-61.56018213925621,15.55072987641303,200.0,200.0,U
8245,-61.561729935162816,15.550018476738055,200.0,200.0,U
8246,-61.55782901437551,15.551106484368091,200.0,200.0,U
8247,-61.558818615209795,15.549241952757775,200.0,200.0,U
8248,-61.559959615149936,15.550771712989212,200.0,200.0,U
8249,-61.56092195472218,15.551596655712247,200.0,200.0,U
8250,-61.55910008988923,15.550341824341947,200.0,200.0,U
8251,-61.561287653423356,15.551475514505855,200.0,200.0,U
8252,-61.56033517271554,15.550914317650218,200.0,200.0,U
8253,-61.55902515866592,15.55283726306577,200.0,200.0,U
8254,-61.559667327296296,15.55086695794142,200.0,200.0,U
8255,-61.56231372566326,15.549416347758577,200.0,200.0,U
8256,-61.56025493193456,15.550844233113091,200.0,200.0,U
8257,-61.55724433792111,15.548472033269668,200.0,200.0,U
8258,-61.55957324174497,15.551754096414792,200.0,200.0,U
8259,-61.5586712456687,15.54915101327624,200.0,200.0,U
8260,-61.55888285662453,15.549330017251195,200.0,200.0,U
8261,-61.55953487936204,15.55070024825263,200.0,200.0,U
8262,-61.55984441600393,15.549775933453,200.0,200.0,U
8263,-61.560300533106435,15.549086450735922,200.0,200.0,U
8264,-61.560169170634644,15.552687865712063,200.0,200.0,U
8265,-61.56037067494893,15.550696263301548,200.0,200.0,U
8266,-61.557716275384706,15.551249918216142,200.0,200.0,U
8267,-61.55946055921893,15.551020668637753,200.0,200.0,U
8268,-61.55829782872765,15.551185927702138,200.0,200.0,U
8269,-61.55931533700731,15.55045781407864,200.0,200.0,U
8270,-61.560032348558025,15.55339746052074,200.0,200.0,U
8271,-61.557923437571795,15.550062804994475,200.0,200.0,U
8272,-61.55825103207702,15.550893719472521,200.0,200.0,U
8273,-61.560325434360486,15.549796261842925,200.0,200.0,U
8798,-61.562344446956835,15.553540586798961,200.0,200.0,U
8799,-61.56273374094161,15.552572780841516,200.0,200.0,U
8800,-61.5629512751698,15.552956113073684,200.0,200.0,U
8801,-61.56320100385663,15.55245126928683,200.0,200.0,U
8802,-61.56284043689199,15.550701338977108,200.0,200.0,U
8803,-61.56427320498295,15.554114592839328,200.0,200.0,U
8804,-61.56169354517154,15.553872498851794,200.0,200.0,U
8805,-61.56410268075931,15.552329003683916,200.0,200.0,U
8806,-61.56581077054367,15.551842942283772,200.0,200.0,U
8807,-61.56184770650385,15.552150994590674,200.0,200.0,U
8808,-61.564616200064066,15.554538942782761,200.0,200.0,U
8809,-61.56370611242083,15.554409417890492,200.0,200.0,U
8810,-61.56277398482702,15.55282191856789,200.0,200.0,U
8811,-61.56580070916086,15.551143948724942,200.0,200.0,U
8812,-61.56637744699526,15.553681140070147,200.0,200.0,U
8813,-61.562820560475615,15.55280011070657,200.0,200.0,U
8814,-61.56289433998173,15.552730582824822,200.0,200.0,U
8815,-61.562864498952464,15.553889049885854,200.0,200.0,U
8816,-61.56289343543535,15.552010869060718,200.0,200.0,U
8817,-61.56161436648028,15.550956325752724,200.0,200.0,U
8818,-61.56115386126572,15.553140272960587,200.0,200.0,U
8819,-61.561364086047185,15.54972409668999,200.0,200.0,U
8820,-61.56262646455609,15.553193002414941,200.0,200.0,U
8821,-61.56359864906436,15.552502380340304,200.0,200.0,U
8822,-61.56308272127695,15.553491111578394,200.0,200.0,U
8823,-61.56143932511287,15.550616541436055,200.0,200.0,U
8824,-61.56323398342059,15.552685598868857,200.0,200.0,U
8825,-61.56331004199671,15.55240598760973,200.0,200.0,U
8826,-61.56231732229261,15.551738637877813,200.0,200.0,U
8827,-61.563348749042596,15.552937027193758,200.0,200.0,U
8828,-61.56413848208918,15.553203628109534,200.0,200.0,U
8829,-61.562913081339175,15.550792750349515,200.0,200.0,U
8830,-61.565896820246934,15.555023824703113,200.0,200.0,U
8831,-61.56149651074903,15.553861847047456,200.0,200.0,U
8832,-61.56446453972915,15.551646988344794,200.0,200.0,U
8833,-61.56127312660439,15.55220090009295,200.0,200.0,U
8834,-61.56413631233176,15.551622322103768,200.0,200.0,U
8835,-61.561777597508,15.552653988624174,200.0,200.0,U
8836,-61.562679828113176,15.552860132247634,200.0,200.0,U
8837,-61.5630963919665,15.552582950710697,200.0,200.0,U
8838,-61.56457502760377,15.552072333806487,200.0,200.0,U
8839,-61.5640831558388,15.552635671329885,200.0,200.0,U
8840,-61.5634217814881,15.553368702248774,200.0,200.0,U
8841,-61.561766492292456,15.552404493023841,200.0,200.0,U
8842,-61.562790084251986,15.551934427529543,200.0,200.0,U
8843,-61.56325242688812,15.552840030737286,200.0,200.0,U
8844,-61.561616433401035,15.552521164194914,200.0,200.0,U
8845,-61.55884427368629,15.553264900347944,200.0,200.0,U
8846,-61.56345079918653,15.552741031590777,200.0,200.0,U
8847,-61.56464510946269,15.553700486110891,200.0,200.0,U
8848,-61.5613268410467,15.551581212671854,200.0,200.0,U
8849,-61.563146331676535,15.553876405551724,200.0,200.0,U
8850,-61.56228687022648,15.551702248701815,200.0,200.0,U
8851,-61.56317619517396,15.552999850160864,200.0,200.0,U
8852,-61.562968892887355,15.553004959527243,200.0,200.0,U
8853,-61.56341834995701,15.556366881775952,200.0,200.0,U
8854,-61.562699946500466,15.553042115568749,200.0,200.0,U
8855,-61.5626357724936,15.555065188542844,200.0,200.0,U
8856,-61.5630556394634,15.552475289992005,200.0,200.0,U
8857,-61.56631277842667,15.552919512880983,200.0,200.0,U
8858,-61.56167356038282,15.551998251684555,200.0,200.0,U
8859,-61.56335072214229,15.552527857144307,200.0,200.0,U
8860,-61.56469346038807,15.55433639120689,200.0,200.0,U
8861,-61.56375783673054,15.552836244552884,200.0,200.0,U
8862,-61.56287815498839,15.552998240882744,200.0,200.0,U
8863,-61.56582762130452,15.553689464797948,200.0,200.0,U
8864,-61.56313395538268,15.553002189203543,200.0,200.0,U
8865,-61.56357761938336,15.554296518449194,200.0,200.0,U
8866,-61.56338383213613,15.553401298233558,200.0,200.0,U
8867,-61.56500840507004,15.550941145342144,200.0,200.0,U
8868,-61.562416823464545,15.552458754238899,200.0,200.0,U
8869,-61.563633348865075,15.55283311225896,200.0,200.0,U
8870,-61.5624136980609,15.553294219862439,200.0,200.0,U
8871,-61.56225509354486,15.552873055416422,200.0,200.0,U
8872,-61.56461365035897,15.554037327820069,200.0,200.0,U
8873,-61.56758084342872,15.550533596622433,200.0,200.0,U
8874,-61.56104161632661,15.552345514775388,200.0,200.0,U
8875,-61.563449166056095,15.553994516598255,200.0,200.0,U
8876,-61.56294796687422,15.55347985714125,200.0,200.0,U
8877,-61.563231603116456,15.554851946651254,200.0,200.0,U
8878,-61.56349357199501,15.553209706244136,200.0,200.0,U
8879,-61.563733334188186,15.552498928106735,200.0,200.0,U
8880,-61.563371751847015,15.552835449117989,200.0,200.0,U
8881,-61.56309094969067,15.553223235641996,200.0,200.0,U
8882,-61.56242209401413,15.5534628145166,200.0,200.0,U
8883,-61.56349763530701,15.553217007879628,200.0,200.0,U
8884,-61.5616959314745,15.55207155828794,200.0,200.0,U
8885,-61.565091179873285,15.55365044128386,200.0,200.0,U
8886,-61.56405530548899,15.554604479704945,200.0,200.0,U
8887,-61.5614061482443,15.551420150169385,200.0,200.0,U
8888,-61.56137892215979,15.554788510981895,200.0,200.0,U
8889,-61.56337599648536,15.5528865955636,200.0,200.0,U
8890,-61.560468281094394,15.55000947460426,200.0,200.0,U
8891,-61.5656663734158,15.551953742478084,200.0,200.0,U
8892,-61.56378874017972,15.555224259470313,200.0,200.0,U
8893,-61.56540960674378,15.554957700094459,200.0,200.0,U
8894,-61.56336250660448,15.553627672707943,200.0,200.0,U
8895,-61.56492828604391,15.55307889131963,200.0,200.0,U
8896,-61.56305139808576,15.552721964691202,200.0,200.0,U
8897,-61.56339298184482,15.55310411343131,200.0,200.0,U
8898,-61.56831689175335,15.55275651688453,200.0,200.0,U
8899,-61.56150165539,15.55385828390287,200.0,200.0,U
8900,-61.56304164487605,15.553866157398145,200.0,200.0,U
8901,-61.56327738521578,15.553052761261593,200.0,200.0,U
8902,-61.56293325139049,15.553974290761163,200.0,200.0,U
8903,-61.56517120680977,15.551668998679888,200.0,200.0,U
8904,-61.56396726159642,15.55358799034741,200.0,200.0,U
8905,-61.56443733077554,15.552108352750235,200.0,200.0,U
8906,-61.5635233117555,15.5535167096119,200.0,200.0,U
8907,-61.56416313757037,15.557975061616911,200.0,200.0,U
8908,-61.563214998416036,15.553100190358531,200.0,200.0,U
8909,-61.56361094604835,15.553652790868687,200.0,200.0,U
8910,-61.56460267542596,15.55336690064927,200.0,200.0,U
8911,-61.558151483932875,15.551429859269277,200.0,200.0,U
8912,-61.563061196091624,15.553628120237693,200.0,200.0,U
8913,-61.56342490387818,15.55306075365586,200.0,200.0,U
8914,-61.5597223204844,15.553318220751374,200.0,200.0,U
8915,-61.56298120214554,15.55353308727393,200.0,200.0,U
8916,-61.563180425111,15.553415759546883,200.0,200.0,U
8917,-61.56577321253466,15.551943308189685,200.0,200.0,U
8918,-61.563049882831734,15.555019094947024,200.0,200.0,U
8919,-61.56270507299326,15.55379790296566,200.0,200.0,U
8920,-61.563893720557964,15.553069522635937,200.0,200.0,U
8921,-61.561738578136485,15.552067190592183,200.0,200.0,U
8922,-61.562437343342694,15.553709242248985,200.0,200.0,U
8923,-61.563370625688684,15.553686541838422,200.0,200.0,U
8924,-61.56285474947641,15.554329665984794,200.0,200.0,U
8925,-61.563610228089864,15.553109592087164,200.0,200.0,U
8926,-61.56322288434967,15.552948541608984,200.0,200.0,U
8927,-61.56360228293534,15.553162068243784,200.0,200.0,U
8928,-61.563132568796156,15.553810701732028,200.0,200.0,U
8929,-61.563611296849345,15.553170292447266,200.0,200.0,U
8930,-61.56342657880566,15.553066874182226,200.0,200.0,U
8931,-61.56531014027531,15.548399454055206,200.0,200.0,U
8932,-61.56368116386523,15.553284587366337,200.0,200.0,U
8933,-61.56363851990762,15.553179623362261,200.0,200.0,U
8934,-61.565003373358905,15.551693452376547,200.0,200.0,U
8935,-61.56352431356357,15.55217388974115,200.0,200.0,U
8936,-61.56591443494303,15.553383256737282,200.0,200.0,U
8937,-61.56326520042092,15.553056994135828,200.0,200.0,U
8938,-61.56332334547206,15.552626271396974,200.0,200.0,U
8939,-61.56324847054616,15.553799709260167,200.0,200.0,U
8940,-61.56370703054248,15.556724257196894,200.0,200.0,U
8941,-61.56362362491867,15.553220404064138,200.0,200.0,U
8942,-61.56392596129287,15.552890081003556,200.0,200.0,U
8943,-61.56326707552829,15.55312529050676,200.0,200.0,U
8944,-61.5625960675539,15.55396917350236,200.0,200.0,U
8945,-61.56386945726675,15.553139912847456,200.0,200.0,U
8946,-61.56341004492111,15.552766259393863,200.0,200.0,U
8947,-61.56321739285884,15.55545205469388,200.0,200.0,U
8948,-61.56272958890714,15.553297981485292,200.0,200.0,U
8949,-61.56595268975672,15.55486569702186,200.0,200.0,U
8950,-61.56496279114782,15.555887689092481,200.0,200.0,U
8951,-61.560664433944154,15.551872500337494,200.0,200.0,U
8952,-61.563367601585036,15.553225634273991,200.0,200.0,U
8953,-61.56356971477016,15.554448221878152,200.0,200.0,U
8954,-61.56454996891061,15.555941967845593,200.0,200.0,U
8955,-61.56424474899085,15.55252092416427,200.0,200.0,U
8956,-61.56413573673952,15.552052551587225,200.0,200.0,U
8957,-61.56378188867204,15.55303987554852,200.0,200.0,U
8958,-61.56311306665859,15.553341072895273,200.0,200.0,U
8959,-61.56200444634335,15.55511967882118,200.0,200.0,U
8960,-61.56177406016569,15.550995728034831,200.0,200.0,U
8961,-61.56527847534743,15.553574588572845,200.0,200.0,U
8962,-61.56483574907482,15.551257235239412,200.0,200.0,U
8963,-61.56414167776016,15.554884906377099,200.0,200.0,U
8964,-61.56370446114932,15.553235652657325,200.0,200.0,U
8965,-61.56352779289347,15.55198606097172,200.0,200.0,U
8966,-61.562419370964406,15.551661328926299,200.0,200.0,U
8967,-61.56250954543103,15.553109443766331,200.0,200.0,U
8968,-61.565933030702546,15.553000585586728,200.0,200.0,U
8969,-61.56265370670146,15.551098097180706,200.0,200.0,U
8970,-61.56427495566017,15.551802190025592,200.0,200.0,U
8971,-61.56328083952614,15.552709162111652,200.0,200.0,U
8972,-61.562315371643926,15.550800838655015,200.0,200.0,U
8973,-61.56388681704983,15.553611189170038,200.0,200.0,U
8974,-61.56335017237685,15.554060761568877,200.0,200.0,U
8975,-61.56639772751471,15.555587879494244,200.0,200.0,U
8976,-61.56259249180592,15.552568025447467,200.0,200.0,U
8977,-61.56456584706164,15.551323427679245,200.0,200.0,U
8978,-61.56636241901543,15.551419495627652,200.0,200.0,U
8979,-61.56588499210563,15.555966716603761,200.0,200.0,U
8980,-61.56284965062493,15.55488177541397,200.0,200.0,U
8981,-61.56405409986956,15.552137470240556,200.0,200.0,U
8982,-61.564387910200146,15.554861928252844,200.0,200.0,U
8983,-61.56740696754321,15.551503804426995,200.0,200.0,U
8984,-61.563758112135815,15.552901402857088,200.0,200.0,U
8985,-61.561368655408984,15.556855584645984,200.0,200.0,U
8986,-61.56397486389671,15.553750909886139,200.0,200.0,U
8987,-61.56511902694855,15.552999433021633,200.0,200.0,U
8988,-61.56487419381059,15.555569587636892,200.0,200.0,U
8989,-61.56250316379594,15.551270491712579,200.0,200.0,U
8990,-61.56501121568344,15.553377172141868,200.0,200.0,U
8991,-61.56394746194129,15.553234163310972,200.0,200.0,U
8992,-61.56785105879988,15.553672918367607,200.0,200.0,U
8993,-61.56532989976491,15.552932493397295,200.0,200.0,U
8994,-61.564051578893775,15.553342812884217,200.0,200.0,U
8995,-61.564110390441904,15.553464013841962,200.0,200.0,U
8996,-61.564861038876366,15.553190438464092,200.0,200.0,U
8997,-61.56466123634183,15.552223151376033,200.0,200.0,U
8998,-61.56419118982859,15.553364135020185,200.0,200.0,U
8999,-61.56316498218553,15.554331755506231,200.0,200.0,U
9000,-61.56326732696916,15.549950653617131,200.0,200.0,U
9001,-61.56388400668183,15.55159991092113,200.0,200.0,U
9002,-61.56435456888788,15.553130857315738,200.0,200.0,U
9003,-61.56281036640328,15.553255605355737,200.0,200.0,U
9004,-61.56336880951958,15.553635764117674,200.0,200.0,U
9005,-61.56247872670191,15.555305449376977,200.0,200.0,U
9006,-61.56170731193269,15.55267307508406,200.0,200.0,U
9007,-61.564124768630705,15.5530506689677,200.0,200.0,U
9008,-61.56612826455185,15.553731225973888,200.0,200.0,U
9009,-61.564075936582654,15.551970133366307,200.0,200.0,U
9010,-61.564270514330744,15.553355665387432,200.0,200.0,U
9011,-61.56545210902185,15.55376479669234,200.0,200.0,U
9012,-61.56413746467946,15.551950057797177,200.0,200.0,U
9013,-61.56308389846351,15.5537793216092,200.0,200.0,U
9014,-61.56417393779547,15.553381565304838,200.0,200.0,U
9015,-61.568322722430565,15.551551338474843,200.0,200.0,U
9016,-61.564849765854355,15.5533068932105,200.0,200.0,U
9017,-61.56405454141309,15.55578438533171,200.0,200.0,U
9018,-61.561979269237575,15.556340172830568,200.0,200.0,U
9019,-61.564562261979326,15.554198993396609,200.0,200.0,U
9020,-61.564187332075946,15.55355261057187,200.0,200.0,U
9021,-61.56425207623803,15.553303989986757,200.0,200.0,U
9022,-61.56477183773509,15.554081956401753,200.0,200.0,U
9023,-61.564400215663866,15.555156459531677,200.0,200.0,U
9024,-61.56446069175057,15.553748208499632,200.0,200.0,U
9025,-61.561822478311825,15.554436100661418,200.0,200.0,U
9026,-61.55916820513844,15.555600315135587,200.0,200.0,U
9027,-61.56382016782575,15.552349649710232,200.0,200.0,U
9028,-61.56533409736471,15.556133359986248,200.0,200.0,U
9029,-61.568080868877715,15.552028095407273,200.0,200.0,U
9030,-61.56298469737418,15.553615996285021,200.0,200.0,U
9031,-61.564517004205975,15.555829051045379,200.0,200.0,U
9032,-61.5646349005128,15.553240772537107,200.0,200.0,U
9033,-61.56394652445648,15.552712947033395,200.0,200.0,U
9034,-61.56472400545259,15.554105251898163,200.0,200.0,U
9035,-61.56462384009471,15.553297137390963,200.0,200.0,U
9036,-61.56534285564915,15.556715250460062,200.0,200.0,U
9037,-61.56487096342796,15.553835270155906,200.0,200.0,U
9038,-61.56505728484527,15.552004205938658,200.0,200.0,U
9039,-61.561714480122085,15.55048313518365,200.0,200.0,U
9040,-61.56423889561764,15.553354049305142,200.0,200.0,U
9041,-61.56361272725367,15.552749112682333,200.0,200.0,U
9042,-61.56459627703095,15.551628745743956,200.0,200.0,U
9043,-61.56475239239455,15.553486045014777,200.0,200.0,U
9044,-61.56433435912318,15.552018774769026,200.0,200.0,U
9045,-61.56444416511038,15.553418145054104,200.0,200.0,U
9046,-61.564957873903765,15.553049961950496,200.0,200.0,U
9047,-61.561597923101516,15.55193646349896,200.0,200.0,U
9048,-61.56609133153033,15.552721666066846,200.0,200.0,U
9049,-61.563807699552235,15.554231961367424,200.0,200.0,U
9050,-61.563218470799605,15.552687362454098,200.0,200.0,U
9051,-61.567284503835644,15.552235225741963,200.0,200.0,U
9052,-61.56410056461132,15.555907295035304,200.0,200.0,U
9053,-61.56275565252137,15.552705015328618,200.0,200.0,U
9054,-61.56341381426719,15.551353725162164,200.0,200.0,U
9055,-61.56502818233172,15.553278313989647,200.0,200.0,U
9056,-61.56183622222268,15.552654921782676,200.0,200.0,U
9057,-61.56381187839019,15.552791425806948,200.0,200.0,U
9058,-61.562979773718816,15.554506308545555,200.0,200.0,U
9059,-61.56370009479086,15.553688644794622,200.0,200.0,U
9060,-61.56455967237922,15.553544351721957,200.0,200.0,U
9061,-61.5649600204041,15.555256791097534,200.0,200.0,U
9062,-61.564443509092946,15.55366094453967,200.0,200.0,U
9063,-61.56193737544755,15.552840526036208,200.0,200.0,U
9064,-61.56428043473919,15.554098640602287,200.0,200.0,U
9065,-61.563393920875676,15.551221755788529,200.0,200.0,U
9066,-61.56439016213551,15.553485019435989,200.0,200.0,U
9067,-61.56448368399966,15.555870232809632,200.0,200.0,U
9068,-61.5605542768421,15.551698891016587,200.0,200.0,U
9069,-61.56460948620496,15.5538048607262,200.0,200.0,U
9070,-61.56469106161679,15.553310524854014,200.0,200.0,U
9071,-61.566407757917794,15.553960069635801,200.0,200.0,U
9072,-61.56512045278324,15.552783261664853,200.0,200.0,U
9073,-61.56361251869303,15.555485966713498,200.0,200.0,U
9074,-61.56472292276213,15.551907763312633,200.0,200.0,U
9075,-61.565640761408055,15.552403848832197,200.0,200.0,U
9076,-61.564728674970574,15.553252284274876,200.0,200.0,U
9077,-61.56471212699453,15.553617428292233,200.0,200.0,U
9078,-61.565109969183794,15.552525231049305,200.0,200.0,U
9079,-61.56721115097209,15.5559696519204,200.0,200.0,U
9080,-61.563582367747486,15.552398628299342,200.0,200.0,U
9081,-61.56470234330004,15.557243870730364,200.0,200.0,U
9082,-61.56689270461747,15.556168808599073,200.0,200.0,U
9083,-61.564795253590454,15.553288975871048,200.0,200.0,U
9084,-61.56485296805827,15.553697135921462,200.0,200.0,U
9085,-61.560915385568265,15.556761634932494,200.0,200.0,U
9086,-61.56695298466843,15.552182828065368,200.0,200.0,U
9087,-61.56431011345381,15.553544838242866,200.0,200.0,U
9088,-61.562779926509556,15.553726591296034,200.0,200.0,U
9089,-61.56441216905786,15.552951555861462,200.0,200.0,U
9090,-61.56451178648667,15.55314412235559,200.0,200.0,U
9091,-61.564931056794066,15.55031079620737,200.0,200.0,U
9092,-61.566725307845395,15.553563435157306,200.0,200.0,U
9093,-61.56383427157378,15.554464918982578,200.0,200.0,U
9094,-61.56288557586611,15.55350572168747,200.0,200.0,U
9095,-61.56440301295179,15.553115024031674,200.0,200.0,U
9096,-61.56209827588254,15.552213595446899,200.0,200.0,U
9097,-61.562977917492006,15.551772435731138,200.0,200.0,U
9098,-61.56497302998406,15.554200143670386,200.0,200.0,U
9099,-61.56485971424658,15.553672195748453,200.0,200.0,U
9100,-61.56397573025102,15.554375311032217,200.0,200.0,U
9101,-61.56338996064224,15.552063508443773,200.0,200.0,U
9102,-61.56639082761539,15.551217038570401,200.0,200.0,U
9103,-61.564383634125974,15.55425048640179,200.0,200.0,U
9104,-61.567329171390284,15.554238547368682,200.0,200.0,U
9105,-61.56819706672365,15.55278772703738,200.0,200.0,U
9106,-61.5638451971506,15.555111804200916,200.0,200.0,U
9107,-61.56498371372804,15.55426652815461,200.0,200.0,U
9108,-61.565435800613024,15.552387991610608,200.0,200.0,U
9109,-61.56509824957232,15.553807175433223,200.0,200.0,U
9110,-61.56498717072268,15.553902332420442,200.0,200.0,U
9111,-61.56712788132693,15.551951897626115,200.0,200.0,U
9112,-61.56571958639629,15.554421022412939,200.0,200.0,U
9113,-61.56587036369633,15.554324307568828,200.0,200.0,U
9114,-61.564495757763915,15.552960435438106,200.0,200.0,U
9115,-61.56426833696966,15.551642809295886,200.0,200.0,U
9116,-61.56438449911929,15.555177737463792,200.0,200.0,U
9117,-61.56538002976163,15.55396730944644,200.0,200.0,U
9118,-61.56342472726079,15.555836978611678,200.0,200.0,U
9119,-61.56408220850834,15.552690888726543,200.0,200.0,U
9120,-61.56521606100049,15.555450500015167,200.0,200.0,U
9121,-61.56490482243316,15.553380063216688,200.0,200.0,U
9122,-61.565233017340866,15.553299666494162,200.0,200.0,U
9123,-61.56519617267656,15.553434626076715,200.0,200.0,U
9124,-61.56663657691614,15.555250400583848,200.0,200.0,U
9125,-61.56771953188595,15.553454644450166,200.0,200.0,U
9126,-61.564419752304175,15.553402891692564,200.0,200.0,U
9127,-61.5656879043235,15.55451134197358,200.0,200.0,U
9128,-61.565791581222584,15.551647221566428,200.0,200.0,U
9129,-61.56428717282933,15.555273449677273,200.0,200.0,U
9130,-61.565178702015594,15.553707999247266,200.0,200.0,U
9131,-61.56598079093916,15.552309680199667,200.0,200.0,U
9132,-61.56577065205396,15.554403733733563,200.0,200.0,U
9133,-61.565039894500835,15.553031219525742,200.0,200.0,U
9134,-61.56781026072722,15.554052367392538,200.0,200.0,U
9135,-61.5651261556793,15.553864264701316,200.0,200.0,U
9136,-61.56580869915753,15.554227615937698,200.0,200.0,U
9137,-61.56602269271769,15.554311673139823,200.0,200.0,U
9138,-61.56581286105747,15.553641892256865,200.0,200.0,U
9139,-61.56486666054881,15.555470758773735,200.0,200.0,U
9140,-61.56398843735019,15.55442859610628,200.0,200.0,U
9141,-61.5639797068342,15.553652455556522,200.0,200.0,U
9142,-61.56623707679356,15.554233499565166,200.0,200.0,U
9143,-61.56532698456015,15.553594583286865,200.0,200.0,U
9144,-61.56730905282322,15.553327396847752,200.0,200.0,U
9145,-61.56514703605633,15.556712237800234,200.0,200.0,U
9146,-61.565570985307026,15.553430577088767,200.0,200.0,U
9147,-61.565216634627404,15.553894739604617,200.0,200.0,U
9148,-61.56742767648851,15.553528144240254,200.0,200.0,U
9149,-61.56415002288559,15.552229007884588,200.0,200.0,U
9150,-61.56470734070763,15.553858434100029,200.0,200.0,U
9151,-61.56635736757129,15.552953564941957,200.0,200.0,U
9152,-61.568430284512466,15.554275062503867,200.0,200.0,U
9153,-61.56880832502883,15.554893726240781,200.0,200.0,U
9154,-61.564931319718355,15.553187987038099,200.0,200.0,U
9155,-61.566170810697415,15.551505014615996,200.0,200.0,U
9156,-61.56568805913693,15.553792190018038,200.0,200.0,U
9157,-61.5661399694005,15.553960593088593,200.0,200.0,U
9158,-61.5696287930694,15.554023055375852,200.0,200.0,U
9159,-61.56513917541297,15.554171458940253,200.0,200.0,U
9160,-61.56437942416333,15.5544560942769,200.0,200.0,U
9161,-61.5653327788783,15.553185111200118,200.0,200.0,U
9162,-61.56506210678888,15.552556458617717,200.0,200.0,U
9163,-61.56524026759528,15.554518427654315,200.0,200.0,U
9164,-61.56531825721453,15.553894969108608,200.0,200.0,U
9165,-61.56579147799136,15.554183275566206,200.0,200.0,U
9166,-61.565402914612314,15.553365262840185,200.0,200.0,U
9167,-61.565457294804986,15.555375472588532,200.0,200.0,U
9168,-61.567351650804724,15.554725623462401,200.0,200.0,U
9169,-61.56529186877122,15.553963202376499,200.0,200.0,U
9170,-61.56522488798868,15.554434802427545,200.0,200.0,U
9171,-61.56543030608854,15.553831431362584,200.0,200.0,U
9172,-61.56272783033004,15.554192445663158,200.0,200.0,U
9173,-61.56227864353116,15.55707108992188,200.0,200.0,U
9174,-61.5655040702089,15.553940170092995,200.0,200.0,U
9175,-61.56563721600401,15.553882171046347,200.0,200.0,U
9176,-61.56534456753718,15.553390988006136,200.0,200.0,U
9177,-61.56272329082883,15.55211289496259,200.0,200.0,U
9178,-61.56567889667388,15.552422507556363,200.0,200.0,U
9179,-61.56244827510964,15.551425525042651,200.0,200.0,U
9180,-61.56569445131253,15.553322944330649,200.0,200.0,U
9181,-61.56737402081343,15.555225864724575,200.0,200.0,U
9182,-61.56560693517241,15.552727664836304,200.0,200.0,U
9183,-61.56533113446401,15.553661728470928,200.0,200.0,U
9184,-61.56549232113631,15.5548182847381,200.0,200.0,U
9185,-61.56605581535649,15.554180360579451,200.0,200.0,U
9186,-61.56486755314586,15.553210637907958,200.0,200.0,U
9187,-61.56498178868588,15.552220453138217,200.0,200.0,U
9188,-61.56566545763759,15.554535773915429,200.0,200.0,U
9189,-61.56513680693406,15.553013855682531,200.0,200.0,U
9190,-61.564478373758895,15.55385007502277,200.0,200.0,U
9191,-61.56653382997067,15.552019245495584,200.0,200.0,U
9192,-61.56547469695833,15.553643635097655,200.0,200.0,U
9193,-61.56491454916564,15.556442775205578,200.0,200.0,U
9194,-61.56691412971132,15.555405263211641,200.0,200.0,U
9195,-61.56465293403572,15.556185029171557,200.0,200.0,U
9196,-61.56781286211432,15.552191652218696,200.0,200.0,U
9197,-61.566330813659356,15.550173218704598,200.0,200.0,U
9198,-61.56725521573247,15.557210819172084,200.0,200.0,U
9199,-61.565460965716575,15.553987918010785,200.0,200.0,U
9200,-61.56614382877358,15.553872514697948,200.0,200.0,U
9201,-61.56230206064931,15.554433516067794,200.0,200.0,U
9202,-61.56559141437893,15.553991259537192,200.0,200.0,U
9203,-61.56653416139562,15.554153486540088,200.0,200.0,U
9204,-61.56592610633922,15.554640636155309,200.0,200.0,U
9205,-61.56627098375601,15.552786292395995,200.0,200.0,U
9206,-61.56638090211516,15.55328790851653,200.0,200.0,U
9207,-61.56680947909242,15.558798153561035,200.0,200.0,U
9208,-61.5655757694753,15.552849346141457,200.0,200.0,U
9209,-61.564424990721434,15.554074965176142,200.0,200.0,U
9210,-61.56627347246133,15.55631454522986,200.0,200.0,U
9211,-61.564089127012814,15.551403637938398,200.0,200.0,U
9212,-61.56604343821394,15.555184605485543,200.0,200.0,U
9213,-61.56654384441712,15.556156585282539,200.0,200.0,U
9214,-61.567607476158884,15.553735202074135,200.0,200.0,U
9215,-61.5638941427623,15.552475626270741,200.0,200.0,U
9216,-61.56785120594554,15.553338506901683,200.0,200.0,U
9217,-61.564721379110495,15.554945837783304,200.0,200.0,U
9218,-61.562291286194274,15.55416769824468,200.0,200.0,U
9219,-61.56764090982388,15.552411430060683,200.0,200.0,U
9220,-61.56578139084885,15.55383981368684,200.0,200.0,U
9221,-61.56676589769251,15.558316464821427,200.0,200.0,U
9222,-61.56305664979794,15.550512640126337,200.0,200.0,U
9223,-61.56481866736951,15.554376348911342,200.0,200.0,U
9224,-61.5662521952055,15.555739118577652,200.0,200.0,U
9225,-61.56559998051102,15.554008865547887,200.0,200.0,U
9226,-61.565770615364094,15.550282339903479,200.0,200.0,U
9227,-61.56393570815205,15.55286461636709,200.0,200.0,U
9228,-61.565726182490636,15.553927525040477,200.0,200.0,U
9229,-61.56551213566158,15.555354679839988,200.0,200.0,U
9230,-61.56343077027294,15.554931887293776,200.0,200.0,U
9231,-61.565636987656895,15.5542724377758,200.0,200.0,U
9232,-61.56780162426743,15.556099255201353,200.0,200.0,U
9233,-61.568130989317254,15.55625028126145,200.0,200.0,U
9234,-61.56850646679349,15.553114127254581,200.0,200.0,U
9235,-61.56586990232131,15.554011394754673,200.0,200.0,U
9236,-61.57034211323808,15.554270242647975,200.0,200.0,U
9237,-61.56496067915372,15.554372730967163,200.0,200.0,U
9238,-61.563734296579845,15.554596312364444,200.0,200.0,U
9239,-61.56216824914085,15.553135766828179,200.0,200.0,U
9240,-61.566073154365995,15.555160387725294,200.0,200.0,U
9241,-61.56734178983671,15.554659880033803,200.0,200.0,U
9242,-61.56751726475198,15.554497960491517,200.0,200.0,U
9243,-61.5664586640539,15.553410750350704,200.0,200.0,U
9244,-61.56510647807913,15.553834705517717,200.0,200.0,U
9245,-61.56476306063571,15.553039110874021,200.0,200.0,U
9246,-61.56757806803153,15.554366377090417,200.0,200.0,U
9247,-61.565855910425334,15.551001124269053,200.0,200.0,U
9248,-61.565617913205685,15.552260518473286,200.0,200.0,U
9249,-61.56393137164647,15.553669756529832,200.0,200.0,U
9250,-61.56689575878642,15.55389514518249,200.0,200.0,U
9251,-61.56651625378361,15.557143043418767,200.0,200.0,U
9252,-61.566145466207814,15.554070648543993,200.0,200.0,U
9253,-61.56583955884895,15.553681988699442,200.0,200.0,U
9254,-61.56659746438477,15.55225030835567,200.0,200.0,U
9255,-61.5650556209041,15.554528842156353,200.0,200.0,U
9256,-61.56452691951739,15.554965571907339,200.0,200.0,U
9257,-61.56605530909293,15.554079323737172,200.0,200.0,U
9258,-61.567080502755026,15.553186585246776,200.0,200.0,U
9259,-61.565996872102474,15.554482552173019,200.0,200.0,U
9260,-61.56551226456088,15.555095331017949,200.0,200.0,U
9261,-61.56462853953037,15.557475444504668,200.0,200.0,U
9262,-61.56714937072386,15.552212834837002,200.0,200.0,U
9263,-61.567287743603586,15.555355256399997,200.0,200.0,U
9264,-61.568061968135424,15.553849650847964,200.0,200.0,U
9265,-61.56607634135179,15.554061353401488,200.0,200.0,U
9266,-61.56574545182373,15.555242888283093,200.0,200.0,U
9267,-61.56711011820187,15.554202695808312,200.0,200.0,U
9268,-61.568727277673126,15.552415397535551,200.0,200.0,U
9269,-61.566295434560395,15.554637280862817,200.0,200.0,U
9270,-61.56748566731447,15.555803573965335,200.0,200.0,U
9271,-61.56537375601165,15.553713727054578,200.0,200.0,U
9272,-61.565719080774315,15.554187103960068,200.0,200.0,U
9273,-61.566560018709104,15.554376580847007,200.0,200.0,U
9274,-61.5662031447872,15.55411693770673,200.0,200.0,U
9275,-61.56582740362255,15.55475232837956,200.0,200.0,U
9276,-61.56588600945892,15.554785488593753,200.0,200.0,U
9277,-61.56629498058751,15.554188682709329,200.0,200.0,U
9278,-61.56595269880393,15.552084636235355,200.0,200.0,U
9279,-61.56524785399596,15.553942283894436,200.0,200.0,U
9280,-61.56566992623895,15.554645029037887,200.0,200.0,U
9281,-61.565688950729076,15.551302434029969,200.0,200.0,U
9282,-61.5658052498956,15.55505738243574,200.0,200.0,U
9283,-61.56721579046199,15.553250256517869,200.0,200.0,U
9284,-61.56693751229058,15.554283793657493,200.0,200.0,U
9285,-61.5663168682085,15.556196554459659,200.0,200.0,U
9286,-61.5657091951687,15.55414899680489,200.0,200.0,U
9287,-61.56644869966771,15.554286354850078,200.0,200.0,U
9288,-61.565482143502976,15.553766959506577,200.0,200.0,U
9289,-61.5674047472215,15.554881042108867,200.0,200.0,U
9290,-61.566308753267705,15.553853695899585,200.0,200.0,U
9291,-61.56488348135097,15.554872050565017,200.0,200.0,U
9292,-61.56614130483648,15.55417783879768,200.0,200.0,U
9293,-61.56906219614163,15.554870043763282,200.0,200.0,U
9294,-61.56629842196874,15.554162988795532,200.0,200.0,U
9295,-61.56838872188789,15.553980498962831,200.0,200.0,U
9296,-61.56761171786755,15.554772799471003,200.0,200.0,U
9297,-61.56500627733138,15.553472065217054,200.0,200.0,U
9298,-61.56670898297996,15.55510425695854,200.0,200.0,U
9299,-61.56776207741234,15.553214859143388,200.0,200.0,U
9300,-61.566641088451696,15.55503690540491,200.0,200.0,U
9301,-61.56656303667281,15.553578037188258,200.0,200.0,U
9302,-61.56568562341512,15.553953738176132,200.0,200.0,U
9303,-61.56564894021469,15.555058169296087,200.0,200.0,U
9304,-61.56614071862377,15.553836306854151,200.0,200.0,U
9305,-61.56697953102925,15.554659288378529,200.0,200.0,U
9306,-61.56401927040878,15.552627833710876,200.0,200.0,U
9307,-61.56713933979734,15.55431156160963,200.0,200.0,U
9308,-61.567271707688775,15.552977282925344,200.0,200.0,U
9309,-61.56578262036552,15.554824842530026,200.0,200.0,U
9310,-61.56665832643174,15.554597711183279,200.0,200.0,U
9311,-61.56820058790912,15.554153822425905,200.0,200.0,U
9312,-61.56656072899077,15.554227904432496,200.0,200.0,U
9313,-61.56482410150689,15.555581784140713,200.0,200.0,U
9314,-61.565172875542935,15.554075647727469,200.0,200.0,U
9315,-61.56784961053255,15.554570950302622,200.0,200.0,U
9316,-61.56350159696944,15.554678455574875,200.0,200.0,U
9317,-61.56649535578801,15.555151484628366,200.0,200.0,U
9318,-61.5677819343796,15.553985291964402,200.0,200.0,U
9319,-61.565527213098,15.554420220212233,200.0,200.0,U
9320,-61.56683981820214,15.554310763195463,200.0,200.0,U
9321,-61.5660579617956,15.554298662999585,200.0,200.0,U
9322,-61.5665090988945,15.554494777920661,200.0,200.0,U
9323,-61.567044779670006,15.553299410886934,200.0,200.0,U
9324,-61.566769736470256,15.554045643131138,200.0,200.0,U
9325,-61.56650191083787,15.556993997128194,200.0,200.0,U
9326,-61.56621346172528,15.554249263630847,200.0,200.0,U
9327,-61.567165117020146,15.553385269407768,200.0,200.0,U
9328,-61.56637880675667,15.553567198810336,200.0,200.0,U
9329,-61.56777376666126,15.553954946502627,200.0,200.0,U
9330,-61.56511561611469,15.553972630715338,200.0,200.0,U
9331,-61.56649937617757,15.555978253011622,200.0,200.0,U
9332,-61.56694855265426,15.555138650663915,200.0,200.0,U
9333,-61.56844363480589,15.558298411243863,200.0,200.0,U
9334,-61.56530543669209,15.553998840952943,200.0,200.0,U
9335,-61.568452056927306,15.556819297828941,200.0,200.0,U
9336,-61.566685732041144,15.554273262525912,200.0,200.0,U
9337,-61.565884594186855,15.553907414247238,200.0,200.0,U
9338,-61.56744895777043,15.554349940517383,200.0,200.0,U
9339,-61.56585220504428,15.553503802812404,200.0,200.0,U
9340,-61.56709778580228,15.553799095377773,200.0,200.0,U
9341,-61.56448763738988,15.555945940926724,200.0,200.0,U
9342,-61.56660559156612,15.554393987892059,200.0,200.0,U
9343,-61.566204290311724,15.555858947050151,200.0,200.0,U
9344,-61.57000253231168,15.55438555853773,200.0,200.0,U
9345,-61.567630955582054,15.554194241741957,200.0,200.0,U
9346,-61.567047072277155,15.554976020095912,200.0,200.0,U
9347,-61.56727002950122,15.55630753141657,200.0,200.0,U
9348,-61.56661781790593,15.55619192413796,200.0,200.0,U
9349,-61.56691024197968,15.554115657034192,200.0,200.0,U
9350,-61.566484380998084,15.554011384097521,200.0,200.0,U
9351,-61.56603694826325,15.553602239970187,200.0,200.0,U
9352,-61.568322961469846,15.554769557023961,200.0,200.0,U
9353,-61.56905935231179,15.554154774017297,200.0,200.0,U
9354,-61.56608134600708,15.552245980572227,200.0,200.0,U
9355,-61.564167378815924,15.554222672267644,200.0,200.0,U
9356,-61.568322182628414,15.554727691120673,200.0,200.0,U
9357,-61.566356545649455,15.551996029484204,200.0,200.0,U
9358,-61.56559918865377,15.555105282371644,200.0,200.0,U
9359,-61.566935335460286,15.55468770333873,200.0,200.0,U
9360,-61.56536200332015,15.55164325557619,200.0,200.0,U
9361,-61.56507218284352,15.553532129933982,200.0,200.0,U
9362,-61.56679725228957,15.55455266329153,200.0,200.0,U
9363,-61.56479531765924,15.5564394146876,200.0,200.0,U
9364,-61.566964440039946,15.554248919141347,200.0,200.0,U
9365,-61.566855965615375,15.55437842717429,200.0,200.0,U
9366,-61.56329467665119,15.554930980563656,200.0,200.0,U
9367,-61.56658049318055,15.554211386526186,200.0,200.0,U
9368,-61.566846113600434,15.55424268869811,200.0,200.0,U
9369,-61.56586239883991,15.556282426333729,200.0,200.0,U
9370,-61.56709594934162,15.555478218692068,200.0,200.0,U
9371,-61.56843635791211,15.55401839526774,200.0,200.0,U
9372,-61.568869244944835,15.553549492706765,200.0,200.0,U
9373,-61.56890478504167,15.555788398043621,200.0,200.0,U
9374,-61.56852320996157,15.553176130090883,200.0,200.0,U
9375,-61.56550493979844,15.558205381529392,200.0,200.0,U
9376,-61.565783719935865,15.553196426644577,200.0,200.0,U
9377,-61.56753813340968,15.550517293143711,200.0,200.0,U
9378,-61.5665129406932,15.554608387600412,200.0,200.0,U
9379,-61.56835225368948,15.55734320004353,200.0,200.0,U
9380,-61.566251434092564,15.552860832108198,200.0,200.0,U
9381,-61.56697963517425,15.554405342587609,200.0,200.0,U
9382,-61.567916805821014,15.555744794211474,200.0,200.0,U
9383,-61.56840281168915,15.554767929648998,200.0,200.0,U
9384,-61.56762906675903,15.554351006324278,200.0,200.0,U
9385,-61.567362870190365,15.555051344449979,200.0,200.0,U
9386,-61.5665553702803,15.552849969969152,200.0,200.0,U
9387,-61.56679742970269,15.554865662194278,200.0,200.0,U
9388,-61.56740265451688,15.554198809296807,200.0,200.0,U
9389,-61.56895672734334,15.554462671894234,200.0,200.0,U
9390,-61.56626056620712,15.554610490010914,200.0,200.0,U
9391,-61.568816141407986,15.552956151845601,200.0,200.0,U
9392,-61.564983201674906,15.553107400176943,200.0,200.0,U
9393,-61.567605566666714,15.554074072959853,200.0,200.0,U
9394,-61.56656105829377,15.55444437245113,200.0,200.0,U
9395,-61.56705651584603,15.55462558305269,200.0,200.0,U
9396,-61.56815825973817,15.556400458407749,200.0,200.0,U
9397,-61.56671671369965,15.554310378029056,200.0,200.0,U
9398,-61.56761052728572,15.555888262719623,200.0,200.0,U
9399,-61.56705061771644,15.55450105269636,200.0,200.0,U
9400,-61.566293388187404,15.554343864218012,200.0,200.0,U
9401,-61.56721349815881,15.554699608804324,200.0,200.0,U
9402,-61.56896229177217,15.555351876573624,200.0,200.0,U
9403,-61.56540817844638,15.55395088080752,200.0,200.0,U
9404,-61.57059526338198,15.557422768367925,200.0,200.0,U
9405,-61.567395368031086,15.553602600918829,200.0,200.0,U
9406,-61.568809989397465,15.553046727208478,200.0,200.0,U
9407,-61.56779565016713,15.55613524932941,200.0,200.0,U
9408,-61.567419556918615,15.554273350477082,200.0,200.0,U
9409,-61.565760353783475,15.554795821941907,200.0,200.0,U
9410,-61.567529838949966,15.55436171016527,200.0,200.0,U
9411,-61.566167021999426,15.55284244366959,200.0,200.0,U
9412,-61.56593503435861,15.54922171136313,200.0,200.0,U
9413,-61.565942252880475,15.55448787883039,200.0,200.0,U
9414,-61.56733561231826,15.5561966994746,200.0,200.0,U
9415,-61.56808594330098,15.554714402414167,200.0,200.0,U
9416,-61.56702109898756,15.554324243535525,200.0,200.0,U
9417,-61.56994075044457,15.553397210402625,200.0,200.0,U
9418,-61.56707260110799,15.555321313370849,200.0,200.0,U
9419,-61.568056244078186,15.553976807132885,200.0,200.0,U
9420,-61.56419109644924,15.55689379108367,200.0,200.0,U
9421,-61.566739128933996,15.553706285224925,200.0,200.0,U
9422,-61.565746269840055,15.554030521893123,200.0,200.0,U
9423,-61.5679038235184,15.555051726095352,200.0,200.0,U
9424,-61.568626861664455,15.55536159925702,200.0,200.0,U
9425,-61.5660548668345,15.553548009637534,200.0,200.0,U
9426,-61.56742778937112,15.553695425550774,200.0,200.0,U
9427,-61.567100300079574,15.556578140570554,200.0,200.0,U
9428,-61.567269726719424,15.554706182800368,200.0,200.0,U
9429,-61.56730752298216,15.554815711490566,200.0,200.0,U
9430,-61.56773557109204,15.55460357102983,200.0,200.0,U
9431,-61.56643425263409,15.54980233852624,200.0,200.0,U
9432,-61.56712556513765,15.554695704505408,200.0,200.0,U
9433,-61.567159710628,15.554372503509095,200.0,200.0,U
9434,-61.566863224304974,15.553095281742294,200.0,200.0,U
9435,-61.567360482000495,15.554627837606239,200.0,200.0,U
9436,-61.56431626841781,15.555532495918854,200.0,200.0,U
9437,-61.567136774887054,15.554498242119985,200.0,200.0,U
9438,-61.56736385031052,15.554239534592346,200.0,200.0,U
9439,-61.56698865733902,15.554146506718718,200.0,200.0,U
9440,-61.56982495383651,15.553962164190684,200.0,200.0,U
9441,-61.56725553565756,15.554690866301064,200.0,200.0,U
9442,-61.5674250229013,15.555979174379225,200.0,200.0,U
9443,-61.567580983150854,15.55705062229159,200.0,200.0,U
9444,-61.56776001158333,15.553009850799432,200.0,200.0,U
9445,-61.56808468435208,15.553992886548768,200.0,200.0,U
9446,-61.5669217081722,15.553323154425726,200.0,200.0,U
9447,-61.56713702015954,15.554747269049352,200.0,200.0,U
9448,-61.5673719464769,15.554606904108704,200.0,200.0,U
9449,-61.5668599171063,15.554102208737085,200.0,200.0,U
9450,-61.56997661677186,15.553259100511465,200.0,200.0,U
9451,-61.56723067731201,15.55488523381137,200.0,200.0,U
9452,-61.566512624891736,15.557901107795097,200.0,200.0,U
9453,-61.56527488077072,15.552555451798051,200.0,200.0,U
9454,-61.56702683560689,15.556098596436406,200.0,200.0,U
9455,-61.56732083037149,15.55479795789418,200.0,200.0,U
9456,-61.56626836958211,15.555790933499965,200.0,200.0,U
9457,-61.56832786828129,15.553290930017171,200.0,200.0,U
9458,-61.56403752758998,15.556709468338275,200.0,200.0,U
9459,-61.56859202485217,15.554372331055244,200.0,200.0,U
9460,-61.568668600366614,15.556204491952277,200.0,200.0,U
9461,-61.56787720068517,15.553400297593377,200.0,200.0,U
9462,-61.56838963599765,15.554751201361833,200.0,200.0,U
9463,-61.57048309135514,15.556345245855693,200.0,200.0,U
9464,-61.56687531197064,15.556616437937615,200.0,200.0,U
9465,-61.57057839136507,15.55396092358373,200.0,200.0,U
9466,-61.56735642684321,15.55481382955804,200.0,200.0,U
9467,-61.567170462888676,15.553416921866175,200.0,200.0,U
9468,-61.56697866493426,15.557037686472055,200.0,200.0,U
9469,-61.56740765932919,15.554624235006704,200.0,200.0,U
9470,-61.566488364804165,15.554688833543858,200.0,200.0,U
9471,-61.56971289624035,15.555549898037068,200.0,200.0,U
9472,-61.567875025935216,15.556053741399179,200.0,200.0,U
9473,-61.56861497843553,15.554525736729842,200.0,200.0,U
9474,-61.56738127867248,15.554854620958645,200.0,200.0,U
9475,-61.565507134340315,15.557130730514652,200.0,200.0,U
9476,-61.563938963240844,15.554623730200927,200.0,200.0,U
9477,-61.565895795524064,15.557679294100456,200.0,200.0,U
9478,-61.567655863919605,15.551504014207321,200.0,200.0,U
9479,-61.56991924324655,15.557215259709734,200.0,200.0,U
9480,-61.5673957850421,15.554882557028566,200.0,200.0,U
9481,-61.566246897156454,15.556045813262068,200.0,200.0,U
9482,-61.566774985042656,15.553930741256593,200.0,200.0,U
9483,-61.56672641521823,15.556246515624075,200.0,200.0,U
9484,-61.567125094179275,15.554483479212882,200.0,200.0,U
9485,-61.56739002702169,15.554914645398757,200.0,200.0,U
9486,-61.566226265164005,15.553196047924459,200.0,200.0,U
9487,-61.565974339829204,15.555960880835508,200.0,200.0,U
9488,-61.56531108469338,15.553766170920422,200.0,200.0,U
9489,-61.56852716192378,15.556099399830924,200.0,200.0,U
9490,-61.56794610321223,15.554084052535966,200.0,200.0,U
9491,-61.567360876089666,15.554703645041156,200.0,200.0,U
9492,-61.5680804583715,15.55327422682961,200.0,200.0,U
9493,-61.56708344585969,15.552130556989432,200.0,200.0,U
9494,-61.56879126395376,15.554865622115996,200.0,200.0,U
9495,-61.569725071715816,15.551840724619415,200.0,200.0,U
9496,-61.567805352764424,15.553219003735455,200.0,200.0,U
9497,-61.56601788416279,15.554008333039473,200.0,200.0,U
9498,-61.567403566414555,15.554761486692849,200.0,200.0,U
9499,-61.567472214577066,15.556081658438789,200.0,200.0,U
9500,-61.5674159999336,15.556927997421809,200.0,200.0,U
9501,-61.56594815960585,15.556300192696673,200.0,200.0,U
9502,-61.56610777598243,15.55567874554365,200.0,200.0,U
9503,-61.56698195394316,15.556348520495934,200.0,200.0,U
9504,-61.56755129869711,15.554774705174772,200.0,200.0,U
9505,-61.56787103583726,15.553961399458233,200.0,200.0,U
9506,-61.56704436586382,15.554584124985839,200.0,200.0,U
9507,-61.56868510541769,15.554030408378761,200.0,200.0,U
9508,-61.56809195437058,15.553480452913615,200.0,200.0,U
9509,-61.56770580914213,15.554572295511978,200.0,200.0,U
9510,-61.56557127523371,15.554912833255985,200.0,200.0,U
9511,-61.56978928530675,15.555015548905443,200.0,200.0,U
9512,-61.56755478207382,15.554821545864673,200.0,200.0,U
9513,-61.56971607301542,15.55490295004998,200.0,200.0,U
9514,-61.566668174441986,15.553423890667522,200.0,200.0,U
9515,-61.56704588376545,15.553250403041519,200.0,200.0,U
9516,-61.57014472021625,15.555479561753957,200.0,200.0,U
9517,-61.56739779420471,15.554846163295352,200.0,200.0,U
9518,-61.56741361420594,15.555316934681546,200.0,200.0,U
9519,-61.5668631792382,15.555683066440725,200.0,200.0,U
9520,-61.566254524548256,15.55527368352829,200.0,200.0,U
9521,-61.567809010791805,15.55788367465459,200.0,200.0,U
9522,-61.56719208017532,15.555425874172547,200.0,200.0,U
9523,-61.5695341619515,15.553342180697774,200.0,200.0,U
9524,-61.56752368360154,15.555155833429184,200.0,200.0,U
9525,-61.567058500397714,15.555390723176739,200.0,200.0,U
9526,-61.566703423260314,15.555952866193795,200.0,200.0,U
9527,-61.56777407001845,15.556616607986477,200.0,200.0,U
9528,-61.56704711592701,15.555643859822982,200.0,200.0,U
9529,-61.5688855909906,15.554370833993833,200.0,200.0,U
9530,-61.56752422705607,15.555310890528025,200.0,200.0,U
9531,-61.5678394022911,15.556214315769767,200.0,200.0,U
9532,-61.567915920429485,15.555985916504259,200.0,200.0,U
9533,-61.567150225605936,15.555337047639794,200.0,200.0,U
9534,-61.568948386973226,15.552545036471258,200.0,200.0,U
9535,-61.567417008560206,15.555264970010416,200.0,200.0,U
9536,-61.56690566168519,15.555192022443306,200.0,200.0,U
9537,-61.567445407406915,15.555383071123305,200.0,200.0,U
9538,-61.56847047443088,15.555809861690802,200.0,200.0,U
9539,-61.56891439652519,15.555651614800679,200.0,200.0,U
9540,-61.56557836184023,15.554504229255791,200.0,200.0,U
9541,-61.56806498298254,15.557121161435521,200.0,200.0,U
9542,-61.56688584171317,15.556255660315752,200.0,200.0,U
9543,-61.569067269137896,15.55295232655503,200.0,200.0,U
9544,-61.56877604488382,15.553563101259757,200.0,200.0,U
9545,-61.567674339989516,15.555177542308195,200.0,200.0,U
9546,-61.56773659398047,15.555392861413425,200.0,200.0,U
9547,-61.56782257619279,15.5562549393523,200.0,200.0,U
9548,-61.568427655133455,15.556485950827478,200.0,200.0,U
9549,-61.570220625255715,15.553443736536378,200.0,200.0,U
9550,-61.566335331888176,15.555283153865505,200.0,200.0,U
9551,-61.56777204425233,15.555214698375964,200.0,200.0,U
9552,-61.56760282942141,15.555325779144793,200.0,200.0,U
9553,-61.56753674446708,15.55523795076186,200.0,200.0,U
9554,-61.56852284783889,15.556107157423263,200.0,200.0,U
9555,-61.569407211813655,15.552582393623965,200.0,200.0,U
9556,-61.56775468512219,15.557320301499345,200.0,200.0,U
9557,-61.567985766095205,15.555228838113537,200.0,200.0,U
9558,-61.56790059859424,15.55613831775625,200.0,200.0,U
9559,-61.565931873701054,15.554679147771678,200.0,200.0,U
9560,-61.56730015175614,15.555438933732521,200.0,200.0,U
9561,-61.56739535044896,15.553361189994009,200.0,200.0,U
9562,-61.56793049189569,15.553575700341444,200.0,200.0,U
9563,-61.56814863861541,15.553140703696084,200.0,200.0,U
9564,-61.56695589941576,15.555624800324319,200.0,200.0,U
9565,-61.56574775180265,15.555448330896436,200.0,200.0,U
9566,-61.56945041978464,15.55184796914591,200.0,200.0,U
9567,-61.56749437889108,15.555185971262958,200.0,200.0,U
9568,-61.56845511476777,15.555582320292137,200.0,200.0,U
9569,-61.56777878880455,15.55629774858619,200.0,200.0,U
9570,-61.56781288123633,15.555422104782176,200.0,200.0,U
9571,-61.565597769210555,15.557164099493615,200.0,200.0,U
9572,-61.56807835329847,15.555704034826205,200.0,200.0,U
9573,-61.56776036011392,15.55414706829923,200.0,200.0,U
9574,-61.56913434909902,15.55616017804572,200.0,200.0,U
9575,-61.568010627204565,15.55526626698475,200.0,200.0,U
9576,-61.56735519766757,15.556946749337138,200.0,200.0,U
9577,-61.56735441186565,15.55431251655675,200.0,200.0,U
9578,-61.5668311174775,15.556823292132348,200.0,200.0,U
10848,-61.55587361581984,15.570575184484014,200.0,200.0,U
10849,-61.551448405652756,15.569905247991276,200.0,200.0,U
10850,-61.55672641607404,15.568281518045943,200.0,200.0,U
10851,-61.555524016836735,15.570391412012306,200.0,200.0,U
10852,-61.555259391221966,15.569482888148183,200.0,200.0,U
10853,-61.55541983830517,15.570190127227502,200.0,200.0,U
10854,-61.55578857925923,15.57000525796536,200.0,200.0,U
10855,-61.55620614718432,15.573106280645481,200.0,200.0,U
10856,-61.556195117057236,15.570676001202132,200.0,200.0,U
10857,-61.556079692766694,15.57436586803144,200.0,200.0,U
10858,-61.554583320092775,15.571265385097268,200.0,200.0,U
10859,-61.5553152659168,15.570472348821397,200.0,200.0,U
10860,-61.554768956615796,15.56892547682496,200.0,200.0,U
10861,-61.55374333964049,15.572826438336485,200.0,200.0,U
10862,-61.55561253489527,15.569945894443606,200.0,200.0,U
10863,-61.558334110477986,15.570591201797468,200.0,200.0,U
10864,-61.55481818318243,15.571289511710088,200.0,200.0,U
10865,-61.55416944358555,15.570451946874716,200.0,200.0,U
10866,-61.556037892695315,15.570543865806417,200.0,200.0,U
10867,-61.5544212901164,15.572009735261672,200.0,200.0,U
10868,-61.554424296692154,15.57263043277912,200.0,200.0,U
10869,-61.551553912453635,15.571888359847838,200.0,200.0,U
10870,-61.55515772917501,15.570840811958407,200.0,200.0,U
10871,-61.555168817973865,15.570688031546917,200.0,200.0,U
10872,-61.55809127846034,15.566260011290165,200.0,200.0,U
10873,-61.55407295168423,15.569900112099138,200.0,200.0,U
10874,-61.55685470800361,15.571307923660331,200.0,200.0,U
10875,-61.55818912794289,15.571523351713932,200.0,200.0,U
10876,-61.55399774706884,15.57290603529708,200.0,200.0,U
10877,-61.55481226191367,15.570432913309977,200.0,200.0,U
10878,-61.557389103706235,15.571181518965998,200.0,200.0,U
10879,-61.554699107862106,15.571205732467556,200.0,200.0,U
10880,-61.55644664575474,15.571406839314502,200.0,200.0,U
10881,-61.55693469721163,15.569382337861754,200.0,200.0,U
10882,-61.55384155405946,15.569900725424118,200.0,200.0,U
10883,-61.55523934306664,15.569901307886353,200.0,200.0,U
10884,-61.55578688890718,15.570395496602176,200.0,200.0,U
10885,-61.551884638073076,15.569228424098478,200.0,200.0,U
10886,-61.555476757923714,15.570509786673227,200.0,200.0,U
10887,-61.55499272376073,15.5713579178935,200.0,200.0,U
10888,-61.555812994681304,15.572493876565755,200.0,200.0,U
10889,-61.552374578293275,15.571825064465646,200.0,200.0,U
10890,-61.554720436695476,15.570735258400282,200.0,200.0,U
10891,-61.55520186372895,15.570799696450564,200.0,200.0,U
10892,-61.554229713739005,15.568321262804009,200.0,200.0,U
10893,-61.554405271764786,15.57044410228074,200.0,200.0,U
10894,-61.55505828303442,15.56974295933167,200.0,200.0,U
10895,-61.553256830216895,15.57309391587076,200.0,200.0,U
10896,-61.55737675194864,15.571854360102765,200.0,200.0,U
10897,-61.553911421611794,15.573193756647754,200.0,200.0,U
10898,-61.55478242775291,15.568477657429902,200.0,200.0,U
10899,-61.554936267682415,15.571081006646972,200.0,200.0,U
10900,-61.55431366342295,15.570338561127508,200.0,200.0,U
10901,-61.55739153092632,15.57092014783428,200.0,200.0,U
10902,-61.55511600953689,15.570903853247211,200.0,200.0,U
10903,-61.55434897082686,15.56897782570348,200.0,200.0,U
10904,-61.55370029433266,15.568152285630706,200.0,200.0,U
10905,-61.558119542003105,15.572865833065284,200.0,200.0,U
10906,-61.5556868195481,15.571479413204221,200.0,200.0,U
10907,-61.55711302368855,15.57317851682183,200.0,200.0,U
10908,-61.55452502514341,15.570785334313342,200.0,200.0,U
10909,-61.555751989794565,15.57130197303208,200.0,200.0,U
10910,-61.552475253883124,15.570412566080096,200.0,200.0,U
10911,-61.55327834235896,15.570732861478866,200.0,200.0,U
10912,-61.553544653110364,15.569926302208197,200.0,200.0,U
10913,-61.5530819042987,15.56976483540157,200.0,200.0,U
10914,-61.55372934812552,15.570154149325267,200.0,200.0,U
10915,-61.554939743428776,15.572012149421793,200.0,200.0,U
10916,-61.556044875090784,15.568759818724697,200.0,200.0,U
10917,-61.55427660580323,15.572938811904798,200.0,200.0,U
10918,-61.55566130378743,15.570661909386008,200.0,200.0,U
10919,-61.55450111263033,15.570049676348603,200.0,200.0,U
10920,-61.5546227864719,15.570768226661444,200.0,200.0,U
10921,-61.55382610529073,15.57239745618127,200.0,200.0,U
10922,-61.555433805087226,15.571091744893002,200.0,200.0,U
10923,-61.55530690771127,15.570903812156025,200.0,200.0,U
10924,-61.55517272380845,15.569691616203428,200.0,200.0,U
10925,-61.55395304916045,15.57076297292822,200.0,200.0,U
10926,-61.55091146877891,15.569882905747786,200.0,200.0,U
10927,-61.552414285802186,15.571423652369447,200.0,200.0,U
10928,-61.55284666020786,15.570012906971007,200.0,200.0,U
10929,-61.55425167400577,15.573376839617113,200.0,200.0,U
10930,-61.554691721820596,15.570808050295895,200.0,200.0,U
10931,-61.554657455457665,15.571026711649612,200.0,200.0,U
10932,-61.55495580951158,15.570210161552154,200.0,200.0,U
10933,-61.55440977860052,15.571681897928947,200.0,200.0,U
10934,-61.55466218401456,15.570207753138902,200.0,200.0,U
10935,-61.5556635631443,15.570615462488584,200.0,200.0,U
10936,-61.554337667847975,15.572565589937398,200.0,200.0,U
10937,-61.55320707238648,15.570395676802386,200.0,200.0,U
10938,-61.552311532709496,15.571471238702417,200.0,200.0,U
10939,-61.556649880287374,15.570839096019313,200.0,200.0,U
10940,-61.552292783548246,15.569920872058955,200.0,200.0,U
10941,-61.55345931693219,15.567125786263931,200.0,200.0,U
10942,-61.55468195884141,15.571333013083608,200.0,200.0,U
10943,-61.55366597324962,15.57185482906886,200.0,200.0,U
10944,-61.554360888226334,15.569128499308173,200.0,200.0,U
10945,-61.55383951176099,15.57110237012646,200.0,200.0,U
10946,-61.55468113503797,15.571801784941822,200.0,200.0,U
10947,-61.55394505737802,15.571129393106318,200.0,200.0,U
10948,-61.555193022369274,15.572560595903443,200.0,200.0,U
10949,-61.55582751912856,15.572225502146443,200.0,200.0,U
10950,-61.55624718526193,15.569588633184477,200.0,200.0,U
10951,-61.553592865721214,15.571068341355987,200.0,200.0,U
10952,-61.55333472693437,15.574511251603068,200.0,200.0,U
10953,-61.55523129076819,15.571653607978579,200.0,200.0,U
10954,-61.55334819134112,15.57098230546802,200.0,200.0,U
10955,-61.55549966026993,15.5719095795683,200.0,200.0,U
10956,-61.554464313290715,15.573463247297902,200.0,200.0,U
10957,-61.553598048375086,15.57163863526424,200.0,200.0,U
10958,-61.55510665287653,15.569050322221058,200.0,200.0,U
10959,-61.55382796381257,15.571729326342846,200.0,200.0,U
10960,-61.55604522598501,15.570603310606899,200.0,200.0,U
10961,-61.553523393364365,15.570844581097237,200.0,200.0,U
10962,-61.555572911277814,15.570399974407493,200.0,200.0,U
10963,-61.55673492547979,15.572993777706554,200.0,200.0,U
10964,-61.55344925905357,15.570715179146513,200.0,200.0,U
10965,-61.55411791035502,15.57196012818171,200.0,200.0,U
10966,-61.55655586689522,15.571204127382114,200.0,200.0,U
10967,-61.554450261014836,15.570547595958866,200.0,200.0,U
10968,-61.551130068256334,15.572106319407895,200.0,200.0,U
10969,-61.5547832111601,15.572957598773087,200.0,200.0,U
10970,-61.55428881700124,15.571826785854878,200.0,200.0,U
10971,-61.554789132042785,15.570344560472885,200.0,200.0,U
10972,-61.55429179818125,15.571455527894832,200.0,200.0,U
10973,-61.55285319964033,15.57052098836701,200.0,200.0,U
10974,-61.555237876773695,15.571254946619442,200.0,200.0,U
10975,-61.55328591376073,15.571850615879315,200.0,200.0,U
10976,-61.55392620538984,15.571816245261939,200.0,200.0,U
10977,-61.55579887658697,15.569654074146774,200.0,200.0,U
10978,-61.55580615757614,15.57159164842256,200.0,200.0,U
10979,-61.55567949324702,15.5696319507465,200.0,200.0,U
10980,-61.55442186392453,15.571144992895563,200.0,200.0,U
10981,-61.55348989521568,15.568841760490324,200.0,200.0,U
10982,-61.553908900891074,15.568616866080806,200.0,200.0,U
10983,-61.556814879330275,15.570209182163328,200.0,200.0,U
10984,-61.552518824708784,15.572162499386435,200.0,200.0,U
10985,-61.55340404098287,15.571205634645828,200.0,200.0,U
10986,-61.55212382207494,15.570829690996582,200.0,200.0,U
10987,-61.552102614489804,15.570947250626785,200.0,200.0,U
10988,-61.553547359734424,15.571541376014522,200.0,200.0,U
10989,-61.55407048559784,15.572173788995805,200.0,200.0,U
10990,-61.554208818010416,15.57195477063107,200.0,200.0,U
10991,-61.554277384315206,15.571272841884642,200.0,200.0,U
10992,-61.55187720345088,15.573650667942523,200.0,200.0,U
10993,-61.55450377968722,15.570701161398913,200.0,200.0,U
10994,-61.5537394186291,15.569914946016773,200.0,200.0,U
10995,-61.554848201444884,15.571209170730326,200.0,200.0,U
10996,-61.55354671969031,15.57212259623882,200.0,200.0,U
10997,-61.553027843269035,15.572525132422625,200.0,200.0,U
10998,-61.55455327019762,15.57058706836719,200.0,200.0,U
10999,-61.54882261337129,15.571184543553718,200.0,200.0,U
11000,-61.553943170876785,15.571555165462726,200.0,200.0,U
11001,-61.555257196113615,15.571662418576249,200.0,200.0,U
11002,-61.55298420147256,15.5741623572025,200.0,200.0,U
11003,-61.55420012690829,15.571672314086632,200.0,200.0,U
11004,-61.55424400890681,15.570993424199859,200.0,200.0,U
11005,-61.5535452099609,15.571895852598356,200.0,200.0,U
11006,-61.55520416024111,15.572319318804814,200.0,200.0,U
11007,-61.547570205857795,15.572296663002783,200.0,200.0,U
11008,-61.55430744715856,15.571144758291574,200.0,200.0,U
11009,-61.55585444529866,15.573086229465213,200.0,200.0,U
11010,-61.553847975876444,15.571586145772178,200.0,200.0,U
11011,-61.5520387989092,15.570633892346152,200.0,200.0,U
11012,-61.55481352407007,15.57184272644321,200.0,200.0,U
11013,-61.55219878722045,15.572565803694095,200.0,200.0,U
11014,-61.553563013188,15.570179001416744,200.0,200.0,U
11015,-61.554802080514285,15.57248525262566,200.0,200.0,U
11016,-61.55320760921817,15.572746137762508,200.0,200.0,U
11017,-61.555071995467465,15.569670976187396,200.0,200.0,U
11018,-61.553796296278364,15.571571318941519,200.0,200.0,U
11019,-61.553657156281325,15.572024617700075,200.0,200.0,U
11020,-61.55369485198064,15.571731427296333,200.0,200.0,U
11021,-61.553409656351356,15.570629454080564,200.0,200.0,U
11022,-61.552087733733906,15.570922280751667,200.0,200.0,U
11023,-61.55284197249833,15.57310544200805,200.0,200.0,U
11024,-61.5537154732028,15.57229555907895,200.0,200.0,U
11025,-61.55454375322325,15.570820670866537,200.0,200.0,U
11026,-61.553153844979136,15.572419404915678,200.0,200.0,U
11027,-61.55381986421244,15.571666710322054,200.0,200.0,U
11028,-61.55374546811975,15.573318398242924,200.0,200.0,U
11029,-61.55424121604339,15.57116500414446,200.0,200.0,U
11030,-61.548436543064525,15.574104231441959,200.0,200.0,U
11031,-61.55308826547078,15.574441493133838,200.0,200.0,U
11032,-61.55282213057808,15.569565620647447,200.0,200.0,U
11033,-61.553093872829514,15.570663649581808,200.0,200.0,U
11034,-61.55352723721785,15.571681300420455,200.0,200.0,U
11035,-61.55495469321295,15.570192067374562,200.0,200.0,U
11036,-61.55484355727813,15.570645290116891,200.0,200.0,U
11037,-61.55475530273334,15.572197549663587,200.0,200.0,U
11038,-61.554219759911874,15.571874754652407,200.0,200.0,U
11039,-61.55287485788807,15.572356833754661,200.0,200.0,U
11040,-61.55327363071505,15.571629452853163,200.0,200.0,U
11041,-61.55260641145079,15.572548001883845,200.0,200.0,U
11042,-61.55284546492233,15.571676238211975,200.0,200.0,U
11043,-61.55349634493284,15.571904627495798,200.0,200.0,U
11044,-61.55362590410659,15.571764606266699,200.0,200.0,U
11045,-61.55326871861837,15.571860051694324,200.0,200.0,U
11046,-61.552995800788636,15.571821669900324,200.0,200.0,U
11047,-61.55320334389247,15.573658025265939,200.0,200.0,U
11048,-61.55712795591594,15.577317976978776,200.0,200.0,U
11049,-61.551944457056535,15.571120434925989,200.0,200.0,U
11050,-61.552290684007666,15.572711957653889,200.0,200.0,U
11051,-61.554011727022306,15.567398160885725,200.0,200.0,U
11052,-61.55355361957039,15.56940082831047,200.0,200.0,U
11053,-61.55265736072347,15.570363457773475,200.0,200.0,U
11054,-61.55125587364655,15.570524993929139,200.0,200.0,U
11055,-61.55397568911986,15.5709625365045,200.0,200.0,U
11056,-61.5534351882982,15.571577291313444,200.0,200.0,U
11057,-61.553020082582236,15.572531397144436,200.0,200.0,U
11058,-61.553370682185324,15.571690964244581,200.0,200.0,U
11059,-61.55580455802205,15.56924776257556,200.0,200.0,U
11060,-61.553123501498725,15.571254845310786,200.0,200.0,U
11061,-61.55341517935746,15.571046066580456,200.0,200.0,U
11062,-61.552230528819884,15.57138220628692,200.0,200.0,U
11063,-61.55259579403885,15.5734455674131,200.0,200.0,U
11064,-61.556099937965264,15.57215529385162,200.0,200.0,U
11065,-61.55214858871859,15.574475726317054,200.0,200.0,U
11066,-61.554193106817436,15.575783172821735,200.0,200.0,U
11067,-61.552578942439276,15.570766097091056,200.0,200.0,U
11068,-61.55328424647834,15.570401303189065,200.0,200.0,U
11069,-61.55160831750305,15.571544570475849,200.0,200.0,U
11070,-61.554041465817754,15.572404285085504,200.0,200.0,U
11071,-61.55589586820163,15.573143283865809,200.0,200.0,U
11072,-61.55179009564069,15.575277144432047,200.0,200.0,U
11073,-61.55354757993587,15.571603623986864,200.0,200.0,U
11074,-61.55007756135359,15.57116845168633,200.0,200.0,U
11075,-61.55336120661985,15.568724120460045,200.0,200.0,U
11076,-61.552742494444736,15.571867757999325,200.0,200.0,U
11077,-61.5566685068555,15.571266690399316,200.0,200.0,U
11078,-61.55505414469048,15.572077655489103,200.0,200.0,U
11079,-61.55529736262265,15.574446966907304,200.0,200.0,U
11080,-61.55267469690675,15.572181452993242,200.0,200.0,U
11081,-61.55316240089203,15.571758323148499,200.0,200.0,U
11082,-61.552979066329044,15.572245922669461,200.0,200.0,U
11083,-61.55438544841605,15.573049923193429,200.0,200.0,U
11084,-61.552544861150594,15.57245225673833,200.0,200.0,U
11085,-61.55317973596874,15.572251319063172,200.0,200.0,U
11086,-61.55336097177595,15.572081060188541,200.0,200.0,U
11087,-61.55307941307968,15.572081398721703,200.0,200.0,U
11088,-61.554192618819464,15.574922877695615,200.0,200.0,U
11089,-61.553888414441886,15.572966991848356,200.0,200.0,U
11090,-61.552989947468454,15.572066957976226,200.0,200.0,U
11091,-61.55132733924743,15.571663984136917,200.0,200.0,U
11092,-61.555201516654094,15.572026391383606,200.0,200.0,U
11093,-61.553837065294935,15.572281514967687,200.0,200.0,U
11094,-61.553485576372935,15.57219139281136,200.0,200.0,U
11095,-61.55589722690756,15.573199506487663,200.0,200.0,U
11096,-61.55082254758241,15.57217256128976,200.0,200.0,U
11097,-61.55353155086299,15.571786068656309,200.0,200.0,U
11098,-61.555051217844735,15.574344935095407,200.0,200.0,U
11099,-61.55214118372086,15.571860938660048,200.0,200.0,U
11100,-61.55222256782411,15.571079075399686,200.0,200.0,U
11101,-61.548284611887865,15.572735959258887,200.0,200.0,U
11102,-61.5515832990276,15.571175349188138,200.0,200.0,U
11103,-61.55385222723805,15.57356174742969,200.0,200.0,U
11104,-61.552852071251294,15.5693815949043,200.0,200.0,U
11105,-61.55402410392486,15.571036417371932,200.0,200.0,U
11106,-61.55106768336731,15.57367602425314,200.0,200.0,U
11107,-61.55342053629902,15.57364697869904,200.0,200.0,U
11108,-61.55343461596785,15.571289232873646,200.0,200.0,U
11109,-61.55318125440026,15.571879985435597,200.0,200.0,U
11110,-61.55475117183087,15.573651361150768,200.0,200.0,U
11111,-61.55385360861601,15.569697301292942,200.0,200.0,U
11112,-61.55172249058208,15.570783918505072,200.0,200.0,U
11113,-61.55289278960341,15.572341572601369,200.0,200.0,U
11114,-61.552477751339005,15.570523003972458,200.0,200.0,U
11115,-61.55310549654932,15.573355276933626,200.0,200.0,U
11116,-61.55120158363348,15.575294012177896,200.0,200.0,U
11117,-61.553844402098136,15.572412699538537,200.0,200.0,U
11118,-61.55200724631316,15.573181197186187,200.0,200.0,U
11119,-61.554206111541184,15.57217793918239,200.0,200.0,U
11120,-61.550554323821515,15.572196328279386,200.0,200.0,U
11121,-61.55343668773405,15.573693027157518,200.0,200.0,U
11122,-61.552752261494206,15.571770350543666,200.0,200.0,U
11123,-61.554308834321766,15.570821891581545,200.0,200.0,U
11124,-61.552843534491615,15.570691711476497,200.0,200.0,U
11125,-61.55297363482346,15.572628158954497,200.0,200.0,U
11126,-61.54850465962752,15.572924583667207,200.0,200.0,U
11127,-61.552611735956155,15.571620644015512,200.0,200.0,U
11128,-61.55183323627346,15.573252904572666,200.0,200.0,U
11129,-61.55352057428596,15.573985497080823,200.0,200.0,U
11130,-61.552839885601614,15.572371268978591,200.0,200.0,U
11131,-61.55539339775953,15.569344035015703,200.0,200.0,U
11132,-61.552899148795,15.572021001645435,200.0,200.0,U
11133,-61.55175242267363,15.574107424217155,200.0,200.0,U
11134,-61.551614276222104,15.572251198659945,200.0,200.0,U
11135,-61.551433953303786,15.572866082134182,200.0,200.0,U
11136,-61.55006032243068,15.574334930600573,200.0,200.0,U
11137,-61.555500903654895,15.570184423665218,200.0,200.0,U
11138,-61.54915851054455,15.571239109598679,200.0,200.0,U
11139,-61.55308376706919,15.572540796712069,200.0,200.0,U
11140,-61.54994210943891,15.571131623674473,200.0,200.0,U
11141,-61.55260503031107,15.572033480844135,200.0,200.0,U
11142,-61.55115881768293,15.572722223575525,200.0,200.0,U
11143,-61.55291105920286,15.57310994949324,200.0,200.0,U
11144,-61.55224851964979,15.571400779849442,200.0,200.0,U
11145,-61.5519828957346,15.572510504392252,200.0,200.0,U
11146,-61.553923472544604,15.571302531257782,200.0,200.0,U
11147,-61.55278512010947,15.57204156831609,200.0,200.0,U
11148,-61.5524997512126,15.572541881449196,200.0,200.0,U
11149,-61.553028797471455,15.573609087136655,200.0,200.0,U
11150,-61.55119554565069,15.571170721057381,200.0,200.0,U
11151,-61.55254206178589,15.572748548347034,200.0,200.0,U
11152,-61.54980506863473,15.57365141978527,200.0,200.0,U
11153,-61.55224713976329,15.57193376590247,200.0,200.0,U
11154,-61.55348670989628,15.573047027099133,200.0,200.0,U
11155,-61.55239156566175,15.572377641871316,200.0,200.0,U
11156,-61.55361372183052,15.573617873654765,200.0,200.0,U
11157,-61.55034433972504,15.572105348604582,200.0,200.0,U
11158,-61.55220058147138,15.571275547636269,200.0,200.0,U
11159,-61.55253159475937,15.571474463723508,200.0,200.0,U
11160,-61.552666416560946,15.57212446437715,200.0,200.0,U
11161,-61.5519129847951,15.573347152567631,200.0,200.0,U
11162,-61.55153560139131,15.571933066576406,200.0,200.0,U
11163,-61.551967509236626,15.57254113050338,200.0,200.0,U
11164,-61.553372097307665,15.572463971582723,200.0,200.0,U
11165,-61.55324100747893,15.57263416801663,200.0,200.0,U
11166,-61.55066458127161,15.569690353132193,200.0,200.0,U
11167,-61.554021442742474,15.573281094982654,200.0,200.0,U
11168,-61.5546860833873,15.570621121469717,200.0,200.0,U
11169,-61.55129338296136,15.57310545859672,200.0,200.0,U
11170,-61.55390076345028,15.572599778421788,200.0,200.0,U
11171,-61.55220638268857,15.5721789170924,200.0,200.0,U
11172,-61.55316248077445,15.572243518243406,200.0,200.0,U
11173,-61.55252732109163,15.574944349479765,200.0,200.0,U
11174,-61.55025606791923,15.574424854423063,200.0,200.0,U
11175,-61.55244028216503,15.57137735982833,200.0,200.0,U
11176,-61.55246255254801,15.573757973882202,200.0,200.0,U
11177,-61.55088198116972,15.573631386523038,200.0,200.0,U
11178,-61.55307335586785,15.570785069598523,200.0,200.0,U
11179,-61.55128259050874,15.57097907845643,200.0,200.0,U
11180,-61.55001266599848,15.5721811203992,200.0,200.0,U
11181,-61.549969720686356,15.572527270086312,200.0,200.0,U
11182,-61.55398832474836,15.574122337239807,200.0,200.0,U
11183,-61.552372690374234,15.573122485295343,200.0,200.0,U
11184,-61.55513997277671,15.571785310461259,200.0,200.0,U
11185,-61.552198594791996,15.572863705211816,200.0,200.0,U
11186,-61.553077310607954,15.571891146855132,200.0,200.0,U
11187,-61.548897503181806,15.573251254351684,200.0,200.0,U
11188,-61.55212881092281,15.572704719147776,200.0,200.0,U
11189,-61.552461379491014,15.5729542184194,200.0,200.0,U
11190,-61.55310307227031,15.572617891044928,200.0,200.0,U
11191,-61.551823567947885,15.575170010223164,200.0,200.0,U
11192,-61.55329474896174,15.573415057340528,200.0,200.0,U
11193,-61.55235389368841,15.572910242360267,200.0,200.0,U
11194,-61.551055594559166,15.572673419889131,200.0,200.0,U
11195,-61.55308575818451,15.572143671144437,200.0,200.0,U
11196,-61.55020224453118,15.574152139585493,200.0,200.0,U
11197,-61.54673207774608,15.573310736584698,200.0,200.0,U
11198,-61.55736373564416,15.571126486013545,200.0,200.0,U
11199,-61.55221091839633,15.573182658929724,200.0,200.0,U
11200,-61.55285118676856,15.572045722434522,200.0,200.0,U
11201,-61.55256625972042,15.573313138548276,200.0,200.0,U
11202,-61.55035373925345,15.57419279926431,200.0,200.0,U
11203,-61.5511849543407,15.572275141186326,200.0,200.0,U
11204,-61.55190639980463,15.572726546977822,200.0,200.0,U
11205,-61.55145049488996,15.572185917389609,200.0,200.0,U
11206,-61.55052684822522,15.57277471560414,200.0,200.0,U
11207,-61.55026106214763,15.57063509196577,200.0,200.0,U
11208,-61.553182686840415,15.572485131325745,200.0,200.0,U
11209,-61.551943976817775,15.572520995034685,200.0,200.0,U
11210,-61.551122260704034,15.571984541334897,200.0,200.0,U
11211,-61.55196819042699,15.57214555437064,200.0,200.0,U
11212,-61.552939710460166,15.574423375597354,200.0,200.0,U
11213,-61.551252789226346,15.572981600440391,200.0,200.0,U
11214,-61.55199050302439,15.572008155216427,200.0,200.0,U
11215,-61.5513754808031,15.572801441616429,200.0,200.0,U
11216,-61.55012143915578,15.57230565596521,200.0,200.0,U
11217,-61.55110589668138,15.571587150720989,200.0,200.0,U
11218,-61.551995993467784,15.572480224032192,200.0,200.0,U
11219,-61.54851424224772,15.571482193684544,200.0,200.0,U
11220,-61.551452208664415,15.572902224679094,200.0,200.0,U
11221,-61.55208289590689,15.573867564938967,200.0,200.0,U
11222,-61.552667865879755,15.572463528411154,200.0,200.0,U
11223,-61.55232479668285,15.572972455490621,200.0,200.0,U
11224,-61.55161340732399,15.572159549835959,200.0,200.0,U
11225,-61.549735407735334,15.572034010482524,200.0,200.0,U
11226,-61.55049379314031,15.574074154925547,200.0,200.0,U
11227,-61.551308599263706,15.573637259506869,200.0,200.0,U
11228,-61.550976347374856,15.572312558611076,200.0,200.0,U
11229,-61.5539637503951,15.570365947339802,200.0,200.0,U
11230,-61.553485611991114,15.57063976770884,200.0,200.0,U
11231,-61.549493838978805,15.573428522301228,200.0,200.0,U
11232,-61.55247181239167,15.573614927213129,200.0,200.0,U
11233,-61.551289566885295,15.572971534338429,200.0,200.0,U
11234,-61.55521402435296,15.57427903817122,200.0,200.0,U
11235,-61.553080121731206,15.572361560130808,200.0,200.0,U
11236,-61.5505940052191,15.572122555031568,200.0,200.0,U
11237,-61.55157722790434,15.573347120669862,200.0,200.0,U
11238,-61.552601492834235,15.573913729444044,200.0,200.0,U
11239,-61.55184907284603,15.57287378151611,200.0,200.0,U
11240,-61.55128296444787,15.575497655574084,200.0,200.0,U
11241,-61.55191050737634,15.571916872637848,200.0,200.0,U
11242,-61.55424355511958,15.572078037751838,200.0,200.0,U
11243,-61.55061275316781,15.574573616404933,200.0,200.0,U
11244,-61.54950679542435,15.573352507169544,200.0,200.0,U
11245,-61.5515410648634,15.572583846610199,200.0,200.0,U
11246,-61.552517546966975,15.57280273431289,200.0,200.0,U
11247,-61.55141412935842,15.573551860213637,200.0,200.0,U
11248,-61.55260676580432,15.572930106084721,200.0,200.0,U
11249,-61.55151563868325,15.572866585371504,200.0,200.0,U
11250,-61.550765622614705,15.576624368639905,200.0,200.0,U
11251,-61.549561236914485,15.570581020058357,200.0,200.0,U
11252,-61.55323444322511,15.574503937191496,200.0,200.0,U
11253,-61.5506753491926,15.574171252622893,200.0,200.0,U
11254,-61.551116822385694,15.572418090752874,200.0,200.0,U
11255,-61.55336919946661,15.572199365748531,200.0,200.0,U
11256,-61.55154676484387,15.575308286878622,200.0,200.0,U
11257,-61.55276048176389,15.574019571875427,200.0,200.0,U
11258,-61.5509243831033,15.572412378323655,200.0,200.0,U
11259,-61.55138097402124,15.572955385163871,200.0,200.0,U
11260,-61.548589113913735,15.569843349701523,200.0,200.0,U
11261,-61.551377519595526,15.572983145643505,200.0,200.0,U
11262,-61.551387328558484,15.573165879103088,200.0,200.0,U
11263,-61.5513736342604,15.57208507411607,200.0,200.0,U
11264,-61.551529353259916,15.573048505999681,200.0,200.0,U
11265,-61.55143235274443,15.575451142599158,200.0,200.0,U
11266,-61.552459574929635,15.572403244853188,200.0,200.0,U
11267,-61.55351993120794,15.573625843592392,200.0,200.0,U
11268,-61.55217853195104,15.572066613650243,200.0,200.0,U
11269,-61.555821746259916,15.57174227848766,200.0,200.0,U
11270,-61.55148207503898,15.573829808868236,200.0,200.0,U
11271,-61.551480158185484,15.573400706202557,200.0,200.0,U
11272,-61.55107237907898,15.572983586508176,200.0,200.0,U
11273,-61.551073013495596,15.572870776417854,200.0,200.0,U
11274,-61.55114092456501,15.572864853172327,200.0,200.0,U
11275,-61.55121439006044,15.573417711542477,200.0,200.0,U
11276,-61.55106754472494,15.5731355523478,200.0,200.0,U
11277,-61.55121845448855,15.573041212409766,200.0,200.0,U
11278,-61.55029744896097,15.573370122762636,200.0,200.0,U
11279,-61.55012214079857,15.573136269267087,200.0,200.0,U
11280,-61.55079464353723,15.574762290507055,200.0,200.0,U
11281,-61.55265888319184,15.571380829761912,200.0,200.0,U
11282,-61.552780601061734,15.572381816406033,200.0,200.0,U
11283,-61.553030949628074,15.573866756235196,200.0,200.0,U
11284,-61.55141426905456,15.572031670679642,200.0,200.0,U
11285,-61.55016641143252,15.574923991142908,200.0,200.0,U
11286,-61.55072902978986,15.572749610794682,200.0,200.0,U
11287,-61.55188890895827,15.57309770998803,200.0,200.0,U
11288,-61.55083142664373,15.575213425344732,200.0,200.0,U
11289,-61.55111008299836,15.573155819907399,200.0,200.0,U
11290,-61.55106274592249,15.573081915518411,200.0,200.0,U
11291,-61.551565809559996,15.572914574554396,200.0,200.0,U
11292,-61.551840927214,15.571030952782008,200.0,200.0,U
11293,-61.55069627254505,15.572866098187598,200.0,200.0,U
11294,-61.55453648352743,15.573115137027004,200.0,200.0,U
11295,-61.55097544881603,15.573447429461662,200.0,200.0,U
11296,-61.55185786958133,15.57354962967395,200.0,200.0,U
11297,-61.55054346470651,15.57239481812809,200.0,200.0,U
11298,-61.55314416562928,15.57364426569091,200.0,200.0,U
11299,-61.55342838324689,15.572094734469207,200.0,200.0,U
11300,-61.550968144369705,15.573256920416185,200.0,200.0,U
11301,-61.550662836326296,15.573609728107304,200.0,200.0,U
11302,-61.55267209062979,15.573868003915297,200.0,200.0,U
11303,-61.55187973410201,15.573843852482485,200.0,200.0,U
11304,-61.55177917119934,15.573602046998342,200.0,200.0,U
11305,-61.549888002670116,15.573013510569355,200.0,200.0,U
11306,-61.55148940850848,15.573241183657048,200.0,200.0,U
11307,-61.55042239060004,15.572441450902422,200.0,200.0,U
11308,-61.55185537628712,15.572116737261815,200.0,200.0,U
11309,-61.55125190662933,15.57202010814722,200.0,200.0,U
11310,-61.55124319646608,15.57361768902182,200.0,200.0,U
11311,-61.550894977277075,15.57317029387632,200.0,200.0,U
11312,-61.550615147088,15.574643102684862,200.0,200.0,U
11313,-61.55064632514243,15.572645088977852,200.0,200.0,U
11314,-61.55350718396513,15.574526754827675,200.0,200.0,U
11315,-61.55232472717669,15.574376879864172,200.0,200.0,U
11316,-61.55226573063616,15.572071215452622,200.0,200.0,U
11317,-61.55057845905344,15.572899289608408,200.0,200.0,U
11318,-61.54952210061228,15.572943143876516,200.0,200.0,U
11319,-61.55210802108277,15.575012842616996,200.0,200.0,U
11320,-61.548793115558766,15.572666815571882,200.0,200.0,U
11321,-61.550012429345735,15.572902316024495,200.0,200.0,U
11322,-61.55078029564946,15.573288020108873,200.0,200.0,U
11323,-61.55083598505036,15.573856116374861,200.0,200.0,U
11324,-61.55045347690886,15.573850026192313,200.0,200.0,U
11325,-61.54698420990064,15.573394295364897,200.0,200.0,U
11326,-61.550880302748304,15.572163740604719,200.0,200.0,U
11327,-61.55015717716308,15.573797957204984,200.0,200.0,U
11328,-61.55047639927999,15.57335096404788,200.0,200.0,U
11329,-61.54976041577851,15.57065273465921,200.0,200.0,U
11330,-61.549831369431075,15.573992507692493,200.0,200.0,U
11331,-61.55363520626743,15.573539088078322,200.0,200.0,U
11332,-61.55162142220071,15.573428137909485,200.0,200.0,U
11333,-61.55008249862967,15.572855190518444,200.0,200.0,U
11334,-61.55166041079756,15.575128803463189,200.0,200.0,U
11335,-61.550954366816065,15.574429053806066,200.0,200.0,U
11336,-61.55235048371112,15.575251234542876,200.0,200.0,U
11337,-61.55194943479282,15.569971856551591,200.0,200.0,U
11338,-61.55174328611863,15.57101640547932,200.0,200.0,U
11339,-61.55190636436539,15.572258392288617,200.0,200.0,U
11340,-61.55228555417502,15.572207988258205,200.0,200.0,U
11341,-61.55065508047266,15.573258188832114,200.0,200.0,U
11342,-61.55079641459994,15.57428772983015,200.0,200.0,U
11343,-61.55050830632147,15.57193265290866,200.0,200.0,U
11344,-61.55063838704166,15.573256069476285,200.0,200.0,U
11345,-61.55167761234036,15.574097551891429,200.0,200.0,U
11346,-61.550763208544936,15.57325579625719,200.0,200.0,U
11347,-61.54600007533957,15.572020820206424,200.0,200.0,U
11348,-61.55029352870028,15.572075344856794,200.0,200.0,U
11349,-61.55336410694968,15.574984497273533,200.0,200.0,U
11350,-61.54704601317612,15.572129754012362,200.0,200.0,U
11351,-61.547338428554546,15.573641484148142,200.0,200.0,U
11352,-61.549869581662385,15.571803069728649,200.0,200.0,U
11353,-61.55317423891755,15.57245389124032,200.0,200.0,U
11354,-61.55329361067223,15.572640654261463,200.0,200.0,U
11355,-61.550247027790114,15.573046876913038,200.0,200.0,U
11356,-61.55177328262471,15.57207917747741,200.0,200.0,U
11357,-61.549420787015436,15.573237076365928,200.0,200.0,U
11358,-61.550078478093866,15.574394768368533,200.0,200.0,U
11359,-61.550799113667864,15.572335971588727,200.0,200.0,U
11360,-61.55152838620505,15.571811157839749,200.0,200.0,U
11361,-61.550364825634176,15.57370031015359,200.0,200.0,U
11362,-61.55313281861768,15.573907728213456,200.0,200.0,U
11363,-61.55014438164484,15.57379139919063,200.0,200.0,U
11364,-61.55188483104588,15.573058413075774,200.0,200.0,U
11365,-61.54984405269835,15.573916107924099,200.0,200.0,U
11366,-61.55033438175558,15.574259944149267,200.0,200.0,U
11367,-61.55231068073694,15.57368850503518,200.0,200.0,U
11368,-61.550578155391776,15.573148546329195,200.0,200.0,U
11369,-61.550395646732795,15.573357159388387,200.0,200.0,U
11370,-61.55198298101417,15.573573576698859,200.0,200.0,U
11371,-61.55027070258173,15.573306228276852,200.0,200.0,U
11372,-61.5508002958728,15.573423894773022,200.0,200.0,U
11373,-61.547983359215806,15.57258003280594,200.0,200.0,U
11374,-61.5489693193842,15.572380526424709,200.0,200.0,U
11375,-61.54934010938223,15.575134055248604,200.0,200.0,U
11376,-61.550630723162,15.574298430166133,200.0,200.0,U
11377,-61.55051456924741,15.572545369021556,200.0,200.0,U
11378,-61.54970687971437,15.57127702308931,200.0,200.0,U
11379,-61.549078731993795,15.573832049971827,200.0,200.0,U
11380,-61.54943108557114,15.572288234313893,200.0,200.0,U
11381,-61.55214881257661,15.57414743399189,200.0,200.0,U
11382,-61.55015228640683,15.573349054720113,200.0,200.0,U
11383,-61.54786071279317,15.571224468288431,200.0,200.0,U
11384,-61.55260757133583,15.574153822836523,200.0,200.0,U
11385,-61.55036756786112,15.573009295506475,200.0,200.0,U
11386,-61.55188825070028,15.572226207144048,200.0,200.0,U
11387,-61.55102559398317,15.572983885627629,200.0,200.0,U
11388,-61.55038204912811,15.573364111994234,200.0,200.0,U
11389,-61.55015280332435,15.57352515542824,200.0,200.0,U
11390,-61.55119739817237,15.573866108643484,200.0,200.0,U
11391,-61.55021413766921,15.573880707297972,200.0,200.0,U
11392,-61.54818128683457,15.573011602729052,200.0,200.0,U
11393,-61.5491392292593,15.571796939762162,200.0,200.0,U
11394,-61.549876875810206,15.574130244562676,200.0,200.0,U
11395,-61.54821754907661,15.571012867992309,200.0,200.0,U
11396,-61.54926743275869,15.574489766214418,200.0,200.0,U
11397,-61.55072663928225,15.572063978545,200.0,200.0,U
11398,-61.548461514531375,15.573776952587338,200.0,200.0,U
11399,-61.55017329912629,15.574011795853128,200.0,200.0,U
11400,-61.54857284504609,15.571824884497099,200.0,200.0,U
11401,-61.55058084107127,15.573776932857978,200.0,200.0,U
11402,-61.55012704812848,15.573919408718027,200.0,200.0,U
11403,-61.5502533794772,15.573644312424715,200.0,200.0,U
11404,-61.551716199454155,15.572271439636896,200.0,200.0,U
11405,-61.55150742573391,15.574466509976014,200.0,200.0,U
11406,-61.55008544502501,15.5742370334859,200.0,200.0,U
11407,-61.55007190770558,15.573797065769345,200.0,200.0,U
11408,-61.549760550749774,15.573055465012489,200.0,200.0,U
11409,-61.547450548031875,15.576433140206193,200.0,200.0,U
11410,-61.54953370664806,15.575693187739304,200.0,200.0,U
11411,-61.5492872489796,15.57176910042894,200.0,200.0,U
11412,-61.55186828910814,15.572324676013672,200.0,200.0,U
11413,-61.54720600749512,15.573535124877571,200.0,200.0,U
11414,-61.55075476496645,15.572111924164307,200.0,200.0,U
11415,-61.55164685513013,15.573119174834229,200.0,200.0,U
11416,-61.54872532029747,15.573434589749077,200.0,200.0,U
11417,-61.54857777059743,15.575385493936574,200.0,200.0,U
11418,-61.55010343104422,15.572337545185468,200.0,200.0,U
11419,-61.55038605507441,15.573272835450217,200.0,200.0,U
11420,-61.54996785743819,15.57347146108337,200.0,200.0,U
11421,-61.54938920784763,15.574052798386086,200.0,200.0,U
11422,-61.5477696424759,15.573558848606659,200.0,200.0,U
11423,-61.54872270087277,15.573623488902081,200.0,200.0,U
11424,-61.55131111383272,15.570914560909445,200.0,200.0,U
11425,-61.55020722974783,15.57352179310038,200.0,200.0,U
11426,-61.549141325367714,15.575194093997307,200.0,200.0,U
11427,-61.54994433977233,15.573543662458473,200.0,200.0,U
11428,-61.54982327520996,15.573491830340533,200.0,200.0,U
11429,-61.5466284410749,15.574433911673534,200.0,200.0,U
11430,-61.54950352667285,15.57179710450232,200.0,200.0,U
11431,-61.547824672823445,15.572335122722492,200.0,200.0,U
11432,-61.55014485158254,15.573239323919791,200.0,200.0,U
11433,-61.55138298764908,15.573645466544841,200.0,200.0,U
11434,-61.549832057607766,15.573478949715607,200.0,200.0,U
11435,-61.5491705192374,15.57319624364744,200.0,200.0,U
11436,-61.553619644451246,15.573492887370803,200.0,200.0,U
11437,-61.54809873194534,15.575098697753385,200.0,200.0,U
11438,-61.5501663777228,15.573973437514955,200.0,200.0,U
11439,-61.54913648206012,15.578320095178242,200.0,200.0,U
11440,-61.546109294648375,15.573657330835728,200.0,200.0,U
11441,-61.55442367855447,15.57595605555474,200.0,200.0,U
11442,-61.54967799314744,15.573453910936351,200.0,200.0,U
11443,-61.547759487833666,15.572274010165634,200.0,200.0,U
11444,-61.55001778334042,15.573529803540048,200.0,200.0,U
11445,-61.549569354556134,15.574377547057901,200.0,200.0,U
11446,-61.54947180955029,15.574902782395656,200.0,200.0,U
11447,-61.55039355979286,15.572605254200047,200.0,200.0,U
11448,-61.55070529388088,15.57077824751752,200.0,200.0,U
11449,-61.549682894144325,15.573608374308352,200.0,200.0,U
11450,-61.54763531953352,15.571441877777152,200.0,200.0,U
11451,-61.54867270902693,15.57320363631866,200.0,200.0,U
11452,-61.551971350898675,15.57508201797501,200.0,200.0,U
11453,-61.54973270604687,15.572622324366879,200.0,200.0,U
11454,-61.54823662062402,15.573461148556976,200.0,200.0,U
11455,-61.5494263663942,15.573257743177328,200.0,200.0,U
11456,-61.550444716221556,15.573828060224434,200.0,200.0,U
11457,-61.55035378411648,15.573571581679708,200.0,200.0,U
11458,-61.550360440084475,15.572903755870376,200.0,200.0,U
11459,-61.5484875890257,15.57531529733962,200.0,200.0,U
11460,-61.548627659587915,15.575035838610503,200.0,200.0,U
11461,-61.54961195013228,15.573523989226604,200.0,200.0,U
11462,-61.54928749159722,15.574007464172405,200.0,200.0,U
11463,-61.54936035888159,15.573793917218806,200.0,200.0,U
11464,-61.5512026801091,15.573140650585295,200.0,200.0,U
11465,-61.54993829293659,15.574766130347504,200.0,200.0,U
11466,-61.55119964876966,15.573354060977843,200.0,200.0,U
11467,-61.54869639831001,15.572334564059712,200.0,200.0,U
11468,-61.54957507895739,15.573697654037552,200.0,200.0,U
11469,-61.5482393739151,15.573803605456868,200.0,200.0,U
11470,-61.54825746599521,15.574268175553819,200.0,200.0,U
11471,-61.547568305648056,15.574712646307681,200.0,200.0,U
11472,-61.549722279746675,15.572750579747536,200.0,200.0,U
11473,-61.55083152254108,15.576859922046992,200.0,200.0,U
11474,-61.54975627911305,15.572172308317652,200.0,200.0,U
11475,-61.54767590736829,15.573894128449428,200.0,200.0,U
11476,-61.550242176776734,15.572732485437825,200.0,200.0,U
11477,-61.54979854863003,15.572824213689323,200.0,200.0,U
11478,-61.55012751151124,15.573149036842652,200.0,200.0,U
11479,-61.549599863325064,15.573260712539545,200.0,200.0,U
11480,-61.55143420140418,15.573659077052445,200.0,200.0,U
11481,-61.55103571111863,15.57382930620276,200.0,200.0,U
11482,-61.54936928521886,15.57358002488694,200.0,200.0,U
11483,-61.54555094975135,15.573168657609193,200.0,200.0,U
11484,-61.545201542764666,15.57270575298055,200.0,200.0,U
11485,-61.54932739892176,15.573393299391011,200.0,200.0,U
11486,-61.54856292025472,15.573482561432458,200.0,200.0,U
11487,-61.55042475574023,15.573564794085007,200.0,200.0,U
11488,-61.54952259517855,15.572461856820064,200.0,200.0,U
11489,-61.54836271042161,15.573424141727884,200.0,200.0,U
11490,-61.549851600442715,15.574147566286229,200.0,200.0,U
11491,-61.54714587566182,15.57224362381604,200.0,200.0,U
11492,-61.552837698105186,15.57340669426869,200.0,200.0,U
11493,-61.549329516710635,15.573473951280617,200.0,200.0,U
11494,-61.54930861859823,15.574086601263845,200.0,200.0,U
11495,-61.55043843834391,15.575475367617551,200.0,200.0,U
11496,-61.54918287769227,15.573761159031955,200.0,200.0,U
11497,-61.551658644221156,15.576605759380822,200.0,200.0,U
11498,-61.54712116275326,15.572782192861677,200.0,200.0,U
11499,-61.54924645298715,15.573435600957021,200.0,200.0,U
11500,-61.55033256362479,15.574365479675652,200.0,200.0,U
11501,-61.54849304176551,15.5750507410899,200.0,200.0,U
11502,-61.54938377896248,15.573585735610513,200.0,200.0,U
11503,-61.54942564013035,15.573837312769287,200.0,200.0,U
11504,-61.55145466554608,15.574933838440778,200.0,200.0,U
11505,-61.55144938085387,15.57431507438562,200.0,200.0,U
11506,-61.54896063707494,15.573435651243964,200.0,200.0,U
11507,-61.54830424157149,15.572908201664143,200.0,200.0,U
11508,-61.549990498522504,15.573076198568153,200.0,200.0,U
11509,-61.54783968351447,15.57446634310539,200.0,200.0,U
11510,-61.55014610618443,15.574506679730476,200.0,200.0,U
11511,-61.55060302790682,15.575389748506128,200.0,200.0,U
11512,-61.55089005754294,15.574094731541654,200.0,200.0,U
11513,-61.546568854404875,15.574752589979465,200.0,200.0,U
11514,-61.54683788403232,15.574841487717253,200.0,200.0,U
11515,-61.549811860639736,15.57148976629123,200.0,200.0,U
11516,-61.54906594131727,15.572911567785175,200.0,200.0,U
11517,-61.54927455106699,15.573393859599989,200.0,200.0,U
11518,-61.54963408969559,15.574772845805168,200.0,200.0,U
11519,-61.549094888053325,15.574200171099173,200.0,200.0,U
11520,-61.54863888697556,15.573841267706463,200.0,200.0,U
11521,-61.549327217197416,15.570167085837834,200.0,200.0,U
11522,-61.54967019436115,15.574597259463463,200.0,200.0,U
11523,-61.549094750447196,15.57256592859625,200.0,200.0,U
11524,-61.549414277468415,15.573746656209709,200.0,200.0,U
11525,-61.55057919655049,15.572610512098171,200.0,200.0,U
11526,-61.54997482331011,15.574344907227937,200.0,200.0,U
11527,-61.550090470873045,15.574235564531403,200.0,200.0,U
11528,-61.54853232202945,15.573710997065788,200.0,200.0,U
11529,-61.54847048145904,15.572547769254502,200.0,200.0,U
11530,-61.548321891923514,15.572583489534402,200.0,200.0,U
11531,-61.55007858907954,15.571251093506413,200.0,200.0,U
11532,-61.55083285619068,15.573169113989541,200.0,200.0,U
11533,-61.548226797166045,15.575163949312747,200.0,200.0,U
11534,-61.54570683349972,15.572274219501251,200.0,200.0,U
11535,-61.55014627031725,15.573622237668301,200.0,200.0,U
11536,-61.54875572959099,15.573390858494028,200.0,200.0,U
11537,-61.55095298815917,15.574184284528439,200.0,200.0,U
11538,-61.547673879370244,15.574182717740367,200.0,200.0,U
11539,-61.54852846167478,15.573611571164797,200.0,200.0,U
11540,-61.5490022553518,15.573682888901232,200.0,200.0,U
11541,-61.547219422085185,15.575375403021974,200.0,200.0,U
11542,-61.548946579871384,15.573635305097234,200.0,200.0,U
11543,-61.549774904991494,15.57365484863309,200.0,200.0,U
11544,-61.54814833816,15.571737524521117,200.0,200.0,U
11545,-61.54923604557024,15.574158354739527,200.0,200.0,U
11546,-61.548553996495954,15.573282011864963,200.0,200.0,U
11547,-61.549672751363794,15.572278151278486,200.0,200.0,U
11548,-61.54891076539176,15.573702990558672,200.0,200.0,U
11549,-61.551017835153345,15.57592899445791,200.0,200.0,U
11550,-61.54804768079683,15.574364536772173,200.0,200.0,U
11551,-61.55128652269595,15.573532608885412,200.0,200.0,U
11552,-61.54886099995991,15.573880062723621,200.0,200.0,U
11553,-61.547838504736376,15.574651311715215,200.0,200.0,U
11554,-61.548766417501625,15.57379254890075,200.0,200.0,U
11555,-61.54771902415749,15.575745065484845,200.0,200.0,U
11556,-61.548563572435334,15.573147299929095,200.0,200.0,U
11557,-61.551362772698944,15.574137553967201,200.0,200.0,U
11558,-61.5485626591391,15.573690662886312,200.0,200.0,U
11559,-61.549768579173175,15.574084390120039,200.0,200.0,U
11560,-61.549379172012564,15.57287540740608,200.0,200.0,U
11561,-61.5436694758535,15.571860703235986,200.0,200.0,U
11562,-61.54999348906837,15.574765130851237,200.0,200.0,U
11563,-61.55024825284524,15.575287745291469,200.0,200.0,U
11564,-61.548414690516694,15.573559392569424,200.0,200.0,U
11565,-61.54971798382022,15.575952345749258,200.0,200.0,U
11566,-61.548315176123054,15.57386674480844,200.0,200.0,U
11567,-61.54545255118563,15.574577745686877,200.0,200.0,U
11568,-61.54879486041334,15.573690542816822,200.0,200.0,U
11569,-61.54917670915597,15.573625343146931,200.0,200.0,U
11570,-61.54822070540773,15.574436292243957,200.0,200.0,U
11571,-61.54792334400754,15.574774415359878,200.0,200.0,U
11572,-61.54634625267755,15.572710852644258,200.0,200.0,U
11573,-61.54764547478361,15.574800439699528,200.0,200.0,U
11574,-61.546085247421665,15.571614089935895,200.0,200.0,U
11575,-61.54880416933452,15.574043597258704,200.0,200.0,U
11576,-61.55101158809569,15.569657237627116,200.0,200.0,U
11577,-61.54790528897632,15.57340859091707,200.0,200.0,U
11578,-61.550660610792114,15.57759966927661,200.0,200.0,U
11579,-61.546506146309746,15.573381808506104,200.0,200.0,U
11580,-61.55283582950371,15.574788940609013,200.0,200.0,U
11581,-61.548629955543824,15.57336770047589,200.0,200.0,U
11582,-61.547751463793745,15.573951628942785,200.0,200.0,U
11583,-61.54819264791022,15.574950415281164,200.0,200.0,U
11584,-61.54759462132433,15.572173330599531,200.0,200.0,U
11585,-61.54763165138622,15.571352272588507,200.0,200.0,U
11586,-61.54763145729669,15.573837605474798,200.0,200.0,U
11587,-61.5474641135126,15.573595223461897,200.0,200.0,U
11588,-61.550720992507344,15.574112603230768,200.0,200.0,U
11589,-61.548360147681024,15.573669117117014,200.0,200.0,U
11590,-61.54835207408125,15.573089272767737,200.0,200.0,U
11591,-61.546851061765764,15.575012427145644,200.0,200.0,U
11592,-61.54891820452714,15.574678840919916,200.0,200.0,U
11593,-61.54859843125385,15.573753571370355,200.0,200.0,U
11594,-61.54898462067284,15.574172840684767,200.0,200.0,U
11595,-61.549750093188294,15.57405621590391,200.0,200.0,U
11596,-61.548883477480544,15.571640572221948,200.0,200.0,U
11597,-61.54730996084071,15.575381264899226,200.0,200.0,U
11598,-61.54955193977487,15.572188734796972,200.0,200.0,U
11599,-61.5480655482672,15.571684996250893,200.0,200.0,U
11600,-61.54708478986839,15.574183262456865,200.0,200.0,U
11601,-61.54540371274259,15.57587139290238,200.0,200.0,U
11602,-61.54845378358596,15.573708128288825,200.0,200.0,U
11603,-61.54861214330935,15.574300569222066,200.0,200.0,U
11604,-61.548282119633136,15.573872027004628,200.0,200.0,U
11605,-61.54874314545612,15.573882590103219,200.0,200.0,U
11606,-61.54787529773197,15.575324964261906,200.0,200.0,U
11607,-61.548371827131405,15.573707046883158,200.0,200.0,U
11608,-61.54631462449423,15.571852239395351,200.0,200.0,U
11609,-61.54999193687113,15.573032561511505,200.0,200.0,U
11610,-61.54596776903785,15.573764512052103,200.0,200.0,U
11611,-61.5486173453622,15.572734691607444,200.0,200.0,U
11612,-61.54613942580173,15.574404802168363,200.0,200.0,U
11613,-61.548145308857464,15.575679701732085,200.0,200.0,U
11614,-61.54849609061155,15.573710619765139,200.0,200.0,U
11615,-61.54866718420582,15.574323204451115,200.0,200.0,U
11616,-61.54978008044878,15.573447821078268,200.0,200.0,U
11617,-61.55007045172354,15.574479392939795,200.0,200.0,U
11618,-61.54824047138445,15.573704387285929,200.0,200.0,U
11619,-61.54839830504116,15.573549470334095,200.0,200.0,U
11620,-61.54992672106203,15.573711966988286,200.0,200.0,U
11621,-61.54799402709006,15.57428325930931,200.0,200.0,U
11622,-61.5478149603624,15.574111481720115,200.0,200.0,U
11623,-61.54741789266025,15.574301387878348,200.0,200.0,U
11624,-61.54696435919369,15.574755051280741,200.0,200.0,U
11625,-61.547630820985404,15.577116471640052,200.0,200.0,U
11626,-61.548294077058166,15.569654492180975,200.0,200.0,U
11627,-61.548225725653275,15.573858977194758,200.0,200.0,U
11628,-61.54872587031495,15.572397894897376,200.0,200.0,U
11629,-61.54848426025702,15.57373418516222,200.0,200.0,U
11630,-61.54903004184373,15.575380323161813,200.0,200.0,U
11631,-61.54784059019001,15.573164242617157,200.0,200.0,U
11632,-61.54707512716709,15.577125420707029,200.0,200.0,U
11633,-61.5472698141378,15.573769684219187,200.0,200.0,U
11634,-61.54794380746043,15.573935836622267,200.0,200.0,U
11635,-61.54837139460139,15.575182273152354,200.0,200.0,U
11636,-61.54768460523851,15.573907076481802,200.0,200.0,U
11637,-61.54962121267253,15.57351165539591,200.0,200.0,U
11638,-61.54724214901798,15.574217042855395,200.0,200.0,U
11639,-61.54598035402075,15.569861737531538,200.0,200.0,U
11640,-61.54781871727904,15.57426027203388,200.0,200.0,U
11641,-61.54987023927043,15.572450920995443,200.0,200.0,U
11642,-61.54805524651038,15.573843159055262,200.0,200.0,U
11643,-61.54798676609784,15.57387249958927,200.0,200.0,U
11644,-61.548682389181856,15.574448497776254,200.0,200.0,U
11645,-61.547313700580425,15.574631206030555,200.0,200.0,U
11646,-61.547942239665566,15.57300130588311,200.0,200.0,U
11647,-61.54843573181249,15.574346193504871,200.0,200.0,U
11648,-61.54635419376434,15.572245589699536,200.0,200.0,U
11649,-61.548205255299315,15.573481843857147,200.0,200.0,U
11650,-61.54839730540085,15.573612398556847,200.0,200.0,U
11651,-61.54783512348193,15.571440724534977,200.0,200.0,U
11652,-61.55032226969546,15.573179943847961,200.0,200.0,U
11653,-61.55050558965088,15.572684009041064,200.0,200.0,U
11654,-61.55016377332662,15.574556368875028,200.0,200.0,U
11655,-61.54794730611562,15.573742913211571,200.0,200.0,U
11656,-61.545657562717004,15.574812526624351,200.0,200.0,U
11657,-61.54648929691511,15.573117807270892,200.0,200.0,U
11658,-61.54618833829223,15.57344108197642,200.0,200.0,U
11659,-61.5453076219271,15.574416399270742,200.0,200.0,U
11660,-61.54857883986858,15.573155379623598,200.0,200.0,U
11661,-61.54651703326134,15.57552874385796,200.0,200.0,U
11662,-61.54517877991068,15.572148282625042,200.0,200.0,U
11663,-61.548790940294865,15.5760514589394,200.0,200.0,U
11664,-61.54949177161206,15.574103510634387,200.0,200.0,U
11665,-61.54799191176682,15.57115310658248,200.0,200.0,U
11666,-61.54787046045528,15.573653906144013,200.0,200.0,U
11667,-61.547822900643844,15.573660411757814,200.0,200.0,U
11668,-61.54847330397775,15.574063640451165,200.0,200.0,U
11669,-61.549369703081744,15.574772666125192,200.0,200.0,U
11670,-61.550032715534286,15.57331433808838,200.0,200.0,U
11671,-61.548198871883876,15.572725904982667,200.0,200.0,U
11672,-61.55000903079659,15.576471101974658,200.0,200.0,U
11673,-61.54692796967008,15.577215984674673,200.0,200.0,U
11674,-61.54874285563444,15.573830888985293,200.0,200.0,U
11675,-61.549019063773564,15.573737320498113,200.0,200.0,U
11676,-61.547489278225335,15.573250423315022,200.0,200.0,U
11677,-61.548223532666476,15.572187867804388,200.0,200.0,U
11678,-61.54871269613212,15.573187757906933,200.0,200.0,U
11679,-61.54960259797582,15.57226248156827,200.0,200.0,U
11680,-61.551707100165665,15.575056209011745,200.0,200.0,U
11681,-61.54783196956105,15.573871708115293,200.0,200.0,U
11682,-61.54828734916514,15.573454162634262,200.0,200.0,U
11683,-61.547492834399016,15.574508303484961,200.0,200.0,U
11684,-61.54788577739141,15.573857723015974,200.0,200.0,U
11685,-61.548227208973714,15.574113074557639,200.0,200.0,U
11686,-61.547449452049015,15.573693070712208,200.0,200.0,U
11687,-61.54954021581295,15.57692235497992,200.0,200.0,U
11688,-61.54557210297416,15.573683818257855,200.0,200.0,U
11689,-61.5478535317093,15.573519036570842,200.0,200.0,U
11690,-61.549263524472806,15.571162480430157,200.0,200.0,U
11691,-61.54858210985512,15.576004119976883,200.0,200.0,U
11692,-61.54566258427446,15.573089399624681,200.0,200.0,U
11693,-61.54754780980889,15.574311973834945,200.0,200.0,U
11694,-61.54665100362336,15.573207845128575,200.0,200.0,U
11695,-61.547925305320426,15.573647660803157,200.0,200.0,U
11696,-61.54720562175039,15.571869443027381,200.0,200.0,U
11697,-61.54555352243159,15.573717629018192,200.0,200.0,U
11698,-61.54911008261236,15.574724992116007,200.0,200.0,U
11699,-61.547942669849114,15.573833788505667,200.0,200.0,U
11700,-61.54687153597692,15.572266699881721,200.0,200.0,U
11701,-61.54785244835919,15.57409287444765,200.0,200.0,U
11702,-61.547238665491015,15.571280103706794,200.0,200.0,U
11703,-61.54728601941593,15.573471783314858,200.0,200.0,U
11704,-61.54835416318728,15.576437758279495,200.0,200.0,U
11705,-61.549180498788274,15.573501573688448,200.0,200.0,U
11706,-61.54690150168415,15.57238307432336,200.0,200.0,U
11707,-61.548109358041046,15.574119755372918,200.0,200.0,U
11708,-61.54741824284799,15.574806915998387,200.0,200.0,U
11709,-61.54836152496155,15.575368056926022,200.0,200.0,U
11710,-61.549020826851596,15.574147487860035,200.0,200.0,U
11711,-61.54865183986072,15.573766926287464,200.0,200.0,U
11712,-61.54754445604443,15.573867183179708,200.0,200.0,U
11713,-61.54773014413148,15.573697389486625,200.0,200.0,U
11714,-61.54735491419974,15.573815749337673,200.0,200.0,U
11715,-61.54730001581069,15.574018426774714,200.0,200.0,U
11716,-61.547665879937284,15.572609446546691,200.0,200.0,U
11717,-61.546458196268595,15.57217511110506,200.0,200.0,U
11718,-61.54808648954439,15.574522015816953,200.0,200.0,U
11719,-61.54579112653799,15.57274444846048,200.0,200.0,U
11720,-61.54727186455824,15.574400009906968,200.0,200.0,U
11721,-61.547637403704286,15.573735059690131,200.0,200.0,U
11722,-61.547570608371466,15.57370667060573,200.0,200.0,U
11723,-61.54720427678868,15.573904459524316,200.0,200.0,U
11724,-61.54786049717037,15.572906318112311,200.0,200.0,U
11725,-61.54946790564685,15.575775260903848,200.0,200.0,U
11726,-61.54826583503035,15.57393087774613,200.0,200.0,U
11727,-61.54429944810543,15.573738611145375,200.0,200.0,U
11728,-61.54709788013845,15.573670258796604,200.0,200.0,U
11729,-61.54857644146911,15.573808629305288,200.0,200.0,U
11730,-61.545769397761305,15.578912218385538,200.0,200.0,U
11731,-61.54670001776923,15.575595536137879,200.0,200.0,U
11732,-61.54909352312712,15.571303003385925,200.0,200.0,U
11733,-61.54378387933944,15.571826321335331,200.0,200.0,U
11734,-61.54769738445377,15.573964678357097,200.0,200.0,U
11735,-61.54498269891466,15.574285032259729,200.0,200.0,U
11736,-61.548648792550345,15.573507920654666,200.0,200.0,U
11737,-61.54678327986052,15.57250209606726,200.0,200.0,U
11738,-61.54865352189772,15.5753654716288,200.0,200.0,U
11739,-61.547555783534634,15.573770945010056,200.0,200.0,U
11740,-61.54714272120637,15.575091012727684,200.0,200.0,U
11741,-61.54696243344457,15.573679269176402,200.0,200.0,U
11742,-61.5476770557072,15.573489765598337,200.0,200.0,U
11743,-61.54690432607054,15.574725997313038,200.0,200.0,U
11744,-61.54889643556401,15.57354367013928,200.0,200.0,U
11745,-61.54667785727515,15.572760585664755,200.0,200.0,U
11746,-61.54839005559073,15.573940761464623,200.0,200.0,U
11747,-61.54636593525865,15.57416767458685,200.0,200.0,U
11748,-61.54644423107413,15.572159856150705,200.0,200.0,U
11749,-61.54774052026355,15.57420084228264,200.0,200.0,U
11750,-61.547349967759764,15.573183766644496,200.0,200.0,U
11751,-61.54267160600214,15.576460968962861,200.0,200.0,U
11752,-61.547654861996484,15.573281239671545,200.0,200.0,U
11753,-61.54694415840166,15.573311280836021,200.0,200.0,U
11754,-61.54703429418751,15.573793634038028,200.0,200.0,U
11755,-61.54750615160266,15.573900510031335,200.0,200.0,U
11756,-61.54674675220625,15.573295597234793,200.0,200.0,U
11757,-61.548546453495206,15.573729029403497,200.0,200.0,U
11758,-61.548921917377555,15.571906560071602,200.0,200.0,U
11759,-61.54687386523081,15.572861625247775,200.0,200.0,U
11760,-61.54699484555108,15.572449351705396,200.0,200.0,U
11761,-61.546525864060335,15.575183281399344,200.0,200.0,U
11762,-61.54743100055899,15.572703565560298,200.0,200.0,U
11763,-61.547819121092935,15.573163207643281,200.0,200.0,U
11764,-61.54957883691851,15.574698874773983,200.0,200.0,U
11765,-61.545535587881474,15.574965857967047,200.0,200.0,U
11766,-61.54810435882893,15.573916455392173,200.0,200.0,U
11767,-61.54713886774103,15.573914958628924,200.0,200.0,U
11768,-61.547920957215794,15.575382259008872,200.0,200.0,U
11769,-61.54647200967241,15.573265565655616,200.0,200.0,U
11770,-61.54637012790154,15.573713764726618,200.0,200.0,U
11771,-61.54799655880102,15.576927928212413,200.0,200.0,U
11772,-61.54577550296074,15.572937924813552,200.0,200.0,U
11773,-61.54653725319036,15.573098706789086,200.0,200.0,U
11774,-61.54736339129332,15.57359939751766,200.0,200.0,U
11775,-61.54719319144576,15.573608649405417,200.0,200.0,U
11776,-61.545733516198716,15.574107485964173,200.0,200.0,U
11777,-61.54588682242589,15.57448021233552,200.0,200.0,U
11778,-61.54768957773022,15.575566537290289,200.0,200.0,U
11779,-61.546930204210035,15.57454600675377,200.0,200.0,U
11780,-61.54711348206102,15.573758165481001,200.0,200.0,U
11781,-61.54596427440382,15.573355898521303,200.0,200.0,U
11782,-61.54892812991565,15.574903881172222,200.0,200.0,U
11783,-61.547864562970204,15.573413032261195,200.0,200.0,U
11784,-61.54755261721377,15.572007504857913,200.0,200.0,U
11785,-61.547290782030316,15.573715616894281,200.0,200.0,U
11786,-61.54593928688896,15.57223997890522,200.0,200.0,U
11787,-61.54746678554689,15.576785891457162,200.0,200.0,U
11788,-61.547081500615455,15.573343060794715,200.0,200.0,U
11789,-61.54634887495848,15.571104675545218,200.0,200.0,U
11790,-61.54702062709212,15.574054104367184,200.0,200.0,U
11791,-61.542911793951596,15.574516259183506,200.0,200.0,U
11792,-61.54706537886243,15.573634709031076,200.0,200.0,U
11793,-61.5474231574552,15.574018083450293,200.0,200.0,U
11794,-61.54696291101078,15.573181798198972,200.0,200.0,U
11795,-61.54703985247116,15.574138090114655,200.0,200.0,U
11796,-61.54753351702741,15.573071796584609,200.0,200.0,U
11797,-61.549473320400686,15.571857779994666,200.0,200.0,U
11798,-61.547027376816445,15.573909233363516,200.0,200.0,U
11799,-61.543006775175876,15.573498218225252,200.0,200.0,U
11800,-61.54707568042905,15.573732893200788,200.0,200.0,U
11801,-61.54592329877515,15.57427111462872,200.0,200.0,U
11802,-61.546561754537805,15.572388445593889,200.0,200.0,U
11803,-61.5470963243566,15.573677688671612,200.0,200.0,U
11804,-61.54704303449453,15.574013216549654,200.0,200.0,U
11805,-61.54733050562991,15.574440454281772,200.0,200.0,U
11806,-61.546533205880884,15.574056429321741,200.0,200.0,U
11807,-61.54611416042283,15.573983508766235,200.0,200.0,U
11808,-61.54547187753809,15.574242852119589,200.0,200.0,U
11809,-61.54948207342176,15.573388521258137,200.0,200.0,U
11810,-61.546937484773046,15.573583206473181,200.0,200.0,U
11811,-61.54758623049648,15.571456724768554,200.0,200.0,U
11812,-61.54602261776111,15.573404356439525,200.0,200.0,U
11813,-61.54996750417677,15.573007836513462,200.0,200.0,U
11814,-61.5469261147699,15.5736483086786,200.0,200.0,U
11815,-61.547395321624776,15.573902766744432,200.0,200.0,U
11816,-61.5474312824415,15.572393669727864,200.0,200.0,U
11817,-61.54695706265863,15.573513257930488,200.0,200.0,U
11818,-61.546756615491816,15.573740464327416,200.0,200.0,U
11819,-61.54722189253436,15.573337546758621,200.0,200.0,U
11820,-61.54697665225331,15.57154184508649,200.0,200.0,U
11821,-61.54845464430241,15.572915940970354,200.0,200.0,U
11822,-61.54605413075349,15.57127852318981,200.0,200.0,U
11823,-61.54615896071776,15.571314658446916,200.0,200.0,U
11824,-61.54707392312261,15.57268559088546,200.0,200.0,U
11825,-61.54617849736573,15.572955323763038,200.0,200.0,U
11826,-61.55087620465396,15.57256501033209,200.0,200.0,U
11827,-61.54745919958274,15.572251882173267,200.0,200.0,U
11828,-61.54731545483961,15.57273869981023,200.0,200.0,U
11829,-61.54702391235785,15.573598622304871,200.0,200.0,U
11830,-61.546045510324795,15.57310537477032,200.0,200.0,U
11831,-61.55019026637605,15.572739537462072,200.0,200.0,U
11832,-61.54800537919579,15.571721854106263,200.0,200.0,U
11833,-61.54574941520787,15.576156523069924,200.0,200.0,U
11834,-61.54939851149185,15.575498734768809,200.0,200.0,U
11835,-61.54643247705235,15.573262897558525,200.0,200.0,U
11836,-61.547004898962406,15.573073778205206,200.0,200.0,U
11837,-61.547482620219746,15.576037735218272,200.0,200.0,U
11838,-61.544994039189596,15.573845762924032,200.0,200.0,U
11839,-61.546581398719894,15.573007977914088,200.0,200.0,U
11840,-61.54781409802488,15.574101606440353,200.0,200.0,U
11841,-61.54624679731237,15.572152416052775,200.0,200.0,U
11842,-61.54783666405146,15.574092240447957,200.0,200.0,U
11843,-61.54796127439792,15.575161598951338,200.0,200.0,U
11844,-61.546688789288005,15.573382432705744,200.0,200.0,U
11845,-61.54891006978133,15.572621679124083,200.0,200.0,U
11846,-61.5453090918213,15.574967144637148,200.0,200.0,U
11847,-61.54588153247407,15.572618417390283,200.0,200.0,U
11848,-61.5472560869956,15.573748810990027,200.0,200.0,U
11849,-61.54632014123748,15.572316235607264,200.0,200.0,U
11850,-61.54757777309738,15.570709203087862,200.0,200.0,U
11851,-61.54733457335258,15.574009995961582,200.0,200.0,U
11852,-61.549635440447275,15.575399445610142,200.0,200.0,U
11853,-61.54665557498037,15.573433878798639,200.0,200.0,U
11854,-61.54738908003769,15.571937024581558,200.0,200.0,U
11855,-61.5452590467412,15.57304654569786,200.0,200.0,U
11856,-61.546873607404905,15.574392840468402,200.0,200.0,U
11857,-61.54880530314946,15.573504814844894,200.0,200.0,U
11858,-61.546451358602624,15.57223889295661,200.0,200.0,U
11859,-61.54656780889871,15.573402791740985,200.0,200.0,U
11860,-61.54718574726448,15.57304298573008,200.0,200.0,U
11861,-61.54775735239039,15.575113314610961,200.0,200.0,U
11862,-61.54668742947866,15.573539614391679,200.0,200.0,U
11863,-61.548078797216135,15.575203184553635,200.0,200.0,U
11864,-61.545947885616556,15.575849595867473,200.0,200.0,U
11865,-61.54507488687136,15.573038933739006,200.0,200.0,U
11866,-61.546100929791116,15.574890004910047,200.0,200.0,U
11867,-61.54655908537829,15.573526051869424,200.0,200.0,U
11868,-61.54481236884548,15.573069660748903,200.0,200.0,U
11869,-61.54642383789153,15.573667473390369,200.0,200.0,U
11870,-61.54661348249494,15.57197433084157,200.0,200.0,U
11871,-61.54704572781728,15.573708310869915,200.0,200.0,U
11872,-61.54532611537641,15.572380330477621,200.0,200.0,U
11873,-61.54712205768853,15.574399373631623,200.0,200.0,U
11874,-61.54441014223318,15.57366170215183,200.0,200.0,U
11875,-61.5495485745567,15.57567575126103,200.0,200.0,U
11876,-61.54617078317933,15.574518769802006,200.0,200.0,U
11877,-61.546802461895545,15.57204162501182,200.0,200.0,U
11878,-61.54762523806156,15.573872887048886,200.0,200.0,U
11879,-61.546374747324144,15.574328148487831,200.0,200.0,U
11880,-61.54567177565987,15.573888933343968,200.0,200.0,U
11881,-61.54526495308912,15.572418234002432,200.0,200.0,U
11882,-61.54730845856177,15.574498932245476,200.0,200.0,U
11883,-61.551324187196435,15.575363352046583,200.0,200.0,U
11884,-61.54658940567064,15.572115028170268,200.0,200.0,U
11885,-61.545378308146475,15.573357819894138,200.0,200.0,U
11886,-61.54623338146234,15.573258372366038,200.0,200.0,U
11887,-61.54655556899223,15.573414364572841,200.0,200.0,U
11888,-61.54797673315293,15.572346519339835,200.0,200.0,U
11889,-61.54636691891068,15.573924956434027,200.0,200.0,U
11890,-61.54621774640565,15.573221349439683,200.0,200.0,U
11891,-61.546476958802934,15.573046438946104,200.0,200.0,U
11892,-61.54649845537793,15.572876172661337,200.0,200.0,U
11893,-61.54656694731299,15.57341306093653,200.0,200.0,U
11894,-61.545650677434686,15.57256724505161,200.0,200.0,U
11895,-61.54520519102928,15.570974773497822,200.0,200.0,U
11896,-61.54815835347266,15.57212063593758,200.0,200.0,U
11897,-61.54595310907655,15.573571539957415,200.0,200.0,U
11898,-61.546652738559395,15.57334983862593,200.0,200.0,U
11899,-61.54600139422511,15.572666146703888,200.0,200.0,U
11900,-61.546729406762054,15.573518966358524,200.0,200.0,U
11901,-61.543174339959585,15.575135239115848,200.0,200.0,U
11902,-61.54674455034616,15.573288929158617,200.0,200.0,U
11903,-61.54762310018737,15.573342405653966,200.0,200.0,U
11904,-61.54685526263478,15.572479915800608,200.0,200.0,U
11905,-61.54565134768132,15.573630981157695,200.0,200.0,U
11906,-61.550954346847504,15.573799687234983,200.0,200.0,U
11907,-61.54576491855271,15.573409733554893,200.0,200.0,U
11908,-61.54621669632194,15.574290590926614,200.0,200.0,U
11909,-61.54315135756471,15.572789545629556,200.0,200.0,U
11910,-61.54623871562629,15.573647286755568,200.0,200.0,U
11911,-61.544823690968904,15.574760084456488,200.0,200.0,U
11912,-61.54651331714788,15.57400616887217,200.0,200.0,U
11913,-61.546716105733736,15.571030067685628,200.0,200.0,U
11914,-61.546255925280725,15.573278325555307,200.0,200.0,U
11915,-61.546777919469015,15.573488528134147,200.0,200.0,U
11916,-61.54577267604629,15.574337536286931,200.0,200.0,U
11917,-61.549496418440704,15.570303301854528,200.0,200.0,U
11918,-61.54543890339699,15.57518558124211,200.0,200.0,U
11919,-61.547230584317184,15.573089120467811,200.0,200.0,U
11920,-61.54583414733543,15.57349715584431,200.0,200.0,U
11921,-61.54688633701106,15.571211010074443,200.0,200.0,U
11922,-61.54513089055674,15.573417820775225,200.0,200.0,U
11923,-61.54654241475742,15.572215196648404,200.0,200.0,U
11924,-61.545253916068,15.572356469102425,200.0,200.0,U
11925,-61.54776643222208,15.57216467655525,200.0,200.0,U
11926,-61.54808930878196,15.573189638383806,200.0,200.0,U
11927,-61.54438364694264,15.573930583171766,200.0,200.0,U
11928,-61.54585502290737,15.573579009040783,200.0,200.0,U
11929,-61.54685279787482,15.571599302948885,200.0,200.0,U
11930,-61.546099459747765,15.570537912405594,200.0,200.0,U
11931,-61.54653489316508,15.572196787916319,200.0,200.0,U
11932,-61.54679861123237,15.572597527982188,200.0,200.0,U
11933,-61.54490996092022,15.573588728377706,200.0,200.0,U
11934,-61.545463077216034,15.574134825969265,200.0,200.0,U
11935,-61.55018234412694,15.570245935579218,200.0,200.0,U
11936,-61.54618886337444,15.572878412464574,200.0,200.0,U
11937,-61.547112689275984,15.574944274148738,200.0,200.0,U
11938,-61.544801212881765,15.573105493130686,200.0,200.0,U
11939,-61.54716258693151,15.573682368102208,200.0,200.0,U
11940,-61.545823785679836,15.573404821611819,200.0,200.0,U
11941,-61.54611253273312,15.572431011085772,200.0,200.0,U
11942,-61.54751140510576,15.568903772734508,200.0,200.0,U
11943,-61.54616646608762,15.572871045276646,200.0,200.0,U
11944,-61.54811019577725,15.57522984046357,200.0,200.0,U
11945,-61.54594202096176,15.573286839715234,200.0,200.0,U
11946,-61.54571774962052,15.57314929980669,200.0,200.0,U
11947,-61.547530444179365,15.572297893217245,200.0,200.0,U
11948,-61.54612765251009,15.573229447825714,200.0,200.0,U
11949,-61.54544771687944,15.57502753698652,200.0,200.0,U
11950,-61.545238069263014,15.575902479338133,200.0,200.0,U
11951,-61.54583537718019,15.572685873329448,200.0,200.0,U
11952,-61.54584961490714,15.573018502900409,200.0,200.0,U
11953,-61.54544432943805,15.5713426765569,200.0,200.0,U
11954,-61.54615193987203,15.57195382472315,200.0,200.0,U
11955,-61.546538803825676,15.573695159643172,200.0,200.0,U
11956,-61.54583136202632,15.571055341054027,200.0,200.0,U
11957,-61.54404899399022,15.573141686966153,200.0,200.0,U
11958,-61.544834351315494,15.571672739151964,200.0,200.0,U
11959,-61.548492625463346,15.573952968851753,200.0,200.0,U
11960,-61.543090163666314,15.573183046285301,200.0,200.0,U
11961,-61.54797967474488,15.572856874616146,200.0,200.0,U
11962,-61.54483183025179,15.572079975025682,200.0,200.0,U
11963,-61.543800907926084,15.5722759824773,200.0,200.0,U
11964,-61.54930083930338,15.57059742663242,200.0,200.0,U
11965,-61.54749701789576,15.571149344881531,200.0,200.0,U
11966,-61.546033963218655,15.57288365581296,200.0,200.0,U
11967,-61.54666438224968,15.572652474341938,200.0,200.0,U
11968,-61.54556560953512,15.572233689214354,200.0,200.0,U
11969,-61.54713658000639,15.574162758453602,200.0,200.0,U
11970,-61.545874525459325,15.572249630085196,200.0,200.0,U
11971,-61.54644600337788,15.572088298815594,200.0,200.0,U
11972,-61.54621933975661,15.572322258669239,200.0,200.0,U
11973,-61.54613156907043,15.57350866063083,200.0,200.0,U
11974,-61.54584170820376,15.574432084257758,200.0,200.0,U
11975,-61.5454999238787,15.573959127508832,200.0,200.0,U
11976,-61.54680282261038,15.572797416406326,200.0,200.0,U
11977,-61.544025660949146,15.569726585811322,200.0,200.0,U
11978,-61.54566060274797,15.572277107669429,200.0,200.0,U
11979,-61.545220189821045,15.573080795963001,200.0,200.0,U
11980,-61.54582879570576,15.57490441779662,200.0,200.0,U
11981,-61.54703738820141,15.573092185623027,200.0,200.0,U
11982,-61.544981950234394,15.572681093845597,200.0,200.0,U
11983,-61.54318345076252,15.577251934285625,200.0,200.0,U
11984,-61.54513549450861,15.576974628305841,200.0,200.0,U
11985,-61.54657051814297,15.573491904570329,200.0,200.0,U
11986,-61.54278409700096,15.572914225393223,200.0,200.0,U
11987,-61.54423905739707,15.57311315385947,200.0,200.0,U
11988,-61.547391895597485,15.571398155632982,200.0,200.0,U
11989,-61.5437380973533,15.57237908736882,200.0,200.0,U
11990,-61.5454437054571,15.573999214539414,200.0,200.0,U
11991,-61.54704581825074,15.573762065796005,200.0,200.0,U
11992,-61.54593236122718,15.573743517026529,200.0,200.0,U
11993,-61.54651620219273,15.572685812130818,200.0,200.0,U
11994,-61.54594984508943,15.570925879229417,200.0,200.0,U
11995,-61.54428382444415,15.57302472599227,200.0,200.0,U
11996,-61.54557265076567,15.576074863139237,200.0,200.0,U
11997,-61.54590347663263,15.573318447696971,200.0,200.0,U
11998,-61.54545144611825,15.572884492185347,200.0,200.0,U
11999,-61.546055930072406,15.573592590901763,200.0,200.0,U
12000,-61.54579127637195,15.573095787597847,200.0,200.0,U
12001,-61.54539176735058,15.57335213965942,200.0,200.0,U
12002,-61.546013218512954,15.574909830187458,200.0,200.0,U
12003,-61.54554040623151,15.572829226649882,200.0,200.0,U
12004,-61.545609262108506,15.57308541797826,200.0,200.0,U
12005,-61.5464577962258,15.572122786248153,200.0,200.0,U
12006,-61.54604282522652,15.573645602596155,200.0,200.0,U
12007,-61.54616426094107,15.572099616927659,200.0,200.0,U
12008,-61.54416343796502,15.571966358985325,200.0,200.0,U
12009,-61.54540674011528,15.573057149969676,200.0,200.0,U
12010,-61.54605024564781,15.57188196184752,200.0,200.0,U
12011,-61.54559954641474,15.573083668492714,200.0,200.0,U
12012,-61.54391582446107,15.572384621071468,200.0,200.0,U
12013,-61.54566272032962,15.572937116467129,200.0,200.0,U
12014,-61.5457752213796,15.574218141875992,200.0,200.0,U
12015,-61.54486806041342,15.571763342510643,200.0,200.0,U
12016,-61.54567127562354,15.57229535289809,200.0,200.0,U
12017,-61.5454544277726,15.571710516599314,200.0,200.0,U
12018,-61.543909934032996,15.572425678886672,200.0,200.0,U
12019,-61.54739270599773,15.57311839780065,200.0,200.0,U
12020,-61.54594095754594,15.573794707166352,200.0,200.0,U
12021,-61.54580959063856,15.572865893040463,200.0,200.0,U
12022,-61.54859941707073,15.570419436145006,200.0,200.0,U
12023,-61.54643648307519,15.571538631786185,200.0,200.0,U
12024,-61.54599340847654,15.572493844962539,200.0,200.0,U
12025,-61.54668232024627,15.572155590955353,200.0,200.0,U
12026,-61.545278459740835,15.572844588053057,200.0,200.0,U
12027,-61.54553123691633,15.572541878488565,200.0,200.0,U
12028,-61.54512373521807,15.573731132175073,200.0,200.0,U
12029,-61.54633202370667,15.57177934627701,200.0,200.0,U
12030,-61.54461260589561,15.573248863415973,200.0,200.0,U
12031,-61.54852117152094,15.573886606068417,200.0,200.0,U
12032,-61.54563401252359,15.572698892727631,200.0,200.0,U
12033,-61.545557820958564,15.572145312279954,200.0,200.0,U
12034,-61.54480502424718,15.57342754975013,200.0,200.0,U
12035,-61.545606478451106,15.57292371010047,200.0,200.0,U
12036,-61.54603919341628,15.574657512224604,200.0,200.0,U
12037,-61.5447042054565,15.572874220494501,200.0,200.0,U
12038,-61.54490485803814,15.570768420543036,200.0,200.0,U
12039,-61.54634295446668,15.573763065615797,200.0,200.0,U
12040,-61.54604390383103,15.573460194746861,200.0,200.0,U
12041,-61.546729538186334,15.57078749786895,200.0,200.0,U
12042,-61.54231936510241,15.572848470017759,200.0,200.0,U
12043,-61.54540487946584,15.572908363078175,200.0,200.0,U
12044,-61.545101438573184,15.57292504613968,200.0,200.0,U
12045,-61.5430127356115,15.570013309316291,200.0,200.0,U
12046,-61.54713616236754,15.572643299907895,200.0,200.0,U
12047,-61.54468580837634,15.57333079565874,200.0,200.0,U
12048,-61.54498504780053,15.5729818954185,200.0,200.0,U
12049,-61.54629717864724,15.571100181367056,200.0,200.0,U
12050,-61.54584985099908,15.57285922323285,200.0,200.0,U
12051,-61.54753504766217,15.573901502008876,200.0,200.0,U
12052,-61.54732179417843,15.571243116861206,200.0,200.0,U
12053,-61.54556345038818,15.57408633697011,200.0,200.0,U
12054,-61.54621785900865,15.57582818333809,200.0,200.0,U
12055,-61.54516955884305,15.572941177907028,200.0,200.0,U
12056,-61.5436515765039,15.577168868037523,200.0,200.0,U
12057,-61.54550028474501,15.572875845648667,200.0,200.0,U
12058,-61.54409110887974,15.571710321299683,200.0,200.0,U
12059,-61.54512242338929,15.573716191452325,200.0,200.0,U
12060,-61.54442210199555,15.571400746682773,200.0,200.0,U
12061,-61.54541882173779,15.572701038227104,200.0,200.0,U
12062,-61.548428517496276,15.57152944994215,200.0,200.0,U
12063,-61.5445087836209,15.572451502960725,200.0,200.0,U
12064,-61.54530434620365,15.572750858099669,200.0,200.0,U
12065,-61.545222062946266,15.571898609349928,200.0,200.0,U
12066,-61.544015274472706,15.57270655631757,200.0,200.0,U
12067,-61.54605869363591,15.572318431127728,200.0,200.0,U
12068,-61.545105224478704,15.571845899919952,200.0,200.0,U
12069,-61.54875829001975,15.572976618942379,200.0,200.0,U
12070,-61.54562735964248,15.57276557042211,200.0,200.0,U
12071,-61.54263847055538,15.570599884221743,200.0,200.0,U
12072,-61.545187707538624,15.572212416464652,200.0,200.0,U
12073,-61.54332372593416,15.573899453842657,200.0,200.0,U
12074,-61.54675014280008,15.570927519594477,200.0,200.0,U
12075,-61.54523885615931,15.572404600055691,200.0,200.0,U
12076,-61.5465168781148,15.57245194726763,200.0,200.0,U
12077,-61.545227242441804,15.572533864020167,200.0,200.0,U
12078,-61.54341083140824,15.573320363192975,200.0,200.0,U
12079,-61.54703883370114,15.573292749708607,200.0,200.0,U
12080,-61.54535750828095,15.572759277306693,200.0,200.0,U
12081,-61.545298623175,15.57330933368549,200.0,200.0,U
12082,-61.5450938897509,15.572926021866603,200.0,200.0,U
12083,-61.5476117168241,15.573282163151061,200.0,200.0,U
12084,-61.545759124191775,15.574785641432282,200.0,200.0,U
12085,-61.54533841309742,15.57252959632787,200.0,200.0,U
12086,-61.5448952770708,15.572117504094003,200.0,200.0,U
12087,-61.54613409226869,15.573194405205117,200.0,200.0,U
12088,-61.54521402724354,15.572123661893247,200.0,200.0,U
12089,-61.5442592965648,15.572302577754648,200.0,200.0,U
12090,-61.544580482618635,15.575282627209102,200.0,200.0,U
12091,-61.544852955397516,15.572603315380505,200.0,200.0,U
12092,-61.546040004559906,15.572727644001873,200.0,200.0,U
12093,-61.544762239497096,15.574480699139324,200.0,200.0,U
12094,-61.54495672857212,15.573162407250114,200.0,200.0,U
12095,-61.54568664981939,15.572512730473987,200.0,200.0,U
12096,-61.54739893594603,15.57311514384565,200.0,200.0,U
12097,-61.54490568301561,15.573423614228265,200.0,200.0,U
12098,-61.54517734972004,15.572620326455311,200.0,200.0,U
12099,-61.54510670977365,15.572532457769949,200.0,200.0,U
12100,-61.54623686677515,15.573523086240776,200.0,200.0,U
12101,-61.54306201041654,15.573763432012905,200.0,200.0,U
12102,-61.54442439987501,15.569577878429053,200.0,200.0,U
12103,-61.543962518660116,15.573319328312664,200.0,200.0,U
12104,-61.54632793944906,15.57410436050903,200.0,200.0,U
12105,-61.54515058314604,15.574240984924536,200.0,200.0,U
12106,-61.547357879674294,15.573843572616852,200.0,200.0,U
12107,-61.54538907872704,15.573814456808302,200.0,200.0,U
12108,-61.54484938028896,15.572634858050296,200.0,200.0,U
12109,-61.54405711645039,15.572481610423008,200.0,200.0,U
12110,-61.54259692003981,15.57209178924065,200.0,200.0,U
12111,-61.54771789376621,15.571592376658513,200.0,200.0,U
12112,-61.549245818768355,15.571373556363516,200.0,200.0,U
12113,-61.544911908382815,15.5723076169802,200.0,200.0,U
12114,-61.5449304708518,15.571953138343465,200.0,200.0,U
12115,-61.5442074947058,15.573454683186798,200.0,200.0,U
12116,-61.54324774974442,15.570185778735484,200.0,200.0,U
12117,-61.54504234942426,15.572566146912283,200.0,200.0,U
12118,-61.54384297900833,15.571475853513004,200.0,200.0,U
12119,-61.544011089701016,15.572304843412887,200.0,200.0,U
12120,-61.54275730729095,15.572475504825837,200.0,200.0,U
12121,-61.54409581964148,15.576483988065368,200.0,200.0,U
12122,-61.544373720155576,15.574259774970677,200.0,200.0,U
12123,-61.54522380895284,15.572974854940467,200.0,200.0,U
12124,-61.547630696006856,15.574201550218977,200.0,200.0,U
12125,-61.544692606948956,15.572583493824387,200.0,200.0,U
12126,-61.54508552518446,15.572707472819213,200.0,200.0,U
12127,-61.54661876450448,15.572296181513854,200.0,200.0,U
12128,-61.54456160528222,15.569099327995017,200.0,200.0,U
12129,-61.54484532111981,15.572078933773838,200.0,200.0,U
12130,-61.54412609186011,15.573511731090626,200.0,200.0,U
12131,-61.543525946419535,15.571492717044665,200.0,200.0,U
12132,-61.54608747169048,15.572134082061543,200.0,200.0,U
12133,-61.54298674305594,15.572273258889776,200.0,200.0,U
12134,-61.545155203494474,15.572955730562931,200.0,200.0,U
12135,-61.543871161482414,15.572583283016531,200.0,200.0,U
12136,-61.54317567582926,15.571079794518086,200.0,200.0,U
12137,-61.54431096005346,15.569134143931155,200.0,200.0,U
12138,-61.54515170113117,15.57310646203851,200.0,200.0,U
12139,-61.54401739412819,15.574637406100457,200.0,200.0,U
12140,-61.54471093339285,15.57090689109518,200.0,200.0,U
12141,-61.54687066445295,15.573105718343028,200.0,200.0,U
12142,-61.5436816798633,15.573054733771366,200.0,200.0,U
12143,-61.54707592601253,15.571331926475121,200.0,200.0,U
12144,-61.5459805093989,15.571542729632958,200.0,200.0,U
12145,-61.54403765894979,15.573326158085795,200.0,200.0,U
12146,-61.544160205494535,15.57358374781313,200.0,200.0,U
12147,-61.54520810400369,15.571995060601378,200.0,200.0,U
12148,-61.546291962612244,15.5710101227967,200.0,200.0,U
12149,-61.5454149187082,15.573115184781944,200.0,200.0,U
12150,-61.54539816281833,15.572400679161898,200.0,200.0,U
12151,-61.54228447977508,15.5727982151961,200.0,200.0,U
12152,-61.54451601898081,15.57209785688104,200.0,200.0,U
12153,-61.5455497461994,15.574382175261862,200.0,200.0,U
12154,-61.54522104779667,15.572383348979649,200.0,200.0,U
12155,-61.5462722006398,15.572654895022294,200.0,200.0,U
12156,-61.54362530696132,15.573944638465013,200.0,200.0,U
12157,-61.54159034134115,15.57050853254167,200.0,200.0,U
12158,-61.54562989304468,15.572708991548126,200.0,200.0,U
12159,-61.54747187178963,15.571787781716942,200.0,200.0,U
12160,-61.54380872617669,15.572003669405188,200.0,200.0,U
12161,-61.54477174560338,15.573714463360492,200.0,200.0,U
12162,-61.54530847003498,15.572408586527203,200.0,200.0,U
12163,-61.544596026056496,15.573225319660118,200.0,200.0,U
12164,-61.546168374701494,15.572914716235543,200.0,200.0,U
12165,-61.54460946776582,15.572191762957724,200.0,200.0,U
12166,-61.54359829017261,15.571836308323489,200.0,200.0,U
12167,-61.54459230665112,15.57240196739494,200.0,200.0,U
12168,-61.54736250143778,15.571842801479791,200.0,200.0,U
12169,-61.54165339927975,15.573881323262054,200.0,200.0,U
12170,-61.544381014089396,15.57226860496398,200.0,200.0,U
12171,-61.54495997072818,15.572576909972057,200.0,200.0,U
12172,-61.54527018469238,15.571329474451261,200.0,200.0,U
12173,-61.54551060922917,15.571476552721965,200.0,200.0,U
12174,-61.544714640120695,15.572192129782243,200.0,200.0,U
12175,-61.54503043705044,15.572064244185427,200.0,200.0,U
12176,-61.544196428522035,15.572741805232988,200.0,200.0,U
12177,-61.54765800204489,15.57396079941969,200.0,200.0,U
12178,-61.54488904306211,15.571678920261942,200.0,200.0,U
12179,-61.54403593895772,15.572618569234566,200.0,200.0,U
12180,-61.54319874009293,15.571230984109961,200.0,200.0,U
12181,-61.54486212770695,15.57131709215519,200.0,200.0,U
12182,-61.54417517153678,15.572850781952944,200.0,200.0,U
12183,-61.54444563431606,15.572044743265552,200.0,200.0,U
12184,-61.545011010044746,15.571904681371233,200.0,200.0,U
12185,-61.54535214895055,15.572340354177783,200.0,200.0,U
12186,-61.545316249145884,15.570855472812882,200.0,200.0,U
12187,-61.54492203612654,15.572495131551957,200.0,200.0,U
12188,-61.543915709254364,15.573917335214905,200.0,200.0,U
12189,-61.5427684865754,15.57309158605858,200.0,200.0,U
12190,-61.544517980485644,15.571466683957624,200.0,200.0,U
12191,-61.543295424785924,15.571815975487558,200.0,200.0,U
12192,-61.54460416712339,15.572437592159112,200.0,200.0,U
12193,-61.54401341041081,15.572906489434727,200.0,200.0,U
12194,-61.544386445878395,15.572163281479822,200.0,200.0,U
12195,-61.54611393659211,15.572212317490406,200.0,200.0,U
12196,-61.54707562403376,15.571675477457385,200.0,200.0,U
12197,-61.54374046320539,15.571928487097606,200.0,200.0,U
12198,-61.54846164152932,15.571865947998015,200.0,200.0,U
12199,-61.54560780864287,15.572165882874996,200.0,200.0,U
12200,-61.54421592445077,15.572454022922052,200.0,200.0,U
12201,-61.54515468910648,15.572438405337278,200.0,200.0,U
12202,-61.543505844320926,15.57193764579026,200.0,200.0,U
12203,-61.544969243288406,15.57562065395901,200.0,200.0,U
12204,-61.54496412813635,15.573333742392599,200.0,200.0,U
12205,-61.542052985632154,15.57246670969906,200.0,200.0,U
12206,-61.54440419362732,15.571329822076171,200.0,200.0,U
12207,-61.54546275090632,15.571032050662991,200.0,200.0,U
12208,-61.54495620699482,15.571608377388472,200.0,200.0,U
12209,-61.544608007809515,15.573385772504556,200.0,200.0,U
12210,-61.54097129147323,15.569759289157613,200.0,200.0,U
12211,-61.54276876573965,15.574650311453818,200.0,200.0,U
12212,-61.5456267281592,15.570421319471375,200.0,200.0,U
12213,-61.54298525796819,15.572523618840998,200.0,200.0,U
12214,-61.545313550844384,15.569745988778827,200.0,200.0,U
12215,-61.544217136805166,15.570046993094879,200.0,200.0,U
12216,-61.54436512491589,15.571788153193529,200.0,200.0,U
12217,-61.546233853193456,15.575351945614276,200.0,200.0,U
12218,-61.54583933487169,15.570734541352422,200.0,200.0,U
12219,-61.54377811640922,15.571032542755933,200.0,200.0,U
12220,-61.54124277336953,15.574189517481216,200.0,200.0,U
12221,-61.54510063664041,15.571973697947746,200.0,200.0,U
12222,-61.54423260292636,15.57208802303213,200.0,200.0,U
12223,-61.54657162195119,15.571745304773433,200.0,200.0,U
12224,-61.545368136288594,15.572041179376232,200.0,200.0,U
12225,-61.54455569073169,15.570336914183821,200.0,200.0,U
12226,-61.54485793723613,15.571409594655838,200.0,200.0,U
12227,-61.54386887850052,15.572302568762058,200.0,200.0,U
12228,-61.54350889116253,15.573740433355011,200.0,200.0,U
12229,-61.54419835929752,15.572322107740122,200.0,200.0,U
12230,-61.544050584539825,15.570929671587704,200.0,200.0,U
12231,-61.54489037284857,15.571525637113874,200.0,200.0,U
12232,-61.54449434990188,15.570798741273816,200.0,200.0,U
12233,-61.541562076449424,15.573438727565422,200.0,200.0,U
12234,-61.544687571549204,15.574104689981892,200.0,200.0,U
12235,-61.54346890148598,15.571914746887115,200.0,200.0,U
12236,-61.54429926889249,15.571909705826792,200.0,200.0,U
12237,-61.54513131107473,15.573855972401898,200.0,200.0,U
12238,-61.54430585880611,15.57171957637118,200.0,200.0,U
12239,-61.54430919075981,15.571719319753523,200.0,200.0,U
12240,-61.54475379366587,15.572283581676759,200.0,200.0,U
12241,-61.54447889040136,15.571948360576718,200.0,200.0,U
12242,-61.544069224686965,15.571331423199444,200.0,200.0,U
12243,-61.544649089635136,15.571141108502056,200.0,200.0,U
12244,-61.544822743490386,15.57310537182545,200.0,200.0,U
12245,-61.54506060687775,15.570290020088498,200.0,200.0,U
12246,-61.543802682054576,15.570996103192336,200.0,200.0,U
12247,-61.54250651994197,15.571104263359825,200.0,200.0,U
12248,-61.544318298429914,15.570999453016395,200.0,200.0,U
12249,-61.5433629279796,15.573146507155373,200.0,200.0,U
12250,-61.54442191750063,15.569765222640909,200.0,200.0,U
12251,-61.54593336065032,15.570786681667665,200.0,200.0,U
12252,-61.54403626256348,15.571909768022243,200.0,200.0,U
12253,-61.54506941905658,15.571476106170165,200.0,200.0,U
12254,-61.54327871330631,15.57191701724231,200.0,200.0,U
12255,-61.54453652480931,15.57150954873433,200.0,200.0,U
12256,-61.54756559480236,15.572632538127793,200.0,200.0,U
12257,-61.543458676325415,15.5726496567956,200.0,200.0,U
12258,-61.54344413241348,15.5740561970073,200.0,200.0,U
12259,-61.547292860371954,15.570197279971625,200.0,200.0,U
12260,-61.54712488764965,15.572219304412142,200.0,200.0,U
12261,-61.542818781029865,15.570806475893022,200.0,200.0,U
12262,-61.54319291966028,15.576007510829317,200.0,200.0,U
12263,-61.54504248401198,15.572700971072903,200.0,200.0,U
12264,-61.5443018641304,15.571577080650073,200.0,200.0,U
12265,-61.54445044728192,15.572167918600194,200.0,200.0,U
12266,-61.54375505286274,15.571498741104554,200.0,200.0,U
12267,-61.54449799897821,15.572540303687656,200.0,200.0,U
12268,-61.541628454488205,15.571030870857804,200.0,200.0,U
12269,-61.54302704449039,15.570352385314381,200.0,200.0,U
12270,-61.54466781696454,15.575855933105135,200.0,200.0,U
12271,-61.54368181482047,15.571757962213914,200.0,200.0,U
12272,-61.54424647392367,15.57175467749153,200.0,200.0,U
12273,-61.545483262504256,15.575105245151503,200.0,200.0,U
12274,-61.545010512997344,15.57167192574809,200.0,200.0,U
12275,-61.54684975701827,15.570578336759016,200.0,200.0,U
12276,-61.54420010090659,15.571533057095957,200.0,200.0,U
12277,-61.54044879137815,15.56532817320316,200.0,200.0,U
12278,-61.54410791297559,15.571659445656234,200.0,200.0,U
12279,-61.544011595349126,15.571475247213867,200.0,200.0,U
12280,-61.54208940638124,15.574321439794561,200.0,200.0,U
12281,-61.543574738205514,15.571712654683619,200.0,200.0,U
12282,-61.54202968051463,15.570794050461616,200.0,200.0,U
12283,-61.54342233190191,15.571474950035169,200.0,200.0,U
12284,-61.5433329684524,15.56968323122746,200.0,200.0,U
12285,-61.54128076414851,15.573928865388892,200.0,200.0,U
12286,-61.54412080677684,15.570219973701949,200.0,200.0,U
12287,-61.54399207464956,15.574266454700338,200.0,200.0,U
12288,-61.5429108694655,15.571948935385004,200.0,200.0,U
12289,-61.54447834335119,15.572880960510915,200.0,200.0,U
12290,-61.54495006536831,15.572632014481997,200.0,200.0,U
12291,-61.54487427583006,15.57095910123099,200.0,200.0,U
12292,-61.5444090910593,15.570333381480259,200.0,200.0,U
12293,-61.542239100607624,15.572689003563317,200.0,200.0,U
12294,-61.54406828188301,15.571391674255112,200.0,200.0,U
12295,-61.54247432141532,15.570582626271209,200.0,200.0,U
12296,-61.54471695581952,15.569279726061987,200.0,200.0,U
12297,-61.543608079442556,15.570332209263315,200.0,200.0,U
12298,-61.54594837590911,15.573958210971027,200.0,200.0,U
12299,-61.5459569669315,15.574231701644068,200.0,200.0,U
12300,-61.54422738230735,15.570584994074652,200.0,200.0,U
12301,-61.54312707411329,15.57188143929395,200.0,200.0,U
12302,-61.54631034086563,15.57207181059798,200.0,200.0,U
12303,-61.544788474226095,15.572406019390785,200.0,200.0,U
12304,-61.54338459738855,15.572143389398002,200.0,200.0,U
12305,-61.54666190607312,15.571407675475188,200.0,200.0,U
12306,-61.54474874669681,15.57118194627648,200.0,200.0,U
12307,-61.54586976180043,15.571038043406773,200.0,200.0,U
12308,-61.544544759732034,15.570675598840998,200.0,200.0,U
12309,-61.54358584755839,15.571245367807439,200.0,200.0,U
12310,-61.544568332536905,15.571405771213788,200.0,200.0,U
12311,-61.54399989409508,15.571263390638915,200.0,200.0,U
12312,-61.544716494829316,15.572765328436248,200.0,200.0,U
12313,-61.54499332275366,15.570375176490488,200.0,200.0,U
12314,-61.54230929862067,15.573307480815007,200.0,200.0,U
12315,-61.541372512379965,15.572905143773298,200.0,200.0,U
12316,-61.542615471089064,15.569866956737727,200.0,200.0,U
12317,-61.54594838063913,15.570107057742625,200.0,200.0,U
12318,-61.54186435070645,15.570759399399245,200.0,200.0,U
12319,-61.54286128702302,15.57013458855145,200.0,200.0,U
12320,-61.54366219871468,15.570603557436533,200.0,200.0,U
12321,-61.543789335526625,15.571230823670529,200.0,200.0,U
12322,-61.54377029236869,15.571115989297484,200.0,200.0,U
12323,-61.54433334842183,15.572512569518862,200.0,200.0,U
12324,-61.54401123280676,15.572450685562167,200.0,200.0,U
12325,-61.543478703655936,15.570815276292386,200.0,200.0,U
12326,-61.54486153697733,15.57056845801201,200.0,200.0,U
12327,-61.541919429866454,15.572885003456383,200.0,200.0,U
12328,-61.542744229703644,15.571780254122844,200.0,200.0,U
12329,-61.5404020229132,15.572513433263618,200.0,200.0,U
12330,-61.54434384504305,15.568067611697789,200.0,200.0,U
12331,-61.545169137247164,15.570957165703453,200.0,200.0,U
12332,-61.544855347418,15.567657076441867,200.0,200.0,U
12333,-61.543592399687384,15.57227214950307,200.0,200.0,U
12334,-61.544671142661485,15.57020825113699,200.0,200.0,U
12335,-61.54263540034489,15.572796413201948,200.0,200.0,U
12336,-61.54419827627501,15.570908874122196,200.0,200.0,U
12337,-61.543814355006745,15.571090725710144,200.0,200.0,U
12338,-61.54124206421439,15.571340956286331,200.0,200.0,U
12339,-61.542532882082085,15.571232759522323,200.0,200.0,U
12340,-61.54411866568125,15.569998244766605,200.0,200.0,U
12341,-61.54291816272674,15.5724995003629,200.0,200.0,U
12342,-61.54670424713881,15.570260751195029,200.0,200.0,U
12343,-61.54216034849422,15.571044403778155,200.0,200.0,U
12344,-61.54335180183226,15.570397267184637,200.0,200.0,U
12345,-61.54383233287216,15.571020951575361,200.0,200.0,U
12346,-61.543817161598,15.57094611077462,200.0,200.0,U
12347,-61.54506183924853,15.569072031178644,200.0,200.0,U
12348,-61.54315739923407,15.570742569813575,200.0,200.0,U
12349,-61.543133474637784,15.571054780141694,200.0,200.0,U
12350,-61.54467323248674,15.570917051486722,200.0,200.0,U
12351,-61.542476396987176,15.571785715800493,200.0,200.0,U
12352,-61.543082179755274,15.56809052480178,200.0,200.0,U
12353,-61.54608646564333,15.574747510320645,200.0,200.0,U
12354,-61.54267310064288,15.57086228933206,200.0,200.0,U
12355,-61.54151484556781,15.570261445794491,200.0,200.0,U
12356,-61.54421842969124,15.571438667465602,200.0,200.0,U
12357,-61.54542699445427,15.570592534563653,200.0,200.0,U
12358,-61.542096947839816,15.568575860920165,200.0,200.0,U
12359,-61.54228988986366,15.568615761768456,200.0,200.0,U
12360,-61.54087165348043,15.567846800018371,200.0,200.0,U
12361,-61.54435710299865,15.569667180348667,200.0,200.0,U
12362,-61.543734509194664,15.570463546632636,200.0,200.0,U
12363,-61.54428806140915,15.569538946575015,200.0,200.0,U
12364,-61.54343539865728,15.57089443017135,200.0,200.0,U
12365,-61.54370852841926,15.570769834325844,200.0,200.0,U
12366,-61.542094859416096,15.571074647268452,200.0,200.0,U
12367,-61.54247434356713,15.57166172420468,200.0,200.0,U
12368,-61.543666281977046,15.571260682337503,200.0,200.0,U
12369,-61.542095505488085,15.57143106515257,200.0,200.0,U
12370,-61.54506076290907,15.57022575287258,200.0,200.0,U
12371,-61.54346464125789,15.57170768048446,200.0,200.0,U
12372,-61.54251199772097,15.5694431612847,200.0,200.0,U
12373,-61.54432217378033,15.571022631221002,200.0,200.0,U
12374,-61.54229506905722,15.571450717221715,200.0,200.0,U
12375,-61.54357838483852,15.571097088978352,200.0,200.0,U
12376,-61.54310037198651,15.570980306200402,200.0,200.0,U
12377,-61.54135773563907,15.572497499706248,200.0,200.0,U
12378,-61.544704564060886,15.57162657280009,200.0,200.0,U
12379,-61.54456639285571,15.570904820321616,200.0,200.0,U
12380,-61.54304715929643,15.570901860647364,200.0,200.0,U
12381,-61.542904844831874,15.569822360113381,200.0,200.0,U
12382,-61.54285493355382,15.571517458024815,200.0,200.0,U
12383,-61.54377929819699,15.570983988668306,200.0,200.0,U
12384,-61.545598214815286,15.572013076466254,200.0,200.0,U
12385,-61.544766353025175,15.569661424345952,200.0,200.0,U
12386,-61.54403058059669,15.570974926551395,200.0,200.0,U
12387,-61.54380617800775,15.570692811329973,200.0,200.0,U
12388,-61.54108898810965,15.56922663982905,200.0,200.0,U
12389,-61.545079851826344,15.570307187723278,200.0,200.0,U
12390,-61.545965886818514,15.569760310549492,200.0,200.0,U
12391,-61.544126901828506,15.571336212263757,200.0,200.0,U
12392,-61.54497313958942,15.570485940131974,200.0,200.0,U
12393,-61.54607882867739,15.57089063816775,200.0,200.0,U
12394,-61.54381653933485,15.571202952262754,200.0,200.0,U
12395,-61.538995984162604,15.570585476792175,200.0,200.0,U
12396,-61.54037246889113,15.574217934593637,200.0,200.0,U
12397,-61.542918431685806,15.570514317454023,200.0,200.0,U
12398,-61.543538365255365,15.570662498658551,200.0,200.0,U
12399,-61.544217153907255,15.570279464231342,200.0,200.0,U
12400,-61.5447056009648,15.571538516793403,200.0,200.0,U
12401,-61.54596769315109,15.570965463412387,200.0,200.0,U
12402,-61.541945573560454,15.568755648693376,200.0,200.0,U
12403,-61.54491761651637,15.569452645502855,200.0,200.0,U
12404,-61.54352550301443,15.570658731116495,200.0,200.0,U
12405,-61.54157725192596,15.567750359156044,200.0,200.0,U
12406,-61.54399749828107,15.571051020639837,200.0,200.0,U
12407,-61.54320460672482,15.566656090528415,200.0,200.0,U
12408,-61.54396301743339,15.571197430668128,200.0,200.0,U
12409,-61.54291496835815,15.572768955096247,200.0,200.0,U
12410,-61.54245913245646,15.571756024951968,200.0,200.0,U
12411,-61.54384546561828,15.5707247121353,200.0,200.0,U
12412,-61.54362934738539,15.569906937656281,200.0,200.0,U
12413,-61.54469309409615,15.57225337574967,200.0,200.0,U
12414,-61.544566945982126,15.569460289505367,200.0,200.0,U
12415,-61.545159968875424,15.57115818342432,200.0,200.0,U
12416,-61.54001592130526,15.569485392896306,200.0,200.0,U
12417,-61.54342921498012,15.570564008403066,200.0,200.0,U
12418,-61.54504512287104,15.570271802609282,200.0,200.0,U
12419,-61.542442485547326,15.571086949456406,200.0,200.0,U
12420,-61.53977684302542,15.57331289947551,200.0,200.0,U
12421,-61.54391610796787,15.570219088921336,200.0,200.0,U
12422,-61.5436978178766,15.575650256944254,200.0,200.0,U
12423,-61.546826767910765,15.567448314173147,200.0,200.0,U
12424,-61.54431765401386,15.571661687813663,200.0,200.0,U
12425,-61.54125482653544,15.57456463197005,200.0,200.0,U
12426,-61.5423571523413,15.571662953423871,200.0,200.0,U
12427,-61.54330389848158,15.567629374223436,200.0,200.0,U
12428,-61.544904203221904,15.568762065308182,200.0,200.0,U
12429,-61.54275883578473,15.57025536698289,200.0,200.0,U
12430,-61.54356075005176,15.570469977693653,200.0,200.0,U
12431,-61.54319278621227,15.572804918219243,200.0,200.0,U
12432,-61.543524733276506,15.569701504545504,200.0,200.0,U
12433,-61.54577227015363,15.5696685621184,200.0,200.0,U
12434,-61.54161035138271,15.570269065039543,200.0,200.0,U
12435,-61.54369203858563,15.569709926500797,200.0,200.0,U
12436,-61.54399531903787,15.570305970618083,200.0,200.0,U
12437,-61.54344500408582,15.57033159213686,200.0,200.0,U
12438,-61.541506392653865,15.569665234460228,200.0,200.0,U
12439,-61.54181786957563,15.569855959327857,200.0,200.0,U
12440,-61.54396671878795,15.571146349566108,200.0,200.0,U
12441,-61.54265534891724,15.570037191519162,200.0,200.0,U
12442,-61.54308589855636,15.568915658407807,200.0,200.0,U
12443,-61.54350455102886,15.570253159114259,200.0,200.0,U
12444,-61.5469686018,15.57209172158571,200.0,200.0,U
12445,-61.54565506331397,15.57162189687374,200.0,200.0,U
12446,-61.544045523178916,15.570319999768838,200.0,200.0,U
12447,-61.54412520556936,15.569495429163501,200.0,200.0,U
12448,-61.54227298434786,15.56781542035676,200.0,200.0,U
12449,-61.542413809012054,15.570417620124486,200.0,200.0,U
12450,-61.543842451493866,15.568560790509727,200.0,200.0,U
12451,-61.541478184865014,15.570200854377145,200.0,200.0,U
12452,-61.54353811734584,15.569741396225018,200.0,200.0,U
12453,-61.544652013757066,15.572904712687052,200.0,200.0,U
12454,-61.54261918596164,15.567388062709334,200.0,200.0,U
12455,-61.541249608480975,15.571832337496252,200.0,200.0,U
12456,-61.54373544334282,15.56975550113449,200.0,200.0,U
12457,-61.541712865054926,15.570859275367026,200.0,200.0,U
12458,-61.5416464225828,15.568568523570951,200.0,200.0,U
12459,-61.54542405424345,15.573470367047333,200.0,200.0,U
12460,-61.543389895572766,15.570555734401722,200.0,200.0,U
12461,-61.54513894347396,15.569181368608637,200.0,200.0,U
12462,-61.54294915538914,15.569823109452814,200.0,200.0,U
12463,-61.542585149228856,15.567085230761684,200.0,200.0,U
12464,-61.54266377630496,15.56992125102559,200.0,200.0,U
12465,-61.54346616522329,15.570095807804837,200.0,200.0,U
12466,-61.54339146624755,15.570317421150014,200.0,200.0,U
12467,-61.545213305789154,15.569767586052214,200.0,200.0,U
12468,-61.543189523009836,15.568962784981919,200.0,200.0,U
12469,-61.54233114696314,15.569465417691179,200.0,200.0,U
12470,-61.54340568131184,15.57023269449635,200.0,200.0,U
12471,-61.54148039398945,15.570311711415517,200.0,200.0,U
12472,-61.54312331781778,15.570058381560763,200.0,200.0,U
12473,-61.542373288644605,15.571202974962263,200.0,200.0,U
12474,-61.543513667842426,15.570256001950035,200.0,200.0,U
12475,-61.543841776269126,15.570427600613348,200.0,200.0,U
12476,-61.54197910315727,15.570323758459033,200.0,200.0,U
12477,-61.54188427372251,15.57034971129322,200.0,200.0,U
12478,-61.54282920836516,15.571027651399746,200.0,200.0,U
12479,-61.54226094516263,15.565497284189092,200.0,200.0,U
12480,-61.54295653890052,15.572602610729248,200.0,200.0,U
12481,-61.542139552314474,15.572353617911302,200.0,200.0,U
12482,-61.54290850582222,15.570079466765126,200.0,200.0,U
12483,-61.54423045385011,15.570887886952036,200.0,200.0,U
12484,-61.5438802261789,15.56819419110389,200.0,200.0,U
12485,-61.544688355595454,15.571473256502221,200.0,200.0,U
12486,-61.54153002841032,15.569034506901797,200.0,200.0,U
12487,-61.544137768274304,15.572039062198998,200.0,200.0,U
12488,-61.5426530381144,15.572006696669446,200.0,200.0,U
12489,-61.54277550005491,15.569086863582477,200.0,200.0,U
12490,-61.54321596143411,15.571514403883919,200.0,200.0,U
12491,-61.54428221882246,15.5702674022007,200.0,200.0,U
12492,-61.54319016419883,15.569032463242934,200.0,200.0,U
12493,-61.54136291120344,15.567446790038602,200.0,200.0,U
12494,-61.54367379961699,15.572706610217104,200.0,200.0,U
12495,-61.54267472003054,15.571571482541124,200.0,200.0,U
12496,-61.542707031462584,15.570084986228252,200.0,200.0,U
12497,-61.5442505510547,15.569582274688042,200.0,200.0,U
12498,-61.54333722943578,15.56998732789898,200.0,200.0,U
12499,-61.54424919067546,15.569806294363262,200.0,200.0,U
12500,-61.54286651422444,15.569936202690805,200.0,200.0,U
12501,-61.54271596046444,15.571089531466713,200.0,200.0,U
12502,-61.54380123741881,15.568277716330119,200.0,200.0,U
12503,-61.54432355762544,15.567471204152266,200.0,200.0,U
12504,-61.542687135087036,15.570332609615157,200.0,200.0,U
12505,-61.543420900093224,15.570338402746629,200.0,200.0,U
12506,-61.543399410897884,15.57020069401707,200.0,200.0,U
12507,-61.54289407288121,15.57155838496871,200.0,200.0,U
12508,-61.543375645677344,15.569707203991673,200.0,200.0,U
12509,-61.54328695456452,15.570169620368443,200.0,200.0,U
12510,-61.54366695372281,15.570691058893312,200.0,200.0,U
12511,-61.54423781791963,15.569171321526163,200.0,200.0,U
12512,-61.54691233288701,15.569920869914112,200.0,200.0,U
12513,-61.543576194888416,15.571710164696844,200.0,200.0,U
12514,-61.54452367464114,15.570930412736054,200.0,200.0,U
12515,-61.54318713977902,15.570767925557321,200.0,200.0,U
12516,-61.543652471738085,15.57001165849737,200.0,200.0,U
12517,-61.543046548123556,15.569159249963953,200.0,200.0,U
12518,-61.54208244250227,15.566377431562476,200.0,200.0,U
12519,-61.542668121142334,15.569472683005241,200.0,200.0,U
12520,-61.543718818502654,15.56965308644815,200.0,200.0,U
12521,-61.543263627568116,15.570021172907671,200.0,200.0,U
12522,-61.542481820421955,15.568209351529603,200.0,200.0,U
12523,-61.54436249164811,15.569397802538873,200.0,200.0,U
12524,-61.54615567488327,15.569250556586503,200.0,200.0,U
12525,-61.543004318813445,15.569591593665212,200.0,200.0,U
12526,-61.54317121930565,15.569958335159544,200.0,200.0,U
12527,-61.544078903330664,15.567728984183491,200.0,200.0,U
12528,-61.54438764926311,15.570272136576191,200.0,200.0,U
12529,-61.542980955836164,15.56952070497071,200.0,200.0,U
12530,-61.5429576916454,15.571770377626041,200.0,200.0,U
12531,-61.54347102812296,15.569190901377938,200.0,200.0,U
12532,-61.545269130047124,15.56905566541474,200.0,200.0,U
12533,-61.542903836798395,15.570629619038003,200.0,200.0,U
12534,-61.541750419688924,15.570892934152628,200.0,200.0,U
12535,-61.54315563430958,15.569666245339182,200.0,200.0,U
12536,-61.54386738457388,15.5699319292567,200.0,200.0,U
12537,-61.54334528746207,15.56957506612135,200.0,200.0,U
12538,-61.543827924031866,15.570110449642332,200.0,200.0,U
12539,-61.54393739145726,15.569811985381063,200.0,200.0,U
12540,-61.54197064866495,15.570698531846862,200.0,200.0,U
12541,-61.54338073204646,15.568794006782111,200.0,200.0,U
12542,-61.54266871339017,15.567199842369927,200.0,200.0,U
12543,-61.54311728479471,15.569522480037602,200.0,200.0,U
12544,-61.54315637169746,15.569054241121092,200.0,200.0,U
12545,-61.544013057331966,15.569935851920132,200.0,200.0,U
12546,-61.540354178067886,15.569514304923452,200.0,200.0,U
12547,-61.543193032168396,15.569378998785993,200.0,200.0,U
12548,-61.54399752701375,15.568907063788718,200.0,200.0,U
12549,-61.54342668321129,15.569681039679322,200.0,200.0,U
12550,-61.542797568288165,15.56808314327174,200.0,200.0,U
12551,-61.542116941599254,15.568670792902305,200.0,200.0,U
12552,-61.54299775011601,15.56988333046593,200.0,200.0,U
12553,-61.542883866645084,15.569212687236183,200.0,200.0,U
12554,-61.54308076823186,15.56966347932102,200.0,200.0,U
12555,-61.54198380939619,15.570070013008149,200.0,200.0,U
12556,-61.54265258930822,15.569814266862123,200.0,200.0,U
12557,-61.54453770420826,15.566634641342024,200.0,200.0,U
12558,-61.542898739454095,15.569515490852309,200.0,200.0,U
12559,-61.54222635227582,15.572047242717499,200.0,200.0,U
12560,-61.54262651920582,15.569744767569677,200.0,200.0,U
12561,-61.54349269085733,15.571010575269476,200.0,200.0,U
12562,-61.54293074020229,15.571343541927552,200.0,200.0,U
12563,-61.542773798983156,15.56933270006873,200.0,200.0,U
12564,-61.54289151266755,15.57162087877878,200.0,200.0,U
12565,-61.54290354146605,15.569569767436239,200.0,200.0,U
12566,-61.54115561596097,15.568850047557286,200.0,200.0,U
12567,-61.541773255079704,15.570138301974282,200.0,200.0,U
12568,-61.54356802134626,15.567842402205429,200.0,200.0,U
12569,-61.54389504582261,15.56893991091391,200.0,200.0,U
12570,-61.542431676789306,15.569884465267815,200.0,200.0,U
12571,-61.54375838344841,15.570203396201528,200.0,200.0,U
12572,-61.54235795253576,15.570330855065768,200.0,200.0,U
12573,-61.54226958662769,15.57041153651953,200.0,200.0,U
12574,-61.54302494028155,15.569650888893893,200.0,200.0,U
12575,-61.543721212028835,15.569089064310772,200.0,200.0,U
12576,-61.54279080734085,15.569602284737599,200.0,200.0,U
12577,-61.54297311830094,15.570521072672316,200.0,200.0,U
12578,-61.54225062563886,15.569280428534928,200.0,200.0,U
12579,-61.54240906362869,15.568457455209765,200.0,200.0,U
12580,-61.54030539496607,15.570928014715607,200.0,200.0,U
12581,-61.542198379553724,15.568368005877254,200.0,200.0,U
12582,-61.54322438916921,15.569513670989608,200.0,200.0,U
12583,-61.54203558613548,15.571630591974321,200.0,200.0,U
12584,-61.54274031878179,15.57056793451807,200.0,200.0,U
12585,-61.54296049849004,15.569268885366082,200.0,200.0,U
12586,-61.541640134321014,15.570388675893708,200.0,200.0,U
12587,-61.54380003024127,15.568727790902162,200.0,200.0,U
12588,-61.542792594272115,15.569928449015393,200.0,200.0,U
12589,-61.54006784407815,15.567460389752968,200.0,200.0,U
12590,-61.543623294408974,15.568807576392535,200.0,200.0,U
12591,-61.5439557756642,15.56984420878266,200.0,200.0,U
12592,-61.54200662374449,15.569063561580542,200.0,200.0,U
12593,-61.54376902852252,15.567903665910372,200.0,200.0,U
12594,-61.54375226772823,15.568567948358613,200.0,200.0,U
12595,-61.54206906332979,15.56750490762033,200.0,200.0,U
12596,-61.542668298945046,15.569164500216111,200.0,200.0,U
12597,-61.5414109500546,15.569921732509977,200.0,200.0,U
12598,-61.54465635102728,15.56732322489438,200.0,200.0,U
12599,-61.54087659159117,15.56971114330222,200.0,200.0,U
12600,-61.54249815454858,15.569493222116842,200.0,200.0,U
12601,-61.540228916179814,15.570729002094073,200.0,200.0,U
12602,-61.54375489607647,15.567260858370153,200.0,200.0,U
12603,-61.542784639284044,15.56660841129434,200.0,200.0,U
12604,-61.54246664334303,15.569341812004662,200.0,200.0,U
12605,-61.54297021319911,15.570300807017432,200.0,200.0,U
12606,-61.542559154320905,15.569835472830432,200.0,200.0,U
12607,-61.546024141268745,15.570909820815338,200.0,200.0,U
12608,-61.54233879410383,15.569506362505622,200.0,200.0,U
12609,-61.54474378904565,15.570928237744004,200.0,200.0,U
12610,-61.54299507559005,15.5672762756648,200.0,200.0,U
12611,-61.5419682223515,15.568474653974212,200.0,200.0,U
12612,-61.53770001609047,15.568996484103806,200.0,200.0,U
12613,-61.5426456025658,15.570222882480062,200.0,200.0,U
12614,-61.54433011164566,15.567155457587475,200.0,200.0,U
12615,-61.54167621010486,15.567730514648089,200.0,200.0,U
12616,-61.54382093635213,15.56905609393598,200.0,200.0,U
12617,-61.54191658221464,15.568953769960865,200.0,200.0,U
12618,-61.543376107737146,15.569394845453886,200.0,200.0,U
12619,-61.54372452453291,15.568170550474553,200.0,200.0,U
12620,-61.53973327212153,15.568906563523848,200.0,200.0,U
12621,-61.54497416615889,15.568905473943099,200.0,200.0,U
12622,-61.544041029656995,15.569934117562347,200.0,200.0,U
12623,-61.542893495717024,15.56886948352842,200.0,200.0,U
12624,-61.5421910133848,15.568500535135225,200.0,200.0,U
12625,-61.54128379639265,15.565203019591953,200.0,200.0,U
12626,-61.54247114926232,15.568339145672262,200.0,200.0,U
12627,-61.54339769293634,15.571611702911126,200.0,200.0,U
12628,-61.542537676736224,15.569608929301054,200.0,200.0,U
12629,-61.54164112652972,15.567604851244141,200.0,200.0,U
12630,-61.54175564883909,15.569590789759506,200.0,200.0,U
12631,-61.545576582816224,15.566221396055752,200.0,200.0,U
12632,-61.54592976362091,15.569304959613707,200.0,200.0,U
12633,-61.54153056805242,15.56854069747739,200.0,200.0,U
12634,-61.54075506499476,15.570227150783413,200.0,200.0,U
12635,-61.541260152456395,15.570594882022093,200.0,200.0,U
12636,-61.544772800864926,15.568811824433517,200.0,200.0,U
12637,-61.53957536776513,15.569721648125165,200.0,200.0,U
12638,-61.542621949530826,15.56900289114935,200.0,200.0,U
12639,-61.544597914151346,15.570819065723537,200.0,200.0,U
12640,-61.54228014549998,15.569259276347399,200.0,200.0,U
12641,-61.5423191850994,15.569766150928094,200.0,200.0,U
12642,-61.54224667114799,15.568790140368092,200.0,200.0,U
12643,-61.54321443623182,15.569140324800275,200.0,200.0,U
12644,-61.543097350221075,15.568005255703204,200.0,200.0,U
12645,-61.54227871905558,15.570381407556946,200.0,200.0,U
12646,-61.541102861901564,15.569169003415716,200.0,200.0,U
12647,-61.54228742846942,15.569832390663233,200.0,200.0,U
12648,-61.545492628926866,15.567974193338415,200.0,200.0,U
12649,-61.5433041971093,15.568642814691408,200.0,200.0,U
12650,-61.54039734326349,15.567097386889916,200.0,200.0,U
12651,-61.54148094390488,15.568406950154687,200.0,200.0,U
12652,-61.543788721280066,15.567486130089025,200.0,200.0,U
12653,-61.54207655911507,15.568732607468013,200.0,200.0,U
12654,-61.541792320369204,15.565881479405173,200.0,200.0,U
12655,-61.54294033371625,15.567449911271577,200.0,200.0,U
12656,-61.54447655031723,15.567344503814866,200.0,200.0,U
12657,-61.542942866279844,15.569457821314687,200.0,200.0,U
12658,-61.54297349994965,15.568825543900974,200.0,200.0,U
12659,-61.54312030385459,15.568254021887455,200.0,200.0,U
12660,-61.543050542514685,15.569292525724078,200.0,200.0,U
12661,-61.54428939771622,15.569174155139187,200.0,200.0,U
12662,-61.54222193885073,15.567849037586289,200.0,200.0,U
12663,-61.54033222619441,15.5698068518539,200.0,200.0,U
12664,-61.54153643000652,15.571570164169378,200.0,200.0,U
12665,-61.54235405935888,15.568355989402416,200.0,200.0,U
12666,-61.54388766185512,15.569938918937822,200.0,200.0,U
12667,-61.5409704887841,15.567699437715273,200.0,200.0,U
12668,-61.542427909861615,15.568582418467436,200.0,200.0,U
12669,-61.544328334515804,15.56759726541095,200.0,200.0,U
12670,-61.54110888690192,15.569586033911916,200.0,200.0,U
12671,-61.54220616330435,15.568556088661621,200.0,200.0,U
12672,-61.54193698869743,15.568874099282025,200.0,200.0,U
12673,-61.542333416193145,15.568172804271823,200.0,200.0,U
12674,-61.54240895068832,15.568609310646956,200.0,200.0,U
12675,-61.543711836716064,15.569426055059091,200.0,200.0,U
12676,-61.54398777623091,15.568188169905666,200.0,200.0,U
12677,-61.541630984094496,15.56719796974853,200.0,200.0,U
12678,-61.54231777313256,15.568417605620354,200.0,200.0,U
12679,-61.54256102384692,15.568965897871285,200.0,200.0,U
12680,-61.54228868055354,15.568471536739297,200.0,200.0,U
12681,-61.54115493095215,15.56920143088261,200.0,200.0,U
12682,-61.542457946435874,15.568700544919578,200.0,200.0,U
12683,-61.54187412623682,15.56938064038888,200.0,200.0,U
12684,-61.54236505769221,15.56863570299857,200.0,200.0,U
12685,-61.54307603730444,15.571080746078866,200.0,200.0,U
12686,-61.543690132490745,15.567001951789488,200.0,200.0,U
12687,-61.54073159521976,15.570636326913807,200.0,200.0,U
12688,-61.54240764340233,15.568715588133283,200.0,200.0,U
12689,-61.54248298517498,15.569076999377874,200.0,200.0,U
12690,-61.54197435441856,15.567940103493155,200.0,200.0,U
12691,-61.54365430600757,15.569810793448639,200.0,200.0,U
12692,-61.541781919633294,15.569671899187348,200.0,200.0,U
12693,-61.54025146508109,15.567381046170343,200.0,200.0,U
12694,-61.542833746903234,15.569879859550863,200.0,200.0,U
12695,-61.54247733940246,15.568605276987498,200.0,200.0,U
12696,-61.54447688357715,15.568979333583133,200.0,200.0,U
12697,-61.540197071823265,15.567271164711954,200.0,200.0,U
12698,-61.54165694575555,15.571283037507714,200.0,200.0,U
12699,-61.54403266130551,15.568707082122495,200.0,200.0,U
12700,-61.542292266923766,15.56564786715377,200.0,200.0,U
12701,-61.542365591016825,15.568611986830595,200.0,200.0,U
12702,-61.54540109597613,15.567928297493056,200.0,200.0,U
12703,-61.54073181207308,15.568901596137774,200.0,200.0,U
12704,-61.54163249668607,15.568623800034366,200.0,200.0,U
12705,-61.542429070858866,15.57030654925937,200.0,200.0,U
12706,-61.54204454640992,15.56927189615178,200.0,200.0,U
12707,-61.5430887671568,15.569866813795002,200.0,200.0,U
12708,-61.5424003851988,15.5686893787499,200.0,200.0,U
12709,-61.54233276933479,15.568881668483163,200.0,200.0,U
12710,-61.54024124050822,15.570319190490894,200.0,200.0,U
12711,-61.54230033596849,15.568517447439952,200.0,200.0,U
12712,-61.54084280498528,15.569044005425498,200.0,200.0,U
12713,-61.5394021394599,15.569907510471866,200.0,200.0,U
12714,-61.54402920744601,15.567477127504537,200.0,200.0,U
12715,-61.541161830928566,15.56990851772135,200.0,200.0,U
12716,-61.54373139207468,15.568219439871019,200.0,200.0,U
12717,-61.541916789696344,15.56830865717952,200.0,200.0,U
12718,-61.53938887297333,15.570174833361158,200.0,200.0,U
12719,-61.54146732054717,15.567432292704943,200.0,200.0,U
12720,-61.542906976176134,15.568535340941757,200.0,200.0,U
12721,-61.54174321616522,15.56900152038934,200.0,200.0,U
12722,-61.54348171475125,15.569616208384222,200.0,200.0,U
12723,-61.54137189475575,15.569564448310414,200.0,200.0,U
12724,-61.542014916148375,15.568817960844074,200.0,200.0,U
12725,-61.54133933853204,15.568412805971212,200.0,200.0,U
12726,-61.54054285351845,15.567816474880596,200.0,200.0,U
12727,-61.5433156747898,15.565353159537464,200.0,200.0,U
12728,-61.54044121125511,15.569008287221553,200.0,200.0,U
12729,-61.54209175907265,15.568110552479654,200.0,200.0,U
12730,-61.54305682845557,15.568139731808788,200.0,200.0,U
12731,-61.54324949233513,15.567933974435181,200.0,200.0,U
12732,-61.5414673253889,15.567476349300263,200.0,200.0,U
12733,-61.5435907968014,15.570156224381783,200.0,200.0,U
12734,-61.54081833135172,15.566982553069531,200.0,200.0,U
12735,-61.54318628028447,15.56816036165585,200.0,200.0,U
12736,-61.54288179518549,15.569713355980834,200.0,200.0,U
12737,-61.54205739224219,15.568477212319735,200.0,200.0,U
12738,-61.542229568830315,15.56828361362783,200.0,200.0,U
12739,-61.54256171908542,15.568368258844878,200.0,200.0,U
12740,-61.5409399377552,15.568920523072235,200.0,200.0,U
12741,-61.542050438990174,15.567145696927836,200.0,200.0,U
12742,-61.54213930555369,15.56683187513294,200.0,200.0,U
12743,-61.54179621103241,15.570726127039704,200.0,200.0,U
12744,-61.54273443506874,15.56848656107826,200.0,200.0,U
12745,-61.54224702006645,15.56796359752904,200.0,200.0,U
12746,-61.54684128139336,15.56796900879761,200.0,200.0,U
12747,-61.54215867982345,15.568281689646845,200.0,200.0,U
12748,-61.54394665236661,15.56976932333436,200.0,200.0,U
12749,-61.54267019456137,15.569745810504612,200.0,200.0,U
12750,-61.54122242478932,15.568953975177514,200.0,200.0,U
12751,-61.54556339444101,15.568553209146458,200.0,200.0,U
12752,-61.542458340654115,15.56722120210583,200.0,200.0,U
12753,-61.54447364122079,15.569469628666258,200.0,200.0,U
12754,-61.54190274031476,15.566294808275325,200.0,200.0,U
12755,-61.54034293735434,15.565369840016572,200.0,200.0,U
12756,-61.5423094810199,15.568126878963234,200.0,200.0,U
12757,-61.541770810598145,15.567354618901382,200.0,200.0,U
12758,-61.54174787820121,15.569684168173485,200.0,200.0,U
12759,-61.54064116138561,15.567196114110645,200.0,200.0,U
12760,-61.53882960847362,15.567450290424416,200.0,200.0,U
12761,-61.54336727520464,15.57096916445959,200.0,200.0,U
12762,-61.53985442085361,15.568061892249169,200.0,200.0,U
12763,-61.54365127868981,15.566827115647309,200.0,200.0,U
12764,-61.54187431282807,15.568342582023872,200.0,200.0,U
12765,-61.539814356395354,15.566292912249896,200.0,200.0,U
12766,-61.54141325778245,15.564223563703818,200.0,200.0,U
12767,-61.54161925041022,15.569489171443635,200.0,200.0,U
12768,-61.54169731057247,15.567394588415267,200.0,200.0,U
12769,-61.54242872759546,15.569267154815112,200.0,200.0,U
12770,-61.540760737150784,15.569239296070544,200.0,200.0,U
12771,-61.54332060402608,15.568813048445264,200.0,200.0,U
12772,-61.5425893573655,15.566354165571775,200.0,200.0,U
12773,-61.5420287037475,15.56817997761995,200.0,200.0,U
12774,-61.54200204569095,15.56808671509915,200.0,200.0,U
12775,-61.54207679966189,15.5682105130282,200.0,200.0,U
12776,-61.54232650302131,15.567990939768736,200.0,200.0,U
12777,-61.54164596205526,15.570496473502528,200.0,200.0,U
12778,-61.5421134618952,15.567931322303401,200.0,200.0,U
12779,-61.54220717624974,15.568292398121063,200.0,200.0,U
12780,-61.54260031537868,15.570826150967205,200.0,200.0,U
12781,-61.54342281969316,15.570641964971935,200.0,200.0,U
12782,-61.54206080467459,15.567936781678815,200.0,200.0,U
12783,-61.541630223374455,15.567888587147616,200.0,200.0,U
12784,-61.543079151697775,15.568559360616776,200.0,200.0,U
12785,-61.54468098482163,15.565573855734273,200.0,200.0,U
12786,-61.54224398171176,15.568949854124797,200.0,200.0,U
12787,-61.54173181154774,15.568418690188208,200.0,200.0,U
12788,-61.54248599579302,15.568666551742318,200.0,200.0,U
12789,-61.542455729699384,15.567610446485405,200.0,200.0,U
12790,-61.54197138144736,15.569102422086441,200.0,200.0,U
12791,-61.542933521024516,15.566368972949887,200.0,200.0,U
12792,-61.54167126504716,15.568094203041799,200.0,200.0,U
12793,-61.542256239668085,15.5678139663557,200.0,200.0,U
12794,-61.54147479610592,15.567847849590997,200.0,200.0,U
12795,-61.543271923286845,15.56809791732449,200.0,200.0,U
12796,-61.542167979904846,15.568462966217913,200.0,200.0,U
12797,-61.54505666917719,15.567452443218555,200.0,200.0,U
12798,-61.54388495686474,15.569546393560556,200.0,200.0,U
12799,-61.542609550898845,15.568198410220422,200.0,200.0,U
12800,-61.541193853057216,15.569938174925776,200.0,200.0,U
12801,-61.54202534240273,15.567507498368126,200.0,200.0,U
12802,-61.54205168216053,15.568247466956752,200.0,200.0,U
12803,-61.542741398282466,15.56608406931855,200.0,200.0,U
12804,-61.54380198334106,15.566645638585117,200.0,200.0,U
12805,-61.542893363597365,15.566312509233965,200.0,200.0,U
12806,-61.54332667147319,15.566294458411702,200.0,200.0,U
12807,-61.54161908126633,15.567659171122967,200.0,200.0,U
12808,-61.540107330013164,15.566944819752285,200.0,200.0,U
12809,-61.54101868534511,15.56940839078197,200.0,200.0,U
12810,-61.54412099442517,15.568544943493647,200.0,200.0,U
12811,-61.5425619499024,15.567723082370001,200.0,200.0,U
12812,-61.541347759482484,15.569227984572048,200.0,200.0,U
12813,-61.54044839678428,15.569477617483479,200.0,200.0,U
12814,-61.53935924620553,15.566841494111667,200.0,200.0,U
12815,-61.540847848685075,15.567654257884017,200.0,200.0,U
12816,-61.54035107323852,15.566509566663969,200.0,200.0,U
12817,-61.542372336921574,15.566361556014467,200.0,200.0,U
12818,-61.5418152676521,15.568047637989686,200.0,200.0,U
12819,-61.54174347388388,15.567779505589074,200.0,200.0,U
12820,-61.542068710222324,15.567320072859903,200.0,200.0,U
12821,-61.541547330108635,15.567510018186749,200.0,200.0,U
12822,-61.542248840243545,15.567496501771389,200.0,200.0,U
12823,-61.541991922573445,15.56998969131671,200.0,200.0,U
12824,-61.541779715368016,15.567743838586347,200.0,200.0,U
12825,-61.541002686468495,15.568423903648945,200.0,200.0,U
12826,-61.54251882406629,15.568397001289418,200.0,200.0,U
12827,-61.543437985500745,15.568161206070076,200.0,200.0,U
12828,-61.5419060833267,15.567805729420602,200.0,200.0,U
12829,-61.54005534291589,15.569359639007324,200.0,200.0,U
12830,-61.54290871406588,15.568671899847528,200.0,200.0,U
12831,-61.540762844005194,15.567439451757885,200.0,200.0,U
12832,-61.54515790421797,15.565069461440348,200.0,200.0,U
12833,-61.543435836551474,15.57075575632079,200.0,200.0,U
12834,-61.542132282234896,15.566577473515714,200.0,200.0,U
12835,-61.540865941900044,15.564584417665321,200.0,200.0,U
12836,-61.54108883490315,15.565013946492012,200.0,200.0,U
12837,-61.54238476355377,15.566967974568975,200.0,200.0,U
12838,-61.54501067092164,15.56828462391643,200.0,200.0,U
12839,-61.53866774791437,15.56413542966605,200.0,200.0,U
12840,-61.54321914544547,15.568368192902513,200.0,200.0,U
12841,-61.54233076638889,15.569074802700472,200.0,200.0,U
12842,-61.54111779086368,15.567365177841477,200.0,200.0,U
12843,-61.540521231810764,15.568881656738087,200.0,200.0,U
12844,-61.53853480701759,15.568905721176272,200.0,200.0,U
12845,-61.54228107794923,15.567757625647774,200.0,200.0,U
12846,-61.537527669169755,15.56676279105093,200.0,200.0,U
12847,-61.543195972179745,15.567290418704772,200.0,200.0,U
12848,-61.538147985013914,15.564700515997657,200.0,200.0,U
12849,-61.54182766181254,15.567860022048649,200.0,200.0,U
12850,-61.54187043100996,15.567826847725732,200.0,200.0,U
12851,-61.54166313747036,15.567866400362913,200.0,200.0,U
12852,-61.5421226421696,15.569440958662367,200.0,200.0,U
12853,-61.54016403669623,15.569268225256245,200.0,200.0,U
12854,-61.54362010046522,15.569593684749284,200.0,200.0,U
12855,-61.54156888217893,15.56751444149422,200.0,200.0,U
12856,-61.542316402301914,15.56805569171933,200.0,200.0,U
12857,-61.541366241262644,15.567543128588449,200.0,200.0,U
12858,-61.54100038471823,15.569223607390164,200.0,200.0,U
12859,-61.54193320525868,15.56819458022323,200.0,200.0,U
12860,-61.53781231828483,15.565773040003927,200.0,200.0,U
12861,-61.541526363871306,15.567552521797394,200.0,200.0,U
12862,-61.53981131600972,15.56927725183859,200.0,200.0,U
12863,-61.543473931120346,15.566986684814418,200.0,200.0,U
12864,-61.543125183408236,15.568116550294715,200.0,200.0,U
12865,-61.542663081398274,15.566723602230839,200.0,200.0,U
12866,-61.54460706934735,15.56972707024889,200.0,200.0,U
12867,-61.541416244812986,15.568131342024376,200.0,200.0,U
12868,-61.544060707644505,15.566440320792328,200.0,200.0,U
12869,-61.543400662121,15.564958500185414,200.0,200.0,U
12870,-61.54433051442049,15.569349632569024,200.0,200.0,U
12871,-61.540782209517765,15.568648486365532,200.0,200.0,U
12872,-61.54253373227146,15.56765447778391,200.0,200.0,U
12873,-61.54093640315325,15.567497765837759,200.0,200.0,U
12874,-61.5408381331087,15.566907623408088,200.0,200.0,U
12875,-61.542422785857404,15.565355259984322,200.0,200.0,U
12876,-61.54111379787967,15.5672227553426,200.0,200.0,U
12877,-61.54160072167134,15.566939609753298,200.0,200.0,U
12878,-61.541654822507915,15.567433497149542,200.0,200.0,U
12879,-61.53998591793705,15.567594851041996,200.0,200.0,U
12880,-61.54206339620663,15.567394029540035,200.0,200.0,U
12881,-61.54275863522713,15.56839452060934,200.0,200.0,U
12882,-61.54178551526907,15.567794443336538,200.0,200.0,U
12883,-61.54174374533425,15.567510211862611,200.0,200.0,U
12884,-61.541772011286675,15.567461125482026,200.0,200.0,U
12885,-61.541029460377736,15.568135895830222,200.0,200.0,U
12886,-61.54045432243656,15.56602774225082,200.0,200.0,U
12887,-61.544550959083644,15.571525323003872,200.0,200.0,U
12888,-61.543379079223264,15.568005433909601,200.0,200.0,U
12889,-61.542373859701534,15.566323251075554,200.0,200.0,U
12890,-61.53883319544415,15.56557264148837,200.0,200.0,U
12891,-61.54164692139877,15.566932061186359,200.0,200.0,U
12892,-61.541528610312945,15.567531175079695,200.0,200.0,U
12893,-61.54660927564171,15.56736662500047,200.0,200.0,U
12894,-61.54141192944825,15.567170006552201,200.0,200.0,U
12895,-61.543445863263564,15.567458753928987,200.0,200.0,U
12896,-61.54275467254642,15.567464595696206,200.0,200.0,U
12897,-61.54116525194564,15.56774122038553,200.0,200.0,U
12898,-61.54235138428412,15.56702062693732,200.0,200.0,U
12899,-61.541338317286794,15.569109120065106,200.0,200.0,U
12900,-61.54221314771403,15.567433926918467,200.0,200.0,U
12901,-61.539567639486734,15.567950318697301,200.0,200.0,U
12902,-61.54135996042163,15.56716137440004,200.0,200.0,U
12903,-61.54196113204702,15.56571250395532,200.0,200.0,U
12904,-61.54161129345268,15.568982213034582,200.0,200.0,U
12905,-61.5414347427257,15.567381865269077,200.0,200.0,U
12906,-61.54041796294454,15.567573748733164,200.0,200.0,U
12907,-61.54195975255908,15.56551158548988,200.0,200.0,U
12908,-61.54025868221992,15.568816157558825,200.0,200.0,U
12909,-61.53935459619226,15.56720114262163,200.0,200.0,U
12910,-61.54394157379054,15.56861432619489,200.0,200.0,U
12911,-61.54119521247383,15.56598449005395,200.0,200.0,U
12912,-61.54217180742939,15.565283320819042,200.0,200.0,U
12913,-61.54102848468422,15.566163800045313,200.0,200.0,U
12914,-61.54006585265384,15.569497776863429,200.0,200.0,U
12915,-61.54060465200851,15.567001027788242,200.0,200.0,U
12916,-61.54178809778245,15.567504080358813,200.0,200.0,U
12917,-61.54360068765615,15.566669373600638,200.0,200.0,U
12918,-61.542030386788035,15.568178579814516,200.0,200.0,U
12919,-61.54290022748379,15.565706234447557,200.0,200.0,U
12920,-61.542104255386995,15.566582653031702,200.0,200.0,U
12921,-61.542070509529125,15.567686803925369,200.0,200.0,U
12922,-61.540766432077405,15.56670745231243,200.0,200.0,U
12923,-61.54191201468755,15.56864178324697,200.0,200.0,U
12924,-61.54147462390892,15.567871129701846,200.0,200.0,U
12925,-61.540914984647735,15.567844111868222,200.0,200.0,U
12926,-61.54178404503788,15.567286572069582,200.0,200.0,U
12927,-61.54070550513813,15.566011805928682,200.0,200.0,U
12928,-61.541704289981745,15.567641726454788,200.0,200.0,U
12929,-61.541275965617125,15.567234499052823,200.0,200.0,U
12930,-61.541264827753814,15.567494718077844,200.0,200.0,U
12931,-61.543039050241184,15.569398478703336,200.0,200.0,U
12932,-61.541206103179164,15.56707242565382,200.0,200.0,U
12933,-61.541354932264525,15.567337356681753,200.0,200.0,U
12934,-61.54391400192056,15.56674904813066,200.0,200.0,U
12935,-61.54156233139373,15.567124813323126,200.0,200.0,U
12936,-61.54150895238634,15.567100008810952,200.0,200.0,U
12937,-61.54349782514332,15.566815039658318,200.0,200.0,U
12938,-61.541915359743,15.566850067925635,200.0,200.0,U
12939,-61.54294902503846,15.567193097258706,200.0,200.0,U
12940,-61.54143191336382,15.565947612952977,200.0,200.0,U
12941,-61.54360858706252,15.568075759878905,200.0,200.0,U
12942,-61.54124014191814,15.567000166218504,200.0,200.0,U
12943,-61.54180741535091,15.566817657652326,200.0,200.0,U
12944,-61.5414980739628,15.565692067536943,200.0,200.0,U
12945,-61.541594725555406,15.56469930722751,200.0,200.0,U
12946,-61.54156839121282,15.567401495951982,200.0,200.0,U
12947,-61.541158942924625,15.565002159997132,200.0,200.0,U
12948,-61.54123123921797,15.566071517096454,200.0,200.0,U
12949,-61.54197267600993,15.566727020729928,200.0,200.0,U
12950,-61.54436200934845,15.56701769238978,200.0,200.0,U
12951,-61.54160415537582,15.566500839774806,200.0,200.0,U
12952,-61.538854862663214,15.567132209651952,200.0,200.0,U
12953,-61.543506727358306,15.566864338810165,200.0,200.0,U
12954,-61.54018143987078,15.568631169271965,200.0,200.0,U
12955,-61.5384119385517,15.56568474111728,200.0,200.0,U
12956,-61.539584113775334,15.566312963267,200.0,200.0,U
12957,-61.54263563974059,15.568294373733622,200.0,200.0,U
12958,-61.541368186080476,15.56729539942975,200.0,200.0,U
12959,-61.540105196603406,15.567204381730598,200.0,200.0,U
12960,-61.54102067823754,15.567225642273668,200.0,200.0,U
12961,-61.541087904303865,15.567321036919669,200.0,200.0,U
12962,-61.54110532656695,15.566550784301171,200.0,200.0,U
12963,-61.54177666827196,15.565514515448442,200.0,200.0,U
12964,-61.54134169967115,15.566885439437314,200.0,200.0,U
12965,-61.54082214765584,15.56699671931568,200.0,200.0,U
12966,-61.54170288468746,15.566459615204506,200.0,200.0,U
12967,-61.54244789822013,15.566367744820377,200.0,200.0,U
12968,-61.54103232326839,15.567098351078315,200.0,200.0,U
12969,-61.54065404356143,15.561609040525031,200.0,200.0,U
12970,-61.54131505895525,15.56542077650153,200.0,200.0,U
12971,-61.541171703104716,15.566573829637944,200.0,200.0,U
12972,-61.54147593935843,15.566136864725447,200.0,200.0,U
12973,-61.54222634035676,15.56829979008629,200.0,200.0,U
12974,-61.541925679958965,15.568346810136303,200.0,200.0,U
12975,-61.54213937968197,15.570358045386588,200.0,200.0,U
12976,-61.540048597255506,15.566116058504258,200.0,200.0,U
12977,-61.540976460254925,15.567349171740073,200.0,200.0,U
12978,-61.54056314561552,15.567852016848134,200.0,200.0,U
12979,-61.540754598538015,15.566931293224172,200.0,200.0,U
12980,-61.541802327939855,15.568469948058613,200.0,200.0,U
12981,-61.540871215921264,15.566910649174769,200.0,200.0,U
12982,-61.54237438205371,15.566868970269248,200.0,200.0,U
12983,-61.54140161396613,15.566879593584511,200.0,200.0,U
12984,-61.54072450804066,15.566570272828399,200.0,200.0,U
12985,-61.545727873207305,15.564162071063059,200.0,200.0,U
12986,-61.538573496906864,15.56749939201176,200.0,200.0,U
12987,-61.54154345484421,15.568047740020758,200.0,200.0,U
12988,-61.5425450407137,15.567273882762622,200.0,200.0,U
12989,-61.54594112297997,15.56806579156555,200.0,200.0,U
12990,-61.54177269723129,15.567387042315595,200.0,200.0,U
12991,-61.54172623423658,15.567638869386233,200.0,200.0,U
12992,-61.53981967716356,15.564031117336823,200.0,200.0,U
12993,-61.540038583455406,15.566731940865603,200.0,200.0,U
12994,-61.539287838911136,15.565690811980508,200.0,200.0,U
12995,-61.54177509305319,15.566558482765036,200.0,200.0,U
12996,-61.541295851223005,15.5666809054782,200.0,200.0,U
12997,-61.54160882642181,15.567439772244331,200.0,200.0,U
12998,-61.540643094057344,15.567123041684935,200.0,200.0,U
12999,-61.54079601464472,15.56731054933008,200.0,200.0,U
13000,-61.541302307421525,15.566956238511187,200.0,200.0,U
13001,-61.540763160818294,15.569808270203037,200.0,200.0,U
13002,-61.541335704743766,15.566960023638075,200.0,200.0,U
13003,-61.539815730043884,15.567188801427255,200.0,200.0,U
13004,-61.541084290416585,15.56774440985701,200.0,200.0,U
13005,-61.54284428936737,15.566007435638152,200.0,200.0,U
13006,-61.53871054997915,15.567768316364464,200.0,200.0,U
13007,-61.54033043526215,15.56499807911278,200.0,200.0,U
13008,-61.539599352610374,15.565464019092817,200.0,200.0,U
13009,-61.540710184905464,15.565676729073244,200.0,200.0,U
13010,-61.541660091585804,15.566759017168161,200.0,200.0,U
13011,-61.540891294352875,15.567601851285994,200.0,200.0,U
13012,-61.540551443785304,15.566407383992377,200.0,200.0,U
13013,-61.540998609251105,15.565402314856494,200.0,200.0,U
13014,-61.54107809735685,15.566720852761517,200.0,200.0,U
13015,-61.538439185864874,15.567033078636065,200.0,200.0,U
13016,-61.54191877462377,15.565557137821084,200.0,200.0,U
13017,-61.539443252289416,15.564263520596283,200.0,200.0,U
13018,-61.54153549284005,15.566757188367161,200.0,200.0,U
13019,-61.54274345822063,15.568859422232524,200.0,200.0,U
13020,-61.54522380206508,15.56788483178498,200.0,200.0,U
13021,-61.54215358938359,15.565451513061893,200.0,200.0,U
13022,-61.53988718010614,15.567497440087232,200.0,200.0,U
13023,-61.54210757960331,15.567437291255905,200.0,200.0,U
13024,-61.5407687177573,15.567849753640836,200.0,200.0,U
13025,-61.54154279390449,15.56539856767699,200.0,200.0,U
13026,-61.54134112406758,15.56670707378298,200.0,200.0,U
13027,-61.54264490911349,15.56585079366467,200.0,200.0,U
13028,-61.53864770415969,15.565755816499028,200.0,200.0,U
13029,-61.53926038208424,15.563260167847563,200.0,200.0,U
13030,-61.54068324444327,15.566305675730419,200.0,200.0,U
13031,-61.539087755501946,15.567751588017284,200.0,200.0,U
13032,-61.541495839103156,15.565907308466226,200.0,200.0,U
13033,-61.541744774097786,15.567253107412368,200.0,200.0,U
13034,-61.54143059036133,15.567464015970607,200.0,200.0,U
13035,-61.54017321413944,15.565445488147304,200.0,200.0,U
13036,-61.54119844671,15.566447041848248,200.0,200.0,U
13037,-61.54263204708729,15.567613937730972,200.0,200.0,U
13038,-61.54475384702647,15.564240013255072,200.0,200.0,U
13039,-61.54163055328482,15.567721469452028,200.0,200.0,U
13040,-61.53919486446552,15.563929725023065,200.0,200.0,U
13041,-61.543681411620504,15.5674836051074,200.0,200.0,U
13042,-61.540874843943534,15.566827504132744,200.0,200.0,U
13043,-61.54102910811279,15.563243354360948,200.0,200.0,U
13044,-61.54154958422265,15.566913506903752,200.0,200.0,U
13045,-61.54082704668558,15.566434292334057,200.0,200.0,U
13046,-61.5417383071467,15.566002060258405,200.0,200.0,U
13047,-61.54614541526271,15.56719622428706,200.0,200.0,U
13048,-61.54095534145077,15.563702131547954,200.0,200.0,U
13049,-61.54115805294008,15.568163095277491,200.0,200.0,U
13050,-61.541166977398746,15.566350830845467,200.0,200.0,U
13051,-61.542939945750625,15.567690563723842,200.0,200.0,U
13052,-61.54187795984209,15.566711226484184,200.0,200.0,U
13053,-61.54232602471471,15.5651156230373,200.0,200.0,U
13054,-61.540861413240265,15.567046161960183,200.0,200.0,U
13055,-61.53921147584273,15.565605362606714,200.0,200.0,U
13056,-61.54158008719199,15.566048700245439,200.0,200.0,U
13057,-61.54197163831581,15.566433576811361,200.0,200.0,U
13058,-61.542382203812465,15.566864917997684,200.0,200.0,U
13059,-61.540913006227186,15.565286758975189,200.0,200.0,U
13060,-61.54395185416744,15.567068341600327,200.0,200.0,U
13061,-61.54116349443452,15.566471060192699,200.0,200.0,U
13062,-61.54243129491695,15.565523472098366,200.0,200.0,U
13063,-61.5412691293365,15.566194646727755,200.0,200.0,U
13064,-61.540315015967884,15.568357763303897,200.0,200.0,U
13065,-61.53847092280366,15.563986394414878,200.0,200.0,U
13066,-61.53860510988965,15.567326210652766,200.0,200.0,U
13067,-61.540558063280045,15.56680667557285,200.0,200.0,U
13068,-61.542068258568214,15.566199724627612,200.0,200.0,U
13069,-61.54151006808164,15.566019660927699,200.0,200.0,U
13070,-61.54059555992237,15.566036839945115,200.0,200.0,U
13071,-61.541299445919115,15.565992700234661,200.0,200.0,U
13072,-61.54207668837676,15.567327626600314,200.0,200.0,U
13073,-61.54192245884485,15.566407171718547,200.0,200.0,U
13074,-61.542025194409035,15.565861383825366,200.0,200.0,U
13075,-61.54172408590173,15.566937731275202,200.0,200.0,U
13076,-61.541345588225845,15.566933642209353,200.0,200.0,U
13077,-61.54111586285145,15.565948691534029,200.0,200.0,U
13078,-61.541160023218936,15.566317940197017,200.0,200.0,U
13079,-61.541093123872805,15.568953311491093,200.0,200.0,U
13080,-61.54103021944516,15.565968915871126,200.0,200.0,U
13081,-61.541298202644924,15.566173163546933,200.0,200.0,U
13082,-61.540675230462526,15.565368439398153,200.0,200.0,U
13083,-61.540283798937985,15.566669478703085,200.0,200.0,U
13084,-61.54012098622475,15.565089718671645,200.0,200.0,U
13085,-61.54115078429502,15.566371596698174,200.0,200.0,U
13086,-61.54127901892464,15.566341880652589,200.0,200.0,U
13087,-61.54043437478736,15.565381669368362,200.0,200.0,U
13088,-61.54079730208192,15.566701814574477,200.0,200.0,U
13089,-61.54095113846212,15.566290541138061,200.0,200.0,U
13090,-61.54073052128975,15.566680689058565,200.0,200.0,U
13091,-61.540947337620814,15.566383048888119,200.0,200.0,U
13092,-61.54153764264286,15.566085699250129,200.0,200.0,U
13093,-61.53996730786457,15.566847246729077,200.0,200.0,U
13094,-61.541050083999856,15.56634104731943,200.0,200.0,U
13095,-61.54039803064292,15.565571702618264,200.0,200.0,U
13096,-61.54198103166254,15.567130784735816,200.0,200.0,U
13097,-61.54283892095772,15.566389733388323,200.0,200.0,U
13098,-61.54228284840522,15.567083511231933,200.0,200.0,U
13099,-61.54392418726181,15.56693308380527,200.0,200.0,U
13100,-61.54093718487297,15.565415839804041,200.0,200.0,U
13101,-61.54001186041095,15.566407722369503,200.0,200.0,U
13102,-61.53948364129506,15.565963366589925,200.0,200.0,U
13103,-61.54258931794041,15.563223422122643,200.0,200.0,U
13104,-61.54091636271591,15.567307247132526,200.0,200.0,U
13105,-61.54069983366409,15.566423327696619,200.0,200.0,U
13106,-61.541327166121086,15.565943406639628,200.0,200.0,U
13107,-61.540252910431896,15.567238529686323,200.0,200.0,U
13108,-61.53963473058454,15.565651427732094,200.0,200.0,U
13109,-61.54494793438739,15.567564177855772,200.0,200.0,U
13110,-61.5397167506451,15.565844359140849,200.0,200.0,U
13111,-61.54085206819241,15.564562233589344,200.0,200.0,U
13112,-61.541652176922504,15.566969315283762,200.0,200.0,U
13113,-61.54088207981157,15.565797963552098,200.0,200.0,U
13114,-61.53809964540469,15.56772360573239,200.0,200.0,U
13115,-61.541060694698075,15.566211233716318,200.0,200.0,U
13116,-61.54112078945194,15.56419219733631,200.0,200.0,U
13117,-61.541509697357135,15.5640443449772,200.0,200.0,U
13118,-61.54197247962559,15.566120972471607,200.0,200.0,U
13119,-61.543132807002664,15.566082507007549,200.0,200.0,U
13120,-61.541904965207166,15.568716046902203,200.0,200.0,U
13121,-61.541722066336824,15.56865729716758,200.0,200.0,U
13122,-61.54068298681528,15.566287999324695,200.0,200.0,U
13123,-61.54140307781007,15.567370624874796,200.0,200.0,U
13124,-61.5384604176072,15.566212968655778,200.0,200.0,U
13125,-61.53880338946271,15.566189041794374,200.0,200.0,U
13126,-61.54110492129032,15.566512741802246,200.0,200.0,U
13127,-61.54144888413295,15.566253583429003,200.0,200.0,U
13128,-61.5384647911053,15.568188582390986,200.0,200.0,U
13129,-61.54207917808407,15.567545989769087,200.0,200.0,U
13130,-61.54050483887302,15.567811711755116,200.0,200.0,U
13131,-61.53961259298966,15.565201121070917,200.0,200.0,U
13132,-61.53939593526197,15.567676994745531,200.0,200.0,U
13133,-61.543385608693335,15.563990555021855,200.0,200.0,U
13134,-61.540256524297725,15.568780195378888,200.0,200.0,U
13135,-61.54041582053362,15.565681930098792,200.0,200.0,U
13136,-61.538830927836024,15.566167558058783,200.0,200.0,U
13137,-61.539341134268206,15.56565746765003,200.0,200.0,U
13138,-61.541192874320686,15.566083965547238,200.0,200.0,U
13139,-61.54040576387455,15.567977388872174,200.0,200.0,U
13140,-61.541633090889675,15.566343286935345,200.0,200.0,U
13141,-61.53976315460281,15.565895061648215,200.0,200.0,U
13142,-61.541412697428306,15.566804675411783,200.0,200.0,U
13143,-61.54094623865698,15.566043405126598,200.0,200.0,U
13144,-61.54034488882474,15.5671353543805,200.0,200.0,U
13145,-61.54048336032832,15.567122642317559,200.0,200.0,U
13146,-61.5411063038433,15.565905635984066,200.0,200.0,U
13147,-61.54376818946382,15.565096031118461,200.0,200.0,U
13148,-61.54047088133219,15.567385987470704,200.0,200.0,U
13149,-61.5406161488434,15.566278772835812,200.0,200.0,U
13150,-61.54144024521231,15.565682507356184,200.0,200.0,U
13151,-61.53877833791717,15.564568186891462,200.0,200.0,U
13152,-61.540963566647164,15.566131267143495,200.0,200.0,U
13153,-61.540808516525026,15.564719672500093,200.0,200.0,U
13154,-61.54034523977422,15.56494517452253,200.0,200.0,U
13155,-61.541035251038736,15.565451067499874,200.0,200.0,U
13156,-61.54492812937054,15.567764591321442,200.0,200.0,U
13157,-61.54004510480148,15.56455680808836,200.0,200.0,U
13158,-61.5398966600311,15.567273166296415,200.0,200.0,U
13159,-61.54181940761394,15.56652769976164,200.0,200.0,U
13160,-61.54380743205763,15.567973299289068,200.0,200.0,U
13161,-61.538120550432325,15.565016313502836,200.0,200.0,U
13162,-61.54119408433339,15.566334159572413,200.0,200.0,U
13163,-61.54179773848887,15.567161726369159,200.0,200.0,U
13164,-61.541566685905984,15.565915342022876,200.0,200.0,U
13165,-61.53929899961939,15.568608340934423,200.0,200.0,U
13166,-61.540203437028005,15.5663248880574,200.0,200.0,U
13167,-61.54135411347231,15.565647464350784,200.0,200.0,U
13168,-61.541107338689265,15.565274893777904,200.0,200.0,U
13169,-61.54008701953907,15.565471434773666,200.0,200.0,U
13170,-61.541479150723426,15.561785312128052,200.0,200.0,U
13171,-61.54184875835679,15.565125645443414,200.0,200.0,U
13172,-61.54137962738928,15.565525452092611,200.0,200.0,U
13173,-61.5407466004142,15.566154020477592,200.0,200.0,U
13174,-61.541835800861364,15.566688287965968,200.0,200.0,U
13175,-61.54171759787925,15.563911221293827,200.0,200.0,U
13176,-61.54090462739134,15.566396140081816,200.0,200.0,U
13177,-61.5410338490554,15.565588848116745,200.0,200.0,U
13178,-61.54041881973323,15.565470582576937,200.0,200.0,U
13179,-61.53849060066422,15.568344890126278,200.0,200.0,U
13180,-61.5411127181322,15.567447003399833,200.0,200.0,U
13181,-61.53813912923697,15.566393902180586,200.0,200.0,U
13182,-61.54067277631213,15.56590571904317,200.0,200.0,U
13183,-61.53938838229402,15.566801102113962,200.0,200.0,U
13184,-61.54163130242112,15.563943539948204,200.0,200.0,U
13185,-61.54074928945425,15.567217088030985,200.0,200.0,U
13186,-61.54001889490186,15.5644291908578,200.0,200.0,U
13187,-61.54177169180294,15.56516893711305,200.0,200.0,U
13188,-61.54108210153325,15.563935696746206,200.0,200.0,U
13189,-61.540878653476824,15.565761984278021,200.0,200.0,U
13190,-61.54112983619127,15.565589847610507,200.0,200.0,U
13191,-61.541253690335665,15.565837536319542,200.0,200.0,U
13192,-61.541024659527956,15.565015201543062,200.0,200.0,U
13193,-61.539569082762334,15.564979930138623,200.0,200.0,U
13194,-61.53993604738008,15.566766868414245,200.0,200.0,U
13195,-61.539237780122335,15.56575956247305,200.0,200.0,U
13196,-61.541097821611984,15.565766671174385,200.0,200.0,U
13197,-61.540257080593854,15.566278791019592,200.0,200.0,U
13198,-61.54063879472275,15.565643511894278,200.0,200.0,U
13199,-61.54080448997576,15.565749353818445,200.0,200.0,U
13200,-61.5417672283513,15.564073557751534,200.0,200.0,U
13201,-61.540509889367314,15.5677605704048,200.0,200.0,U
13202,-61.5433837041765,15.567008381428078,200.0,200.0,U
13203,-61.54083469530463,15.567236645485709,200.0,200.0,U
13204,-61.54159417055147,15.565882317126626,200.0,200.0,U
13205,-61.54135817619371,15.567461728873738,200.0,200.0,U
13206,-61.540769985867776,15.564409476185045,200.0,200.0,U
13207,-61.54138389050972,15.566410082308934,200.0,200.0,U
13208,-61.54278522539768,15.56620939308,200.0,200.0,U
13209,-61.54078589184036,15.565762468049424,200.0,200.0,U
13210,-61.539801360931854,15.565520981802267,200.0,200.0,U
13211,-61.54042425932317,15.565593849000422,200.0,200.0,U
13212,-61.539513371530475,15.563428724882582,200.0,200.0,U
13213,-61.5395119387898,15.566205927120324,200.0,200.0,U
13214,-61.538179426621284,15.565507837419618,200.0,200.0,U
13215,-61.53971807757235,15.568250695765343,200.0,200.0,U
13216,-61.54123338566834,15.565854199436103,200.0,200.0,U
13217,-61.54059992990073,15.565853643037988,200.0,200.0,U
13218,-61.54190552783468,15.566083425047308,200.0,200.0,U
13219,-61.53944196422483,15.562988896528752,200.0,200.0,U
13220,-61.54452949121838,15.566755354679374,200.0,200.0,U
13221,-61.540735513941506,15.565626371611254,200.0,200.0,U
13222,-61.5383708139687,15.566088963375513,200.0,200.0,U
13223,-61.543261704754784,15.566279534972686,200.0,200.0,U
13224,-61.54078527420435,15.56724229555568,200.0,200.0,U
13225,-61.540074201007144,15.5662632746633,200.0,200.0,U
13226,-61.537928388549474,15.566561612481228,200.0,200.0,U
13227,-61.5407992659395,15.563986795136243,200.0,200.0,U
13228,-61.540586059561505,15.565889189999154,200.0,200.0,U
13229,-61.54107853883298,15.566210285532652,200.0,200.0,U
13230,-61.54088138595125,15.565359099903414,200.0,200.0,U
13231,-61.53950576688353,15.565314720984626,200.0,200.0,U
13232,-61.53825442507014,15.566662630691388,200.0,200.0,U
13233,-61.540479205275105,15.565472220976382,200.0,200.0,U
13234,-61.54015192583691,15.56519772180123,200.0,200.0,U
13235,-61.54060877405101,15.565584125327685,200.0,200.0,U
13236,-61.54083492562558,15.563610003106964,200.0,200.0,U
13237,-61.5403311604189,15.566921904156056,200.0,200.0,U
13238,-61.540211891782945,15.56416297916253,200.0,200.0,U
13239,-61.540086660608715,15.564560491077215,200.0,200.0,U
13240,-61.54142897543416,15.565096689435178,200.0,200.0,U
13241,-61.54019331041671,15.565435025252969,200.0,200.0,U
13242,-61.54053412732984,15.565674836292775,200.0,200.0,U
13243,-61.53995967376563,15.565556649889745,200.0,200.0,U
13244,-61.54070837594235,15.565535946592647,200.0,200.0,U
13245,-61.54040455461949,15.565013216544163,200.0,200.0,U
13246,-61.542035418341996,15.566532583850826,200.0,200.0,U
13247,-61.542171925670246,15.563696039745746,200.0,200.0,U
13248,-61.53889567795472,15.563459636096614,200.0,200.0,U
13249,-61.54072373956051,15.565564249267048,200.0,200.0,U
13250,-61.53969037498702,15.567105353135267,200.0,200.0,U
13251,-61.540045988949274,15.565941598415574,200.0,200.0,U
13252,-61.541742480705004,15.566210402009816,200.0,200.0,U
13253,-61.541626808900986,15.568025111305618,200.0,200.0,U
13254,-61.54122450319024,15.566841225669538,200.0,200.0,U
13255,-61.537498971637724,15.563441991015265,200.0,200.0,U
13256,-61.53953979241204,15.564644230864594,200.0,200.0,U
13257,-61.54056699338132,15.56698501651713,200.0,200.0,U
13258,-61.54116063356263,15.567205076429415,200.0,200.0,U
13259,-61.54187172196363,15.567211837516547,200.0,200.0,U
13260,-61.541522031724334,15.564489657792699,200.0,200.0,U
13261,-61.54112405953092,15.564032009078844,200.0,200.0,U
13262,-61.53973321420847,15.565472574678072,200.0,200.0,U
13263,-61.54030839468257,15.56805929312216,200.0,200.0,U
13264,-61.54065818945765,15.565436452610031,200.0,200.0,U
13265,-61.54206848343785,15.564445769372627,200.0,200.0,U
13266,-61.54029427467286,15.56420788834036,200.0,200.0,U
13267,-61.540183810159135,15.565813812255701,200.0,200.0,U
13268,-61.53964383670975,15.566067752842722,200.0,200.0,U
13269,-61.541142806918785,15.565679046576895,200.0,200.0,U
13270,-61.54113900952254,15.56592505294693,200.0,200.0,U
13271,-61.539122841784376,15.565865865576608,200.0,200.0,U
13272,-61.54067237676959,15.565373492659559,200.0,200.0,U
13273,-61.54030014095293,15.565273050279252,200.0,200.0,U
13274,-61.538815535260724,15.565013093619381,200.0,200.0,U
13275,-61.54028919704662,15.566775293167021,200.0,200.0,U
13276,-61.540024407274075,15.565652439612599,200.0,200.0,U
13277,-61.53908127018848,15.565363308499755,200.0,200.0,U
13278,-61.541725664853494,15.56747268774453,200.0,200.0,U
13279,-61.540697546985875,15.564702888922456,200.0,200.0,U
13280,-61.54102050612503,15.566082849327762,200.0,200.0,U
13281,-61.541436948402136,15.564635413089071,200.0,200.0,U
13282,-61.53926446245113,15.5669782146415,200.0,200.0,U
13283,-61.5398793289536,15.56352611870712,200.0,200.0,U
13284,-61.5402018671065,15.56472074092476,200.0,200.0,U
13285,-61.54057412820745,15.564740130466255,200.0,200.0,U
13286,-61.54035648336638,15.56456211734656,200.0,200.0,U
13287,-61.542515580082835,15.564916776715817,200.0,200.0,U
13288,-61.54114354189547,15.565093097702556,200.0,200.0,U
13289,-61.538366331959715,15.56601556105758,200.0,200.0,U
13290,-61.53829618856498,15.565406024635458,200.0,200.0,U
13291,-61.54071683150595,15.56494084189696,200.0,200.0,U
13292,-61.54064587543253,15.563353574739745,200.0,200.0,U
13293,-61.5397825495258,15.563224170530598,200.0,200.0,U
13294,-61.54089097668439,15.565149793823565,200.0,200.0,U
13295,-61.543873782027944,15.566672762525423,200.0,200.0,U
13296,-61.539762449752445,15.564602914390491,200.0,200.0,U
13297,-61.53899364018403,15.56475207147625,200.0,200.0,U
13298,-61.54221524242612,15.566704443212245,200.0,200.0,U
13299,-61.542957082295466,15.566583594080852,200.0,200.0,U
13300,-61.53938518406062,15.564919889408959,200.0,200.0,U
13301,-61.53988746828302,15.566410600394269,200.0,200.0,U
13302,-61.54096139869206,15.565854622205027,200.0,200.0,U
13303,-61.542766750157746,15.564329806986194,200.0,200.0,U
13304,-61.54367263022433,15.565210804689796,200.0,200.0,U
13305,-61.53982777738597,15.56463114399162,200.0,200.0,U
13306,-61.5394383100627,15.565737712279658,200.0,200.0,U
13307,-61.54137047643753,15.56471931026916,200.0,200.0,U
13308,-61.54371700988775,15.565778593964511,200.0,200.0,U
13309,-61.54092444635891,15.56514878387158,200.0,200.0,U
13310,-61.540366121794335,15.565592560936464,200.0,200.0,U
13311,-61.539726230261536,15.566987854693501,200.0,200.0,U
13312,-61.53821171495372,15.563386018700893,200.0,200.0,U
13313,-61.53988625071902,15.567741184226454,200.0,200.0,U
13314,-61.53886553516308,15.563856548757585,200.0,200.0,U
13315,-61.53827457984583,15.567240535182428,200.0,200.0,U
13316,-61.5410219353865,15.564859338754461,200.0,200.0,U
13317,-61.54022575837676,15.565470724813062,200.0,200.0,U
13318,-61.540232244912694,15.566697934454536,200.0,200.0,U
13319,-61.540534023934136,15.564338044365597,200.0,200.0,U
13320,-61.539560603190274,15.566043865882813,200.0,200.0,U
13321,-61.5392191643172,15.566209193659432,200.0,200.0,U
13322,-61.53703650975604,15.564682375858723,200.0,200.0,U
13323,-61.537817465262904,15.566006697055055,200.0,200.0,U
13324,-61.54032997340082,15.564804133175441,200.0,200.0,U
13325,-61.543436427945494,15.564151603017121,200.0,200.0,U
13326,-61.540105471408815,15.565134758786117,200.0,200.0,U
13327,-61.5405225360605,15.565144601001743,200.0,200.0,U
13328,-61.54070866433293,15.56419095333543,200.0,200.0,U
13329,-61.53886165831711,15.5652312255528,200.0,200.0,U
13330,-61.54059274057425,15.56501252400028,200.0,200.0,U
13331,-61.54486571645397,15.56745711755096,200.0,200.0,U
13332,-61.53953138405436,15.56680839604496,200.0,200.0,U
13333,-61.539315180204646,15.565079416497026,200.0,200.0,U
13334,-61.54215334131415,15.562129472545267,200.0,200.0,U
13335,-61.54021082839553,15.564362297296219,200.0,200.0,U
13336,-61.54040793564511,15.565141203913091,200.0,200.0,U
13337,-61.54037619980127,15.565357908136935,200.0,200.0,U
13338,-61.540870551957006,15.565699856770552,200.0,200.0,U
13339,-61.54232642194948,15.565377287215762,200.0,200.0,U
13340,-61.540336499196016,15.565197775392786,200.0,200.0,U
13341,-61.54226418138558,15.564896662553467,200.0,200.0,U
13342,-61.54087988225413,15.565314528451374,200.0,200.0,U
13343,-61.53867917064289,15.565032298589447,200.0,200.0,U
13344,-61.540593960574114,15.56544787416599,200.0,200.0,U
13345,-61.540723291613745,15.56684709493468,200.0,200.0,U
13346,-61.53773475717998,15.565226171844134,200.0,200.0,U
13347,-61.539353750599595,15.563355804234053,200.0,200.0,U
13348,-61.540246081577095,15.565272923457407,200.0,200.0,U
13349,-61.54107227800848,15.56622314651323,200.0,200.0,U
13350,-61.540668838990555,15.564486072817644,200.0,200.0,U
13351,-61.54146046984505,15.566844284390884,200.0,200.0,U
13352,-61.539900091157186,15.565419910754773,200.0,200.0,U
13353,-61.540591242425045,15.564895095603024,200.0,200.0,U
13354,-61.53937327028214,15.564354112032843,200.0,200.0,U
13355,-61.54086332643694,15.5634523009944,200.0,200.0,U
13356,-61.540589193916475,15.56486358066756,200.0,200.0,U
13357,-61.53993751686201,15.566194731661414,200.0,200.0,U
13358,-61.538050247273716,15.566776640248694,200.0,200.0,U
13359,-61.540771773311086,15.566396134574571,200.0,200.0,U
13360,-61.53731399737533,15.564216918927077,200.0,200.0,U
13361,-61.54084462942586,15.563868082605456,200.0,200.0,U
13362,-61.54011631237674,15.563630730830546,200.0,200.0,U
13363,-61.541572406857384,15.565331454414062,200.0,200.0,U
13364,-61.540129585307874,15.564119212509041,200.0,200.0,U
13365,-61.54050380418352,15.565296323355193,200.0,200.0,U
13366,-61.54054435236,15.565049446142313,200.0,200.0,U
13367,-61.540226056096024,15.564722928029079,200.0,200.0,U
13368,-61.54153360717389,15.569206526980697,200.0,200.0,U
13369,-61.54055544487783,15.564609137788242,200.0,200.0,U
13370,-61.540761803514286,15.564773968313652,200.0,200.0,U
13371,-61.54065574592925,15.564569713824827,200.0,200.0,U
13372,-61.5407518449884,15.566025344362892,200.0,200.0,U
13373,-61.54193867332061,15.566633634696759,200.0,200.0,U
13374,-61.5408506324783,15.564954172310017,200.0,200.0,U
13375,-61.542029144077524,15.56537732570108,200.0,200.0,U
13376,-61.54006196768389,15.564852160664866,200.0,200.0,U
13377,-61.54027361858939,15.56537705596097,200.0,200.0,U
13378,-61.543781100504226,15.566691588316623,200.0,200.0,U
13379,-61.54194825075168,15.565195342729885,200.0,200.0,U
13380,-61.54066193587519,15.56506418069929,200.0,200.0,U
13381,-61.53854400584194,15.563931115103601,200.0,200.0,U
13382,-61.54135890852628,15.564761516187987,200.0,200.0,U
13383,-61.540338999458456,15.56524151518949,200.0,200.0,U
13384,-61.54091580849009,15.565639864131711,200.0,200.0,U
13385,-61.53914872180595,15.56883656495885,200.0,200.0,U
13386,-61.54033298878262,15.563887974118952,200.0,200.0,U
13387,-61.54131690179618,15.565611276921448,200.0,200.0,U
13388,-61.54190221956792,15.56560787608333,200.0,200.0,U
13389,-61.54125441945843,15.563624914380917,200.0,200.0,U
13390,-61.54031486399696,15.564645030710667,200.0,200.0,U
13391,-61.54041549165136,15.564430725474486,200.0,200.0,U
13392,-61.539244228610215,15.564801993160415,200.0,200.0,U
13393,-61.54047961922728,15.565513693365743,200.0,200.0,U
13394,-61.54059349855276,15.56454374011673,200.0,200.0,U
13395,-61.54185294948498,15.56531637041663,200.0,200.0,U
13396,-61.53914343565595,15.56568519823176,200.0,200.0,U
13397,-61.53829551519452,15.564908689302731,200.0,200.0,U
13398,-61.539278232509595,15.56704028424062,200.0,200.0,U
13399,-61.542273184414505,15.564560734036279,200.0,200.0,U
13400,-61.53814087233033,15.566184202624324,200.0,200.0,U
13401,-61.53986002718998,15.564923237555664,200.0,200.0,U
13402,-61.537887862967175,15.56537774772306,200.0,200.0,U
13403,-61.53943905578564,15.565041682065008,200.0,200.0,U
13404,-61.54095646026756,15.565942781950506,200.0,200.0,U
13405,-61.540982436861285,15.564708683135612,200.0,200.0,U
13406,-61.53841808771354,15.563134941788034,200.0,200.0,U
13407,-61.537478844759825,15.562209306171404,200.0,200.0,U
13408,-61.54218002628823,15.56457959371403,200.0,200.0,U
13409,-61.539294647917046,15.56252830428538,200.0,200.0,U
13410,-61.5423835242867,15.563669162449868,200.0,200.0,U
13411,-61.541877766116066,15.564501068722816,200.0,200.0,U
13412,-61.54080815368114,15.565487290978108,200.0,200.0,U
13413,-61.540333472673346,15.564791414859835,200.0,200.0,U
13414,-61.539681729626686,15.563714194588416,200.0,200.0,U
13415,-61.54077212058498,15.566253797327821,200.0,200.0,U
13416,-61.53967335650391,15.564830884212837,200.0,200.0,U
13417,-61.54127145395773,15.566326867796525,200.0,200.0,U
13418,-61.540717143071795,15.565371357498229,200.0,200.0,U
13419,-61.53978489600471,15.564565378345668,200.0,200.0,U
13420,-61.5402595491691,15.56429597093193,200.0,200.0,U
13421,-61.54044361917497,15.564202316014553,200.0,200.0,U
13422,-61.542347042721254,15.566163415007805,200.0,200.0,U
13423,-61.547286620542685,15.562492124264471,200.0,200.0,U
13424,-61.5403195418746,15.564679421322323,200.0,200.0,U
13425,-61.54049132656108,15.562919581277688,200.0,200.0,U
13426,-61.537748482987624,15.564859990183328,200.0,200.0,U
13427,-61.54105195994856,15.566362956310424,200.0,200.0,U
13428,-61.541004659312385,15.565360246389572,200.0,200.0,U
13429,-61.53920663839119,15.564412028183717,200.0,200.0,U
13430,-61.54025978203507,15.564823854321572,200.0,200.0,U
13431,-61.54161852263661,15.565104509796518,200.0,200.0,U
13432,-61.53929095314473,15.562976812255176,200.0,200.0,U
13433,-61.540768281653015,15.56350373990129,200.0,200.0,U
13434,-61.54026579956539,15.564250199224622,200.0,200.0,U
13435,-61.540396732875465,15.564699339161303,200.0,200.0,U
13436,-61.540941393329454,15.564580478684162,200.0,200.0,U
13437,-61.54135403652472,15.564710136480649,200.0,200.0,U
13438,-61.540834069916045,15.564921384544446,200.0,200.0,U
13439,-61.53962373138661,15.565333294530978,200.0,200.0,U
13440,-61.53882232904253,15.56513928812692,200.0,200.0,U
13441,-61.53969892760716,15.565018823210993,200.0,200.0,U
13442,-61.54028049660905,15.565040943518191,200.0,200.0,U
13443,-61.538399942531605,15.564157555166137,200.0,200.0,U
13444,-61.53899514899796,15.56626000731801,200.0,200.0,U
13445,-61.540612319978756,15.564411609706314,200.0,200.0,U
13446,-61.54024014766375,15.564289127560441,200.0,200.0,U
13447,-61.540577739750844,15.564800850906462,200.0,200.0,U
13448,-61.5396462327999,15.561636983968038,200.0,200.0,U
13449,-61.543056337571855,15.5663901105653,200.0,200.0,U
13450,-61.541247731500796,15.562745111056055,200.0,200.0,U
13451,-61.537838435799,15.564863289357426,200.0,200.0,U
13452,-61.54033493083074,15.564432719696118,200.0,200.0,U
13453,-61.53950556866986,15.564920304414562,200.0,200.0,U
13454,-61.540220687223425,15.564706239500508,200.0,200.0,U
13455,-61.54008217225934,15.565330643879625,200.0,200.0,U
13456,-61.53895259187968,15.566205213179051,200.0,200.0,U
13457,-61.53986978619395,15.560751917320637,200.0,200.0,U
13458,-61.54005825434417,15.56449775213815,200.0,200.0,U
13459,-61.54020005330439,15.563761742583253,200.0,200.0,U
13460,-61.539470859550335,15.565355123681123,200.0,200.0,U
13461,-61.53680073708027,15.5633322439795,200.0,200.0,U
13462,-61.54035928945709,15.564634360346464,200.0,200.0,U
13463,-61.54082496082535,15.564202612406602,200.0,200.0,U
13464,-61.53904581550455,15.568550515930596,200.0,200.0,U
13465,-61.5388189162969,15.565346388225233,200.0,200.0,U
13466,-61.54110134626166,15.565039301562232,200.0,200.0,U
13467,-61.53909600774603,15.56489646324086,200.0,200.0,U
13468,-61.54078454216833,15.565837528722769,200.0,200.0,U
13469,-61.538634731137655,15.563910210449293,200.0,200.0,U
13470,-61.54066763316003,15.566089654524442,200.0,200.0,U
13471,-61.536524779343324,15.567294678809914,200.0,200.0,U
13472,-61.543248057623856,15.563223407030895,200.0,200.0,U
13473,-61.54038503889868,15.564842879759835,200.0,200.0,U
13474,-61.54200168737165,15.565112197774761,200.0,200.0,U
13475,-61.54043353863321,15.564419142493765,200.0,200.0,U
13476,-61.53936997842224,15.563599585829595,200.0,200.0,U
13477,-61.53887523758291,15.561715924433436,200.0,200.0,U
13478,-61.54263957712691,15.562423931974891,200.0,200.0,U
13479,-61.54078831148318,15.565799209004878,200.0,200.0,U
13480,-61.541307346150745,15.565306209865081,200.0,200.0,U
13481,-61.54055346178934,15.56458920217739,200.0,200.0,U
13482,-61.54029588967482,15.564618963947789,200.0,200.0,U
13483,-61.5372217454615,15.567591746107874,200.0,200.0,U
13484,-61.53979199960497,15.565739105278485,200.0,200.0,U
13485,-61.542115596922955,15.56406180648178,200.0,200.0,U
13486,-61.54111941585281,15.564003131545515,200.0,200.0,U
13487,-61.539487824819076,15.564895249509568,200.0,200.0,U
13488,-61.54005871270954,15.56419013368878,200.0,200.0,U
13489,-61.54029914366117,15.563511108204205,200.0,200.0,U
13490,-61.54017726620167,15.56346859938699,200.0,200.0,U
13491,-61.54139311276806,15.564076054487469,200.0,200.0,U
13492,-61.54097755360798,15.5645245218622,200.0,200.0,U
13493,-61.539620868379025,15.564884316551487,200.0,200.0,U
13494,-61.53936041421712,15.565424577757184,200.0,200.0,U
13495,-61.54212066340149,15.564204671483148,200.0,200.0,U
13496,-61.541032053294835,15.564550100906901,200.0,200.0,U
13497,-61.54063975727159,15.564753296261564,200.0,200.0,U
13498,-61.54051278114058,15.564096674104903,200.0,200.0,U
13499,-61.539831970096486,15.565362760968895,200.0,200.0,U
13500,-61.54012263781333,15.565721395467166,200.0,200.0,U
13501,-61.54010777046993,15.564671514740825,200.0,200.0,U
13502,-61.54068895169757,15.564330513080362,200.0,200.0,U
13503,-61.54026436707884,15.564485275848622,200.0,200.0,U
13504,-61.54001508072342,15.564561612256744,200.0,200.0,U
13505,-61.53750428108401,15.564527747246741,200.0,200.0,U
13506,-61.53988630689026,15.564576358064627,200.0,200.0,U
13507,-61.53614152931021,15.563751745000861,200.0,200.0,U
13508,-61.53963695728701,15.564447958875474,200.0,200.0,U
13509,-61.540741438127625,15.564639341020081,200.0,200.0,U
13510,-61.539888079065136,15.561400190286019,200.0,200.0,U
13511,-61.539569526322175,15.564282949354947,200.0,200.0,U
13512,-61.53882898037041,15.566586512392666,200.0,200.0,U
13513,-61.53532339485652,15.566376480211947,200.0,200.0,U
13514,-61.53990888425567,15.56417767966295,200.0,200.0,U
13515,-61.540192400157224,15.564219975369486,200.0,200.0,U
13516,-61.53985441234598,15.564680018274808,200.0,200.0,U
13517,-61.54156376262046,15.56434966724534,200.0,200.0,U
13518,-61.540049388048025,15.566084670383532,200.0,200.0,U
13519,-61.53932771619442,15.56443267711953,200.0,200.0,U
13520,-61.539254569041965,15.564422368287012,200.0,200.0,U
13521,-61.5395981132506,15.56210516445774,200.0,200.0,U
13522,-61.53992987978138,15.5609936233856,200.0,200.0,U
13523,-61.540866086726076,15.564008799197136,200.0,200.0,U
13524,-61.539323053144514,15.564130474944115,200.0,200.0,U
13525,-61.54054276696038,15.567563798994295,200.0,200.0,U
13526,-61.54022373123187,15.565309013505795,200.0,200.0,U
13527,-61.54018219371606,15.564281047130992,200.0,200.0,U
13528,-61.53926322258399,15.563045063466427,200.0,200.0,U
13529,-61.540942651187294,15.562125192543565,200.0,200.0,U
13530,-61.53958518459443,15.564750710274149,200.0,200.0,U
13531,-61.539764147750404,15.56400657180499,200.0,200.0,U
13532,-61.54017147378907,15.564243953865395,200.0,200.0,U
13533,-61.53969783001808,15.563019762209262,200.0,200.0,U
13534,-61.54082207608993,15.564814369526207,200.0,200.0,U
13535,-61.54017793047075,15.564245513905151,200.0,200.0,U
13536,-61.54029294705174,15.563267125983781,200.0,200.0,U
13537,-61.539609590619875,15.564877141866042,200.0,200.0,U
13538,-61.54015533626258,15.56416447250087,200.0,200.0,U
13539,-61.53946488099839,15.56414143561955,200.0,200.0,U
13540,-61.5402892416723,15.562033178280233,200.0,200.0,U
13541,-61.53984734288913,15.564718932291846,200.0,200.0,U
13542,-61.53966186037151,15.563596835403345,200.0,200.0,U
13543,-61.53884389792756,15.56314256933721,200.0,200.0,U
13544,-61.539426881696706,15.563622732161534,200.0,200.0,U
13545,-61.53881097871936,15.56299744808006,200.0,200.0,U
13546,-61.53911014194241,15.564032387745728,200.0,200.0,U
13547,-61.54193778793118,15.565131288961819,200.0,200.0,U
13548,-61.54198355209012,15.563972478419737,200.0,200.0,U
13549,-61.540609363426434,15.564715423964852,200.0,200.0,U
13550,-61.539396067780075,15.56304100148129,200.0,200.0,U
13551,-61.539781329216375,15.563215064566853,200.0,200.0,U
13552,-61.537341925053425,15.563641400147725,200.0,200.0,U
13553,-61.539205046653365,15.564756947321241,200.0,200.0,U
13554,-61.53947397058933,15.564162956644285,200.0,200.0,U
13555,-61.53708529403924,15.56245382963334,200.0,200.0,U
13556,-61.538880524783856,15.561381896602398,200.0,200.0,U
13557,-61.53821106443112,15.564300561958452,200.0,200.0,U
13558,-61.539134836494625,15.563820014807323,200.0,200.0,U
13559,-61.54066730787596,15.564633092831716,200.0,200.0,U
13560,-61.540286369878935,15.562907371485688,200.0,200.0,U
13561,-61.53970415206288,15.568419884079683,200.0,200.0,U
13562,-61.53919958377569,15.56466628866006,200.0,200.0,U
13563,-61.540067656856166,15.564146656298838,200.0,200.0,U
13564,-61.54058033686731,15.564265500822636,200.0,200.0,U
13565,-61.54055840530455,15.564935652316475,200.0,200.0,U
13566,-61.53962357908601,15.56570549751478,200.0,200.0,U
13567,-61.54315869165422,15.563852117260284,200.0,200.0,U
13568,-61.54017606750909,15.56444454190563,200.0,200.0,U
13569,-61.539576730806715,15.564310268958922,200.0,200.0,U
13570,-61.54046600942448,15.56412586408899,200.0,200.0,U
13571,-61.54163840592369,15.564051946947995,200.0,200.0,U
13572,-61.539005271513716,15.565491761404779,200.0,200.0,U
13573,-61.541799692961476,15.56279688243238,200.0,200.0,U
13574,-61.54022600199819,15.563628832890448,200.0,200.0,U
13575,-61.539997734706084,15.563868177809907,200.0,200.0,U
13576,-61.540330169513396,15.563542121723005,200.0,200.0,U
13577,-61.54143429609168,15.564603655373759,200.0,200.0,U
13578,-61.53913121906981,15.565776104672304,200.0,200.0,U
13579,-61.541442811244686,15.564931220302048,200.0,200.0,U
13580,-61.53961620754221,15.566631509036894,200.0,200.0,U
13581,-61.541463370379745,15.56555531612251,200.0,200.0,U
13582,-61.54016502503186,15.564939749636117,200.0,200.0,U
13583,-61.539594399275174,15.564287093368472,200.0,200.0,U
13584,-61.54078037460424,15.563329684369503,200.0,200.0,U
13585,-61.54189660168157,15.564280907762353,200.0,200.0,U
13586,-61.54057532713537,15.562887729579142,200.0,200.0,U
13587,-61.540680155294055,15.564504252282065,200.0,200.0,U
13588,-61.540534912948786,15.563838628315244,200.0,200.0,U
13589,-61.53869813938995,15.563472441270537,200.0,200.0,U
13590,-61.54051116731391,15.564723562776656,200.0,200.0,U
13591,-61.53965838886588,15.563514250953583,200.0,200.0,U
13592,-61.538834548592135,15.567471426510902,200.0,200.0,U
13593,-61.53947244142072,15.563903867017542,200.0,200.0,U
13594,-61.53967288425785,15.564394712331174,200.0,200.0,U
13595,-61.541216454462884,15.563595305218259,200.0,200.0,U
13596,-61.539082853855646,15.565012749157574,200.0,200.0,U
13597,-61.5403908779677,15.5643812922721,200.0,200.0,U
13598,-61.53993571646195,15.563903949500892,200.0,200.0,U
13599,-61.539381561645705,15.563584597782533,200.0,200.0,U
13600,-61.54007719079975,15.56398775000716,200.0,200.0,U
13601,-61.539861331114544,15.563743865933038,200.0,200.0,U
13602,-61.538687633021844,15.565102892446506,200.0,200.0,U
13603,-61.54204171467923,15.562892717655537,200.0,200.0,U
13604,-61.53977051414686,15.564599565814108,200.0,200.0,U
13605,-61.5391404767128,15.564617979193379,200.0,200.0,U
13606,-61.54064394317575,15.563448161956256,200.0,200.0,U
13607,-61.538700193713915,15.562639631458877,200.0,200.0,U
13608,-61.540177280999686,15.56397550571669,200.0,200.0,U
13609,-61.53842745264626,15.563354509434696,200.0,200.0,U
13610,-61.54120089418421,15.564707299521334,200.0,200.0,U
13611,-61.54011649577111,15.56395592271294,200.0,200.0,U
13612,-61.538087328157324,15.56368217054397,200.0,200.0,U
13613,-61.5403772907609,15.564170958202636,200.0,200.0,U
13614,-61.53731303333096,15.562459041378531,200.0,200.0,U
13615,-61.542950722997254,15.564951620097192,200.0,200.0,U
13616,-61.540015873540675,15.563911646137395,200.0,200.0,U
13617,-61.53937844875092,15.564758566419918,200.0,200.0,U
13618,-61.540062004284344,15.564892481627256,200.0,200.0,U
13619,-61.537757168604735,15.563552041360495,200.0,200.0,U
13620,-61.539391307143994,15.565297717976142,200.0,200.0,U
13621,-61.54012745410442,15.562040462783298,200.0,200.0,U
13622,-61.540366998620634,15.565007737396675,200.0,200.0,U
13623,-61.53984068113003,15.565076071809052,200.0,200.0,U
13624,-61.53995465042752,15.560960721990265,200.0,200.0,U
13625,-61.53977231335625,15.563510606891175,200.0,200.0,U
13626,-61.54254832071684,15.564286761870873,200.0,200.0,U
13627,-61.53810255057809,15.563467512980738,200.0,200.0,U
13628,-61.54040741341381,15.563710031977083,200.0,200.0,U
13629,-61.53964652496335,15.564154643102208,200.0,200.0,U
13630,-61.53949605247192,15.563829257986612,200.0,200.0,U
13631,-61.54029836895896,15.564524485546013,200.0,200.0,U
13632,-61.539938172430524,15.563774132077809,200.0,200.0,U
13633,-61.53945242849152,15.56378754138647,200.0,200.0,U
13634,-61.53991689436185,15.563834582558217,200.0,200.0,U
13635,-61.54140041642335,15.562109643565309,200.0,200.0,U
13636,-61.53961688252947,15.562144050316435,200.0,200.0,U
13637,-61.540751431100304,15.563163317013016,200.0,200.0,U
13638,-61.537620034745245,15.562646055236993,200.0,200.0,U
13639,-61.54053798197363,15.563511087773572,200.0,200.0,U
13640,-61.53846448089297,15.563855688696673,200.0,200.0,U
13641,-61.54031985086485,15.563744208430464,200.0,200.0,U
13642,-61.54024324304204,15.563515507650806,200.0,200.0,U
13643,-61.54071285210094,15.565625395442353,200.0,200.0,U
13644,-61.53980366887269,15.5641663561734,200.0,200.0,U
13645,-61.54257684720575,15.564440274818214,200.0,200.0,U
13646,-61.5399148189021,15.563814391379614,200.0,200.0,U
13647,-61.5405314558661,15.562738032979732,200.0,200.0,U
13648,-61.54003195603425,15.560861839627579,200.0,200.0,U
13649,-61.541275176638656,15.561148010876117,200.0,200.0,U
13650,-61.539985119652435,15.563699007765955,200.0,200.0,U
13651,-61.538625253536324,15.564934760305357,200.0,200.0,U
13652,-61.539321108224414,15.561333676676783,200.0,200.0,U
13653,-61.539326340195345,15.564526664134897,200.0,200.0,U
13654,-61.540552005124155,15.563084789694155,200.0,200.0,U
13655,-61.53832420677261,15.565404951602867,200.0,200.0,U
13656,-61.539290467953094,15.564282395634804,200.0,200.0,U
13657,-61.53913389421459,15.563493163232094,200.0,200.0,U
13658,-61.53981021386958,15.5655772689661,200.0,200.0,U
13659,-61.53975949313505,15.563559816006833,200.0,200.0,U
13660,-61.539980842979965,15.563698366465959,200.0,200.0,U
13661,-61.54104834815708,15.563559778124402,200.0,200.0,U
13662,-61.54129097956821,15.563425442020993,200.0,200.0,U
13663,-61.53852046258993,15.56136089770378,200.0,200.0,U
13664,-61.53978509380035,15.564086811636075,200.0,200.0,U
13665,-61.539340975618586,15.566512461084097,200.0,200.0,U
13666,-61.53988341277131,15.56426012442219,200.0,200.0,U
13667,-61.54010140849338,15.563650547617305,200.0,200.0,U
13668,-61.54001291179291,15.563974916919584,200.0,200.0,U
13669,-61.541305867100704,15.564005732124846,200.0,200.0,U
13670,-61.54256733521029,15.562672030846853,200.0,200.0,U
13671,-61.53733874616372,15.563920121296098,200.0,200.0,U
13672,-61.54544909144846,15.566464878304073,200.0,200.0,U
13673,-61.539964074276014,15.563569953933056,200.0,200.0,U
13674,-61.53811976853418,15.56541494298715,200.0,200.0,U
13675,-61.53961481435355,15.563395700956029,200.0,200.0,U
13676,-61.53949220618404,15.564226958522017,200.0,200.0,U
13677,-61.541196611921535,15.5625482455669,200.0,200.0,U
13678,-61.53934980663898,15.563607587821378,200.0,200.0,U
13679,-61.53981523438056,15.563215701026218,200.0,200.0,U
13680,-61.54019599344642,15.561264893855673,200.0,200.0,U
13681,-61.542897978946414,15.564185801345438,200.0,200.0,U
13682,-61.54285045128293,15.563684371528119,200.0,200.0,U
13683,-61.540258170303964,15.563033050222549,200.0,200.0,U
13684,-61.53881725561728,15.56488391017232,200.0,200.0,U
13685,-61.5407725852568,15.561306738042019,200.0,200.0,U
13686,-61.53686217813298,15.563682288443662,200.0,200.0,U
13687,-61.540329931278244,15.561908034260174,200.0,200.0,U
13688,-61.53964041112229,15.562992233909556,200.0,200.0,U
13689,-61.53973156456181,15.564226945722641,200.0,200.0,U
13690,-61.53994427135292,15.563685096431902,200.0,200.0,U
13691,-61.54156445562244,15.563332652860485,200.0,200.0,U
13692,-61.53774807910314,15.564825733146158,200.0,200.0,U
13693,-61.54099076827642,15.56167764469084,200.0,200.0,U
13694,-61.539565940430045,15.564110117803128,200.0,200.0,U
13695,-61.53784923025558,15.563782674092181,200.0,200.0,U
13696,-61.53843009025047,15.5627229414656,200.0,200.0,U
13697,-61.54119782322771,15.564284726434725,200.0,200.0,U
13698,-61.54108171186087,15.563268083405971,200.0,200.0,U
13699,-61.53839951836949,15.562509246331583,200.0,200.0,U
13700,-61.53991007199592,15.563571373605583,200.0,200.0,U
13701,-61.54020454150381,15.562945430985149,200.0,200.0,U
13702,-61.540009827764386,15.56358866237422,200.0,200.0,U
13703,-61.5414081360925,15.56255803363217,200.0,200.0,U
13704,-61.539919850681514,15.56359425806202,200.0,200.0,U
13705,-61.54015494649329,15.564800646444297,200.0,200.0,U
13706,-61.53954460237629,15.563170116246983,200.0,200.0,U
13707,-61.540450811689745,15.562017676952802,200.0,200.0,U
13708,-61.54016817925738,15.564134244110784,200.0,200.0,U
13709,-61.539953238956606,15.564091386934118,200.0,200.0,U
13710,-61.54233829857934,15.564866741436614,200.0,200.0,U
13711,-61.54109093338534,15.565103343333723,200.0,200.0,U
13712,-61.53994423184286,15.563581202369578,200.0,200.0,U
13713,-61.539234635627594,15.564652173860155,200.0,200.0,U
13714,-61.53992928156724,15.564852417051856,200.0,200.0,U
13715,-61.540547129400586,15.563829793497005,200.0,200.0,U
13716,-61.53992140466384,15.562558337958357,200.0,200.0,U
13717,-61.539352391661545,15.564149474846651,200.0,200.0,U
13718,-61.54088282097196,15.564177715579383,200.0,200.0,U
13719,-61.54070472525506,15.565625144065793,200.0,200.0,U
13720,-61.53957094538448,15.563291127939696,200.0,200.0,U
13721,-61.540169791255494,15.56352628557191,200.0,200.0,U
13722,-61.540058432994634,15.56449855005424,200.0,200.0,U
13723,-61.54136844639544,15.559380141017614,200.0,200.0,U
13724,-61.53970121474416,15.56403558483556,200.0,200.0,U
13725,-61.53987195500086,15.563759305649542,200.0,200.0,U
13726,-61.54086226378187,15.562692231309402,200.0,200.0,U
13727,-61.54068241932311,15.563583864058558,200.0,200.0,U
13728,-61.54168224931968,15.563084260468042,200.0,200.0,U
13729,-61.53943429983029,15.5634179059803,200.0,200.0,U
13730,-61.5393012354703,15.563369771107341,200.0,200.0,U
13731,-61.54218498050406,15.561912700394176,200.0,200.0,U
13732,-61.539305071975214,15.562889780597459,200.0,200.0,U
13733,-61.54036511083074,15.562891742617724,200.0,200.0,U
13734,-61.538435475579526,15.564074213908798,200.0,200.0,U
13735,-61.54216237006597,15.566912278144136,200.0,200.0,U
13736,-61.541270189082105,15.56451085708763,200.0,200.0,U
13737,-61.54049624485627,15.56315320911854,200.0,200.0,U
13738,-61.5392599271383,15.565382117743935,200.0,200.0,U
13739,-61.53779203562822,15.56395451773491,200.0,200.0,U
13740,-61.53893890320122,15.564778427642427,200.0,200.0,U
13741,-61.539807713467575,15.563502711206146,200.0,200.0,U
13742,-61.53991635480264,15.563507184395554,200.0,200.0,U
13743,-61.53652953081832,15.56493292287539,200.0,200.0,U
13744,-61.53971286435767,15.563497129284377,200.0,200.0,U
13745,-61.5417737007459,15.561227341997526,200.0,200.0,U
13746,-61.53960186897899,15.563874761146694,200.0,200.0,U
13747,-61.53600726500444,15.56622134372275,200.0,200.0,U
13748,-61.539800867278785,15.563617027038736,200.0,200.0,U
13749,-61.53815801448957,15.563805540612409,200.0,200.0,U
13750,-61.538590966236335,15.565753541275544,200.0,200.0,U
13751,-61.54074211021958,15.562900553197327,200.0,200.0,U
13752,-61.53749162525432,15.565686929140949,200.0,200.0,U
13753,-61.539000262387894,15.565384701549458,200.0,200.0,U
13754,-61.540148761535285,15.564304771308137,200.0,200.0,U
13755,-61.540400842773415,15.562731287583226,200.0,200.0,U
13756,-61.539896432363435,15.562943903316226,200.0,200.0,U
13757,-61.53961568902259,15.563165384391064,200.0,200.0,U
13758,-61.540082126830356,15.56453958107684,200.0,200.0,U
13759,-61.539903231527454,15.563426029962631,200.0,200.0,U
13760,-61.53977121499345,15.562994204585856,200.0,200.0,U
13761,-61.541552656058585,15.564328572395722,200.0,200.0,U
13762,-61.53978896472769,15.56424059804892,200.0,200.0,U
13763,-61.54007263992108,15.564521426716654,200.0,200.0,U
13764,-61.5387545438146,15.56398751103231,200.0,200.0,U
13765,-61.53949323099771,15.564266609183823,200.0,200.0,U
13766,-61.54024470369729,15.562642925071655,200.0,200.0,U
13767,-61.53833388591581,15.563534159357479,200.0,200.0,U
13768,-61.5375654299225,15.561947302747845,200.0,200.0,U
13769,-61.53991726049939,15.563549559834117,200.0,200.0,U
13770,-61.539003208945694,15.56333443958912,200.0,200.0,U
13771,-61.53975176193091,15.563673345072344,200.0,200.0,U
13772,-61.53831518459663,15.560766273260246,200.0,200.0,U
13773,-61.54093042918185,15.563892909523558,200.0,200.0,U
13774,-61.538628033420764,15.56392322225432,200.0,200.0,U
13775,-61.53822199376388,15.563544692464232,200.0,200.0,U
13776,-61.54002314915801,15.563341802428013,200.0,200.0,U
13777,-61.541016538184444,15.563739158877551,200.0,200.0,U
13778,-61.54155871797412,15.564153078612353,200.0,200.0,U
13779,-61.54200086793418,15.564099924723212,200.0,200.0,U
13780,-61.54068831494635,15.56370301923473,200.0,200.0,U
13781,-61.54076305455435,15.56028533302786,200.0,200.0,U
13782,-61.53891440112228,15.564549987836497,200.0,200.0,U
13783,-61.539809655894025,15.563462888886606,200.0,200.0,U
13784,-61.53847214149106,15.56269748381822,200.0,200.0,U
13785,-61.53991572827297,15.56350060193272,200.0,200.0,U
13786,-61.542037171265044,15.562598457801645,200.0,200.0,U
13787,-61.54318353714689,15.560606636599479,200.0,200.0,U
13788,-61.54083168069727,15.563940490676009,200.0,200.0,U
13789,-61.53991560288038,15.562505070878649,200.0,200.0,U
13790,-61.54150053428014,15.565547404520906,200.0,200.0,U
13791,-61.54013903256385,15.563209004339736,200.0,200.0,U
13792,-61.540719665110046,15.562888336335389,200.0,200.0,U
13793,-61.54057348457993,15.559857418868924,200.0,200.0,U
13794,-61.54186645021228,15.565411415092457,200.0,200.0,U
13795,-61.53962327629261,15.563993384787862,200.0,200.0,U
13796,-61.53832589457018,15.563880726277846,200.0,200.0,U
13797,-61.539138028464414,15.564282518479486,200.0,200.0,U
13798,-61.53941287553543,15.563465971259632,200.0,200.0,U
13799,-61.53878088737123,15.563416541816954,200.0,200.0,U
13800,-61.54025229795674,15.563495304166507,200.0,200.0,U
13801,-61.53987388307407,15.562764394811701,200.0,200.0,U
13802,-61.538783785169265,15.562942362945213,200.0,200.0,U
13803,-61.540832030993144,15.564241746297462,200.0,200.0,U
13804,-61.53984731061439,15.562741814782152,200.0,200.0,U
13805,-61.53866614674573,15.562935696938307,200.0,200.0,U
13806,-61.54129274454966,15.56385020574228,200.0,200.0,U
13807,-61.53989495835785,15.563276594261117,200.0,200.0,U
13808,-61.540559801730616,15.561806927891409,200.0,200.0,U
13809,-61.54185218952848,15.565326535690478,200.0,200.0,U
13810,-61.54254561908297,15.56397991853092,200.0,200.0,U
13811,-61.53953598041005,15.563116023162767,200.0,200.0,U
13812,-61.540608629732795,15.56245401990258,200.0,200.0,U
13813,-61.539656395193866,15.563232598859802,200.0,200.0,U
13814,-61.54160047511172,15.56048328957417,200.0,200.0,U
13815,-61.54121650775676,15.564384757983932,200.0,200.0,U
13816,-61.540316686175565,15.563212261148456,200.0,200.0,U
13817,-61.53983355960381,15.56366048114233,200.0,200.0,U
13818,-61.54060895830049,15.562936255987179,200.0,200.0,U
13819,-61.538963978529715,15.56282412130983,200.0,200.0,U
13820,-61.539890200422626,15.562494585397852,200.0,200.0,U
13821,-61.54127941434766,15.560967541862551,200.0,200.0,U
13822,-61.54004184655283,15.563535114379691,200.0,200.0,U
13823,-61.540223219677884,15.563100209346077,200.0,200.0,U
13824,-61.53849523269917,15.563511958185485,200.0,200.0,U
13825,-61.537346344199115,15.562591624308038,200.0,200.0,U
13826,-61.5395509555322,15.563837247501842,200.0,200.0,U
13827,-61.53842039191503,15.561132124411467,200.0,200.0,U
13828,-61.5405419212855,15.562190719953456,200.0,200.0,U
13829,-61.539834436547295,15.563193670434844,200.0,200.0,U
13830,-61.53897945486395,15.563911384873412,200.0,200.0,U
13831,-61.53928398974163,15.5635076553261,200.0,200.0,U
13832,-61.53820493976812,15.563440457748856,200.0,200.0,U
13833,-61.539394409072926,15.563388256406194,200.0,200.0,U
13834,-61.53727534548002,15.564305364394418,200.0,200.0,U
13835,-61.53966670803381,15.563156511236658,200.0,200.0,U
13836,-61.53842338372031,15.563020068583814,200.0,200.0,U
13837,-61.54032274743173,15.565305120625704,200.0,200.0,U
13838,-61.53975501977168,15.563232340875215,200.0,200.0,U
13839,-61.54029772552577,15.562238732530103,200.0,200.0,U
13840,-61.53940342270508,15.561237904339677,200.0,200.0,U
13841,-61.540826665829535,15.564580817118925,200.0,200.0,U
13842,-61.54071206793312,15.561462068630865,200.0,200.0,U
13843,-61.537896446383314,15.562756071687332,200.0,200.0,U
13844,-61.53994189410896,15.563362424421204,200.0,200.0,U
13845,-61.541313985170945,15.564021885961555,200.0,200.0,U
13846,-61.539717839244446,15.563074899991031,200.0,200.0,U
13847,-61.54204517369649,15.563215477707207,200.0,200.0,U
13848,-61.54259470288153,15.563832279771658,200.0,200.0,U
13849,-61.53883043901874,15.564686082373063,200.0,200.0,U
13850,-61.539763423003635,15.563041507961566,200.0,200.0,U
13851,-61.54108428149867,15.561500405709184,200.0,200.0,U
13852,-61.54106339555092,15.560597400838729,200.0,200.0,U
13853,-61.5394460957528,15.563270526382958,200.0,200.0,U
13854,-61.53998634616599,15.563775876872379,200.0,200.0,U
13855,-61.53980323057349,15.563198299852719,200.0,200.0,U
13856,-61.539657524433245,15.562661385530651,200.0,200.0,U
13857,-61.54031842634466,15.565455153903315,200.0,200.0,U
13858,-61.540434293418365,15.561951272537158,200.0,200.0,U
13859,-61.539281408265836,15.564459748996375,200.0,200.0,U
13860,-61.54133192924274,15.562528827885883,200.0,200.0,U
13861,-61.53968211139103,15.563259857087782,200.0,200.0,U
13862,-61.539104353414835,15.564310014397913,200.0,200.0,U
13863,-61.53954166305108,15.563505620661637,200.0,200.0,U
13864,-61.53880201037993,15.5632521208564,200.0,200.0,U
13865,-61.53926382246211,15.560586651981449,200.0,200.0,U
13866,-61.53931283196617,15.562867648853189,200.0,200.0,U
13867,-61.53968696804095,15.562918343324684,200.0,200.0,U
13868,-61.53889511519842,15.561347419278517,200.0,200.0,U
13869,-61.54044536015891,15.562192646722192,200.0,200.0,U
13870,-61.53816607151641,15.564401593266956,200.0,200.0,U
13871,-61.53926418101256,15.56316962600448,200.0,200.0,U
13872,-61.539393118166565,15.562536705931372,200.0,200.0,U
13873,-61.538337860086585,15.560621123584319,200.0,200.0,U
13874,-61.53964950165046,15.56345529685776,200.0,200.0,U
13875,-61.5374203841966,15.561615712784983,200.0,200.0,U
13876,-61.54045953594395,15.562673761916969,200.0,200.0,U
13877,-61.53983532825586,15.562957366213817,200.0,200.0,U
13878,-61.540513582500594,15.563783884713613,200.0,200.0,U
13879,-61.53661707398201,15.56009975865489,200.0,200.0,U
13880,-61.53755568209179,15.563792520742485,200.0,200.0,U
13881,-61.53968863658275,15.564060355557016,200.0,200.0,U
13882,-61.539803471707,15.562579089601476,200.0,200.0,U
13883,-61.539596784927426,15.561471686504108,200.0,200.0,U
13884,-61.539596747098436,15.563225606800048,200.0,200.0,U
13885,-61.538022925902986,15.56147307806015,200.0,200.0,U
13886,-61.54249810993028,15.56218997861481,200.0,200.0,U
13887,-61.5376130469853,15.56480130221598,200.0,200.0,U
13888,-61.53713816719397,15.563524671447432,200.0,200.0,U
13889,-61.53873733786797,15.563064850464771,200.0,200.0,U
13890,-61.53945551398444,15.563319249542852,200.0,200.0,U
13891,-61.540881046716706,15.560564458398765,200.0,200.0,U
13892,-61.53871473716194,15.563151060400498,200.0,200.0,U
13893,-61.53949512884609,15.562856707344942,200.0,200.0,U
13894,-61.53942593909767,15.564972016181606,200.0,200.0,U
13895,-61.54066599686701,15.565410975969696,200.0,200.0,U
13896,-61.53865632900471,15.562976267151742,200.0,200.0,U
13897,-61.53865873158022,15.56338820108408,200.0,200.0,U
13898,-61.53897292737112,15.563138507424759,200.0,200.0,U
13899,-61.53979405254723,15.562871345518495,200.0,200.0,U
13900,-61.54007141123238,15.563058093223939,200.0,200.0,U
13901,-61.53771319930486,15.563807377891111,200.0,200.0,U
13902,-61.539910767204056,15.56321739158016,200.0,200.0,U
13903,-61.53919105911635,15.562470803983269,200.0,200.0,U
13904,-61.540822386191024,15.564118064852249,200.0,200.0,U
13905,-61.540969544757736,15.560872867328607,200.0,200.0,U
13906,-61.5380959149838,15.563051084951152,200.0,200.0,U
13907,-61.539842114960855,15.560700799907956,200.0,200.0,U
13908,-61.54052681215124,15.562939828659342,200.0,200.0,U
13909,-61.54004285606393,15.562303676753578,200.0,200.0,U
13910,-61.53960842043212,15.564254581106088,200.0,200.0,U
13911,-61.53822030951984,15.563741132109623,200.0,200.0,U
13912,-61.53973469401323,15.562741755971706,200.0,200.0,U
13913,-61.53962236254867,15.562865241573155,200.0,200.0,U
13914,-61.53959238077299,15.56300552965518,200.0,200.0,U
13915,-61.53998717884049,15.561998224058833,200.0,200.0,U
13916,-61.53843352075801,15.563247646671336,200.0,200.0,U
13917,-61.5427768599436,15.56394096049321,200.0,200.0,U
13918,-61.54036663881909,15.563421774815005,200.0,200.0,U
13919,-61.54020100042134,15.562617536526256,200.0,200.0,U
13920,-61.53837360408493,15.565529754277621,200.0,200.0,U
13921,-61.540024982511206,15.5627495440249,200.0,200.0,U
13922,-61.54075256383094,15.565216072596403,200.0,200.0,U
13923,-61.53886709999813,15.56275035299324,200.0,200.0,U
13924,-61.539636470700465,15.562861324456499,200.0,200.0,U
13925,-61.54019559459153,15.560975436925604,200.0,200.0,U
13926,-61.54048027211452,15.565458302388489,200.0,200.0,U
13927,-61.53947686678259,15.56364854182169,200.0,200.0,U
13928,-61.53994556391467,15.561211010945364,200.0,200.0,U
13929,-61.53993858457689,15.562533439746653,200.0,200.0,U
13930,-61.53818405165023,15.564482125909574,200.0,200.0,U
13931,-61.5412564348689,15.563002751835326,200.0,200.0,U
13932,-61.53953417168839,15.562717596787014,200.0,200.0,U
13933,-61.54055506487309,15.560449145945304,200.0,200.0,U
13934,-61.53889351649709,15.562716824274492,200.0,200.0,U
13935,-61.53945065215634,15.560722835411198,200.0,200.0,U
13936,-61.541735406847835,15.561761926113332,200.0,200.0,U
13937,-61.53999930107517,15.562659563653398,200.0,200.0,U
13938,-61.54071133551759,15.56197691645049,200.0,200.0,U
13939,-61.53897821502153,15.563070141279168,200.0,200.0,U
13940,-61.539087920812136,15.562451746045262,200.0,200.0,U
13941,-61.53866174953632,15.562875095117363,200.0,200.0,U
13942,-61.53717263240492,15.562051222145879,200.0,200.0,U
13943,-61.539736977039475,15.562799054112292,200.0,200.0,U
13944,-61.539635376797186,15.562456327575491,200.0,200.0,U
13945,-61.53840632932086,15.56452463124552,200.0,200.0,U
13946,-61.5401387947582,15.562104936998818,200.0,200.0,U
13947,-61.53945760925479,15.562898318231316,200.0,200.0,U
13948,-61.538944520870594,15.56388158730325,200.0,200.0,U
13949,-61.53996047711176,15.562331329951693,200.0,200.0,U
13950,-61.54145728792542,15.56397769439003,200.0,200.0,U
13951,-61.540089021761,15.562728186375494,200.0,200.0,U
13952,-61.53958236778176,15.5665256650489,200.0,200.0,U
13953,-61.53871171198157,15.562038650803494,200.0,200.0,U
13954,-61.538255716086866,15.564575064366766,200.0,200.0,U
13955,-61.53902513201932,15.564047657386391,200.0,200.0,U
13956,-61.5364475010372,15.562903454190533,200.0,200.0,U
13957,-61.53955661386783,15.562929391058237,200.0,200.0,U
13958,-61.54343094402781,15.56296388850772,200.0,200.0,U
13959,-61.54189818787429,15.56413112592017,200.0,200.0,U
13960,-61.53867751495352,15.561218780248986,200.0,200.0,U
13961,-61.53971016196202,15.564151667215818,200.0,200.0,U
13962,-61.54081065833698,15.563119768253591,200.0,200.0,U
13963,-61.54065440271004,15.561038697583696,200.0,200.0,U
13964,-61.54177232560883,15.561267700919009,200.0,200.0,U
13965,-61.54088959776162,15.561629893743685,200.0,200.0,U
13966,-61.53927920986148,15.562756396252976,200.0,200.0,U
13967,-61.54044463634569,15.562886891500622,200.0,200.0,U
13968,-61.53890850274502,15.561789207144653,200.0,200.0,U
13969,-61.537975712444904,15.561902205960381,200.0,200.0,U
13970,-61.539789327158154,15.562101355147442,200.0,200.0,U
13971,-61.538956277456975,15.56232276346736,200.0,200.0,U
13972,-61.539774826860175,15.562760308184577,200.0,200.0,U
13973,-61.53847735952399,15.563930955281394,200.0,200.0,U
13974,-61.54008454913842,15.564544074181185,200.0,200.0,U
13975,-61.542765905697635,15.562182352385324,200.0,200.0,U
13976,-61.53968132546547,15.562767055541196,200.0,200.0,U
13977,-61.53841982036502,15.563383425210853,200.0,200.0,U
13978,-61.53950049655212,15.562730397649236,200.0,200.0,U
13979,-61.54023684992092,15.561766274273317,200.0,200.0,U
13980,-61.54115638182836,15.562309229400752,200.0,200.0,U
13981,-61.540503836507646,15.56207486061018,200.0,200.0,U
13982,-61.53930408468197,15.56140587165049,200.0,200.0,U
13983,-61.54213301305854,15.56162279142903,200.0,200.0,U
13984,-61.53957721849565,15.562825315136996,200.0,200.0,U
13985,-61.53929734493487,15.559387716517396,200.0,200.0,U
13986,-61.538955304459925,15.563401311940895,200.0,200.0,U
13987,-61.54049205365245,15.562602546311421,200.0,200.0,U
13988,-61.54028459193392,15.562837449710157,200.0,200.0,U
13989,-61.537152257946836,15.561083693967324,200.0,200.0,U
13990,-61.54213073296776,15.563056346463075,200.0,200.0,U
13991,-61.53943931291576,15.56262824009074,200.0,200.0,U
13992,-61.54010110463553,15.562184344922878,200.0,200.0,U
13993,-61.539232239417196,15.565363117760695,200.0,200.0,U
13994,-61.54178473909727,15.564174620079527,200.0,200.0,U
13995,-61.54002601356522,15.562685937639996,200.0,200.0,U
13996,-61.540505714985144,15.562419987706393,200.0,200.0,U
13997,-61.541429672918916,15.561945553629073,200.0,200.0,U
13998,-61.539950100274105,15.562465606956792,200.0,200.0,U
13999,-61.53921218361661,15.562303188094202,200.0,200.0,U
14000,-61.53978849423159,15.562691634021544,200.0,200.0,U
14001,-61.53989774443673,15.562423465394886,200.0,200.0,U
14002,-61.53936313233093,15.56322616770104,200.0,200.0,U
14003,-61.53865599875405,15.56515342271487,200.0,200.0,U
14004,-61.54058458797025,15.562045149168311,200.0,200.0,U
14005,-61.54154393614157,15.559320763920061,200.0,200.0,U
14006,-61.539366335731856,15.563947538390737,200.0,200.0,U
14007,-61.539918719980285,15.564880756891,200.0,200.0,U
14008,-61.53940414560619,15.561661727489426,200.0,200.0,U
14009,-61.53880807574322,15.561905430226446,200.0,200.0,U
14010,-61.539840978599265,15.562560795630137,200.0,200.0,U
14011,-61.53936769781437,15.563717915190654,200.0,200.0,U
14012,-61.540062618596004,15.562058717670634,200.0,200.0,U
14013,-61.53787038580733,15.563221127520743,200.0,200.0,U
14014,-61.54033305805691,15.561056365774302,200.0,200.0,U
14015,-61.54077563660451,15.56071478299047,200.0,200.0,U
14016,-61.53855997597923,15.56351888328372,200.0,200.0,U
14017,-61.541073469197485,15.56110698470704,200.0,200.0,U
14018,-61.54028326640957,15.562194381130826,200.0,200.0,U
14019,-61.53972378361303,15.56289515239319,200.0,200.0,U
14020,-61.53819457660667,15.563481523128583,200.0,200.0,U
14021,-61.539601038342596,15.56272919037478,200.0,200.0,U
14022,-61.539876953663935,15.562391188119769,200.0,200.0,U
14023,-61.54086968509483,15.56358651882369,200.0,200.0,U
14024,-61.54164308479079,15.564482040038959,200.0,200.0,U
14025,-61.53981715873515,15.56265577627131,200.0,200.0,U
14026,-61.53771614101042,15.563276131289483,200.0,200.0,U
14027,-61.53900375844905,15.563893797452,200.0,200.0,U
14028,-61.53936989566822,15.562756711683189,200.0,200.0,U
14029,-61.53691910871701,15.56177093627764,200.0,200.0,U
14030,-61.5381427819058,15.563780986770391,200.0,200.0,U
14031,-61.53968370006809,15.561671474362743,200.0,200.0,U
14032,-61.54299432609486,15.562675393659203,200.0,200.0,U
14033,-61.53950006297522,15.562191333861827,200.0,200.0,U
14034,-61.53923764698313,15.561714980303702,200.0,200.0,U
14035,-61.54045590526476,15.562013794635918,200.0,200.0,U
14036,-61.53939209785818,15.561438952556603,200.0,200.0,U
14037,-61.539646654507514,15.562474863664425,200.0,200.0,U
14038,-61.5395782441276,15.56283938982077,200.0,200.0,U
14039,-61.5397131802771,15.562559740159589,200.0,200.0,U
14040,-61.53989326852096,15.562675062213469,200.0,200.0,U
14041,-61.53820946889508,15.562936551743409,200.0,200.0,U
14042,-61.53963644071303,15.562566653005605,200.0,200.0,U
14043,-61.53975064408703,15.564172013465019,200.0,200.0,U
14044,-61.539320525217114,15.562610035412662,200.0,200.0,U
14045,-61.53833173977109,15.565361066433704,200.0,200.0,U
14046,-61.54017233706684,15.560072830722195,200.0,200.0,U
14047,-61.53922598132019,15.56252145207379,200.0,200.0,U
14048,-61.53926702157601,15.562847611418938,200.0,200.0,U
14049,-61.53939144655787,15.56303549885873,200.0,200.0,U
14050,-61.54148099036769,15.561926822887264,200.0,200.0,U
14051,-61.53960919669388,15.562860041617657,200.0,200.0,U
14052,-61.538556032838365,15.563063435658725,200.0,200.0,U
14053,-61.5386428130336,15.563697888014508,200.0,200.0,U
14054,-61.539944474910115,15.564504465986914,200.0,200.0,U
14055,-61.54011320233182,15.561910748137793,200.0,200.0,U
14056,-61.543139375416324,15.563864568867018,200.0,200.0,U
14057,-61.539763051349695,15.56255910995492,200.0,200.0,U
14058,-61.53973899300362,15.56254740605651,200.0,200.0,U
14059,-61.540641797917225,15.561950090171978,200.0,200.0,U
14060,-61.53945713546266,15.562136082636568,200.0,200.0,U
14061,-61.539190496442565,15.565128855198079,200.0,200.0,U
14062,-61.54170435890427,15.563412092282173,200.0,200.0,U
14063,-61.539769437556615,15.562493737063036,200.0,200.0,U
14064,-61.54224568676047,15.563056756885194,200.0,200.0,U
14065,-61.539729095332085,15.562402759332866,200.0,200.0,U
14066,-61.5400172133725,15.56387924481418,200.0,200.0,U
14067,-61.539437058681024,15.562369588293599,200.0,200.0,U
14068,-61.542469146671586,15.561221151786023,200.0,200.0,U
14069,-61.541564086685796,15.560853836248812,200.0,200.0,U
14070,-61.54006745447179,15.562553089238481,200.0,200.0,U
14071,-61.54111665491477,15.564525258352282,200.0,200.0,U
14072,-61.5376410942081,15.55922228728865,200.0,200.0,U
14073,-61.53693045784772,15.563966091349236,200.0,200.0,U
14074,-61.53976926768876,15.562562986511153,200.0,200.0,U
14075,-61.53794617581452,15.558290385931901,200.0,200.0,U
14076,-61.53980063668378,15.561996035475525,200.0,200.0,U
14077,-61.53982420229715,15.56207500561978,200.0,200.0,U
14078,-61.538335109740636,15.562565300287407,200.0,200.0,U
14079,-61.53920996313855,15.562355235048136,200.0,200.0,U
14080,-61.54046934690685,15.56175790771497,200.0,200.0,U
14081,-61.538976549983836,15.561489834686666,200.0,200.0,U
14082,-61.54004888086968,15.56246451827024,200.0,200.0,U
14083,-61.539826156992,15.562595440706085,200.0,200.0,U
14084,-61.5371289253961,15.561588933253573,200.0,200.0,U
14085,-61.54050057384269,15.561557942351218,200.0,200.0,U
14086,-61.538110420834,15.56077800812111,200.0,200.0,U
14087,-61.53913552030889,15.564550376634845,200.0,200.0,U
14088,-61.54121618729848,15.562015890324904,200.0,200.0,U
14671,-61.5415018269452,15.56018631352759,200.0,200.0,U
14672,-61.54038165376661,15.560938157272592,200.0,200.0,U
14673,-61.5415257226277,15.560586382603962,200.0,200.0,U
14674,-61.539990891751295,15.564728293009658,200.0,200.0,U
14675,-61.53816670315106,15.557788509588022,200.0,200.0,U
14676,-61.54046135227867,15.561645158449556,200.0,200.0,U
14677,-61.54133904427017,15.562299629231994,200.0,200.0,U
14678,-61.543023481247026,15.558079392687803,200.0,200.0,U
14679,-61.54014968632322,15.560758989723553,200.0,200.0,U
14680,-61.539493112447836,15.56094510429261,200.0,200.0,U
14681,-61.54070761384088,15.564390752086142,200.0,200.0,U
14682,-61.54084625836584,15.563252091382754,200.0,200.0,U
14683,-61.540073320744085,15.561988577212766,200.0,200.0,U
14684,-61.53950409018674,15.561627667120993,200.0,200.0,U
14685,-61.5390293534794,15.56265069744397,200.0,200.0,U
14686,-61.54058298791347,15.561968203389746,200.0,200.0,U
14687,-61.54177005805625,15.56255552816887,200.0,200.0,U
14688,-61.54065504584421,15.56033918079372,200.0,200.0,U
14689,-61.53986975990147,15.560092119926043,200.0,200.0,U
14690,-61.539179778586366,15.561517419236424,200.0,200.0,U
14691,-61.540223349792626,15.561547523222771,200.0,200.0,U
14692,-61.54018109404816,15.561882472963894,200.0,200.0,U
14693,-61.54024331627941,15.558668614536483,200.0,200.0,U
14694,-61.53892804416452,15.562421721380124,200.0,200.0,U
14695,-61.54126492464534,15.55985075468117,200.0,200.0,U
14696,-61.53977532938719,15.562095421294641,200.0,200.0,U
14697,-61.54066451288624,15.559927094942385,200.0,200.0,U
14698,-61.53732918377415,15.561061338937751,200.0,200.0,U
14699,-61.54168313608655,15.560274889241336,200.0,200.0,U
14700,-61.544285584917496,15.560234303463854,200.0,200.0,U
14701,-61.541551531258136,15.561480579767842,200.0,200.0,U
14702,-61.540260089673716,15.562050740590893,200.0,200.0,U
14703,-61.53828094625552,15.560370589744192,200.0,200.0,U
14704,-61.54004592839547,15.560882673007347,200.0,200.0,U
14705,-61.53980796171034,15.564152227568501,200.0,200.0,U
14706,-61.53874088035536,15.562346988797067,200.0,200.0,U
14707,-61.54001241613343,15.560581054395074,200.0,200.0,U
14708,-61.53920051700322,15.562202255079999,200.0,200.0,U
14709,-61.53841210097516,15.563922587271705,200.0,200.0,U
14710,-61.54188118690075,15.559530552824679,200.0,200.0,U
14711,-61.539742952768535,15.561599891881578,200.0,200.0,U
14712,-61.53833605051188,15.560663144974555,200.0,200.0,U
14713,-61.54060608305319,15.561501252610043,200.0,200.0,U
14714,-61.541845187203286,15.557839273772055,200.0,200.0,U
14715,-61.54031891766558,15.559593273957821,200.0,200.0,U
14716,-61.54100719354002,15.561365489952559,200.0,200.0,U
14717,-61.540336654566055,15.559525616845049,200.0,200.0,U
14718,-61.539337504734604,15.561524282059358,200.0,200.0,U
14719,-61.54049631542684,15.561520017749872,200.0,200.0,U
14720,-61.53999328037527,15.561769325602047,200.0,200.0,U
14721,-61.54066282138061,15.561338326635552,200.0,200.0,U
14722,-61.5407417066461,15.562487950168649,200.0,200.0,U
14723,-61.53923688375554,15.562525367969423,200.0,200.0,U
14724,-61.54155254842595,15.562687836668172,200.0,200.0,U
14725,-61.54089166249854,15.560359432475032,200.0,200.0,U
14726,-61.5402164045034,15.56146253973282,200.0,200.0,U
14727,-61.53900547802682,15.562397795317604,200.0,200.0,U
14728,-61.540000090151665,15.5605895919298,200.0,200.0,U
14729,-61.53809512286554,15.561724317246268,200.0,200.0,U
14730,-61.53955922580209,15.562554076444195,200.0,200.0,U
14731,-61.54070419910878,15.559109656994824,200.0,200.0,U
14732,-61.540732470862785,15.56284041699967,200.0,200.0,U
14733,-61.53909050282039,15.563006634319258,200.0,200.0,U
14734,-61.54013486039959,15.563475044575577,200.0,200.0,U
14735,-61.54156568194883,15.56192480821718,200.0,200.0,U
14736,-61.541147702286615,15.562059559548759,200.0,200.0,U
14737,-61.54110926121466,15.561386576666514,200.0,200.0,U
14738,-61.54036597440575,15.561674098527206,200.0,200.0,U
14739,-61.54010595884167,15.56327382924413,200.0,200.0,U
14740,-61.538248840873855,15.56054667495098,200.0,200.0,U
14741,-61.53956129985514,15.561264680228735,200.0,200.0,U
14742,-61.53949851334786,15.5595976721186,200.0,200.0,U
14743,-61.5403264037704,15.562797608805893,200.0,200.0,U
14744,-61.540925383142714,15.563482256885862,200.0,200.0,U
14745,-61.540716453407214,15.56170664663777,200.0,200.0,U
14746,-61.5405956017758,15.55942120494458,200.0,200.0,U
14747,-61.54178112884059,15.56321109365748,200.0,200.0,U
14748,-61.54014637828654,15.56140359337345,200.0,200.0,U
14749,-61.54194889482357,15.56236241833279,200.0,200.0,U
14750,-61.54217052025551,15.560716177615607,200.0,200.0,U
14751,-61.538685201548695,15.562723472632506,200.0,200.0,U
14752,-61.5399089894636,15.560590358235194,200.0,200.0,U
14753,-61.54026330847881,15.561102684379428,200.0,200.0,U
14754,-61.538647361840376,15.559469573865501,200.0,200.0,U
14755,-61.540261802389445,15.561385420900315,200.0,200.0,U
14756,-61.53663969551685,15.563382372371352,200.0,200.0,U
14757,-61.53999918113928,15.562146795114637,200.0,200.0,U
14758,-61.54159331557942,15.560374089061305,200.0,200.0,U
14759,-61.539270031493594,15.558215144672324,200.0,200.0,U
14760,-61.53961495171259,15.56133688058796,200.0,200.0,U
14761,-61.53901722867052,15.562357438867194,200.0,200.0,U
14762,-61.54022696044466,15.560232338966149,200.0,200.0,U
14763,-61.54283445960984,15.55813871421772,200.0,200.0,U
14764,-61.54038227145349,15.561511812275741,200.0,200.0,U
14765,-61.54042344686146,15.561519465236625,200.0,200.0,U
14766,-61.54054671473712,15.56123785914222,200.0,200.0,U
14767,-61.53992301977094,15.561191909692194,200.0,200.0,U
14768,-61.5402379933745,15.561500163283817,200.0,200.0,U
14769,-61.53975424610679,15.563111342261477,200.0,200.0,U
14770,-61.544224302261306,15.561947329527069,200.0,200.0,U
14771,-61.54195940925147,15.562241628980406,200.0,200.0,U
14772,-61.54032053270862,15.56168855627551,200.0,200.0,U
14773,-61.54025614966441,15.562707871943681,200.0,200.0,U
14774,-61.5400667343536,15.558509264239886,200.0,200.0,U
14775,-61.54069127938279,15.56103011474984,200.0,200.0,U
14776,-61.53892586364322,15.563612969841728,200.0,200.0,U
14777,-61.5419766055519,15.560087372873854,200.0,200.0,U
14778,-61.54066453941168,15.561346835309836,200.0,200.0,U
14779,-61.540309615378966,15.563064009528842,200.0,200.0,U
14780,-61.53820685804527,15.564154436074272,200.0,200.0,U
14781,-61.54108354074754,15.560388293769458,200.0,200.0,U
14782,-61.540244702186016,15.561446036569984,200.0,200.0,U
14783,-61.54233267879507,15.560245506735056,200.0,200.0,U
14784,-61.53921572531722,15.5616296895338,200.0,200.0,U
14785,-61.54039251138368,15.561468665533477,200.0,200.0,U
14786,-61.5403082360221,15.559495784968812,200.0,200.0,U
14787,-61.54006561820871,15.560103519417307,200.0,200.0,U
14788,-61.54263202178327,15.561167005299696,200.0,200.0,U
14789,-61.53943923466849,15.56323645142747,200.0,200.0,U
14790,-61.54075322213402,15.560417338884339,200.0,200.0,U
14791,-61.54057903174916,15.561461051287118,200.0,200.0,U
14792,-61.54061308534557,15.561390559181724,200.0,200.0,U
14793,-61.54038733687034,15.564483388811388,200.0,200.0,U
14794,-61.541942082855456,15.561597798426916,200.0,200.0,U
14795,-61.54018357221989,15.558878721869771,200.0,200.0,U
14796,-61.53906670562446,15.56353602724755,200.0,200.0,U
14797,-61.540387031258234,15.561093581011477,200.0,200.0,U
14798,-61.540766578393956,15.561586717173629,200.0,200.0,U
14799,-61.53997561967342,15.559054113499453,200.0,200.0,U
14800,-61.53954297571753,15.562547891759863,200.0,200.0,U
14801,-61.54328709794025,15.563385616890697,200.0,200.0,U
14802,-61.53791105375322,15.55728799427345,200.0,200.0,U
14803,-61.53870441809901,15.55922888784081,200.0,200.0,U
14804,-61.54056230479231,15.560989024588402,200.0,200.0,U
14805,-61.54013164019403,15.561127583446856,200.0,200.0,U
14806,-61.54004789468378,15.562059291130012,200.0,200.0,U
14807,-61.54045585829363,15.561461477114175,200.0,200.0,U
14808,-61.53944784470813,15.562044747162878,200.0,200.0,U
14809,-61.5402937338348,15.559622054369989,200.0,200.0,U
14810,-61.54070265032405,15.56197491861257,200.0,200.0,U
14811,-61.54027513069269,15.561775972037545,200.0,200.0,U
14812,-61.54042412300587,15.561558081672814,200.0,200.0,U
14813,-61.5404731634812,15.561468944651986,200.0,200.0,U
14814,-61.541124264370374,15.561756327668526,200.0,200.0,U
14815,-61.54046577864759,15.565890152306274,200.0,200.0,U
14816,-61.54171458845829,15.561684700330723,200.0,200.0,U
14817,-61.54065924833278,15.561313583872497,200.0,200.0,U
14818,-61.54074015012838,15.561575693811394,200.0,200.0,U
14819,-61.5411611911749,15.563443560359783,200.0,200.0,U
14820,-61.5400191900957,15.56042952618598,200.0,200.0,U
14821,-61.540339527621356,15.561856191084752,200.0,200.0,U
14822,-61.53898302515614,15.562549706913195,200.0,200.0,U
14823,-61.53942704365482,15.561475430092779,200.0,200.0,U
14824,-61.54074334036121,15.559748571053897,200.0,200.0,U
14825,-61.53988961072233,15.56077059661817,200.0,200.0,U
14826,-61.54081446843258,15.562435191330703,200.0,200.0,U
14827,-61.53946954202227,15.561133058579685,200.0,200.0,U
14828,-61.54049338741551,15.56147679185157,200.0,200.0,U
14829,-61.54032967843929,15.562433254685649,200.0,200.0,U
14830,-61.540249753992335,15.56147587107315,200.0,200.0,U
14831,-61.540128895546886,15.562527037125513,200.0,200.0,U
14832,-61.53998080537975,15.560746074689321,200.0,200.0,U
14833,-61.53943391236931,15.56295715662354,200.0,200.0,U
14834,-61.54146484405645,15.562180521743707,200.0,200.0,U
14835,-61.53752330817291,15.561014439675345,200.0,200.0,U
14836,-61.54683661149469,15.56513961531846,200.0,200.0,U
14837,-61.54030399813123,15.560140123581931,200.0,200.0,U
14838,-61.539981586541344,15.563569408026362,200.0,200.0,U
14839,-61.5404571672693,15.56012875144941,200.0,200.0,U
14840,-61.541670468832805,15.56049870240602,200.0,200.0,U
14841,-61.54105978292436,15.559520412847416,200.0,200.0,U
14842,-61.53920194983659,15.561576283672537,200.0,200.0,U
14843,-61.539941823842696,15.561197637906247,200.0,200.0,U
14844,-61.54017120072132,15.56204705454289,200.0,200.0,U
14845,-61.54065323597311,15.562174886413434,200.0,200.0,U
14846,-61.54000833544678,15.559949597335072,200.0,200.0,U
14847,-61.54039678483137,15.561533892499012,200.0,200.0,U
14848,-61.54124856018438,15.56078478969882,200.0,200.0,U
14849,-61.539285546114456,15.56190510706272,200.0,200.0,U
14850,-61.53990667079218,15.561667717817057,200.0,200.0,U
14851,-61.539742721116454,15.562293660560352,200.0,200.0,U
14852,-61.53772434075779,15.562044250548327,200.0,200.0,U
14853,-61.54013530001069,15.563052100977153,200.0,200.0,U
14854,-61.540682924627745,15.560665525113441,200.0,200.0,U
14855,-61.541384781011374,15.561844213725934,200.0,200.0,U
14856,-61.5402932435374,15.562335258044003,200.0,200.0,U
14857,-61.540580253567505,15.561425412792351,200.0,200.0,U
14858,-61.540633900655656,15.56244838848367,200.0,200.0,U
14859,-61.54143489571173,15.561209685183217,200.0,200.0,U
14860,-61.54029978352232,15.559657963960444,200.0,200.0,U
14861,-61.5383455522718,15.560624751481237,200.0,200.0,U
14862,-61.54147618698975,15.56383833788005,200.0,200.0,U
14863,-61.54030941396925,15.560768339736322,200.0,200.0,U
14864,-61.54144805770307,15.561028698525151,200.0,200.0,U
14865,-61.5391492021008,15.558863551297772,200.0,200.0,U
14866,-61.540543467688956,15.561482927924256,200.0,200.0,U
14867,-61.540608116665325,15.560206516391471,200.0,200.0,U
14868,-61.541328681999424,15.563626238840587,200.0,200.0,U
14869,-61.540576055225095,15.56147859482308,200.0,200.0,U
14870,-61.53885721254038,15.562197249605656,200.0,200.0,U
14871,-61.539702757204395,15.560113273820875,200.0,200.0,U
14872,-61.54067795009455,15.5609742798755,200.0,200.0,U
14873,-61.53978267351167,15.560891369017103,200.0,200.0,U
14874,-61.53858646550649,15.560749007488,200.0,200.0,U
14875,-61.54026912508806,15.56335465505106,200.0,200.0,U
14876,-61.539631830030714,15.5597003969723,200.0,200.0,U
14877,-61.537765316827034,15.561082039597867,200.0,200.0,U
14878,-61.540781380711145,15.560133078848429,200.0,200.0,U
14879,-61.53922635377227,15.563281420926746,200.0,200.0,U
14880,-61.541731263306865,15.562204134760982,200.0,200.0,U
14881,-61.54156349321516,15.56028171927056,200.0,200.0,U
14882,-61.54204955092824,15.56151515172833,200.0,200.0,U
14883,-61.540216664068474,15.560758724080614,200.0,200.0,U
14884,-61.5411621233853,15.561407215259946,200.0,200.0,U
14885,-61.540947331822586,15.563434267741261,200.0,200.0,U
14886,-61.541466747764545,15.55942707293032,200.0,200.0,U
14887,-61.54111434914014,15.562645658356569,200.0,200.0,U
14888,-61.540907291338954,15.561658560693184,200.0,200.0,U
14889,-61.540597273198955,15.561984848879218,200.0,200.0,U
14890,-61.54066669066886,15.561510148182618,200.0,200.0,U
14891,-61.54094182088094,15.56239524400675,200.0,200.0,U
14892,-61.54092516743653,15.561565811970446,200.0,200.0,U
14893,-61.541212719494084,15.56070626405085,200.0,200.0,U
14894,-61.53907232392994,15.560053585437268,200.0,200.0,U
14895,-61.53960571673093,15.56077124996116,200.0,200.0,U
14896,-61.54150407885021,15.560705111311673,200.0,200.0,U
14897,-61.5419201473148,15.56164751733387,200.0,200.0,U
14898,-61.538727488338225,15.55997134667494,200.0,200.0,U
14899,-61.53957109991293,15.561916000992392,200.0,200.0,U
14900,-61.54017884253557,15.562127109496263,200.0,200.0,U
14901,-61.54045686468341,15.563066168440583,200.0,200.0,U
14902,-61.53806612133816,15.561740897493916,200.0,200.0,U
14903,-61.538069575524624,15.56237499219552,200.0,200.0,U
14904,-61.54401391129322,15.5621317202957,200.0,200.0,U
14905,-61.53974039145734,15.564958473189105,200.0,200.0,U
14906,-61.53984536259897,15.560005297005631,200.0,200.0,U
14907,-61.54203809740456,15.56496211247423,200.0,200.0,U
14908,-61.54194186618597,15.55874088050787,200.0,200.0,U
14909,-61.540413244241634,15.561623991066375,200.0,200.0,U
14910,-61.54050747184283,15.56109844308192,200.0,200.0,U
14911,-61.54149628299074,15.56350396149902,200.0,200.0,U
14912,-61.54068329061285,15.562653171888211,200.0,200.0,U
14913,-61.540547907601336,15.561600409134353,200.0,200.0,U
14914,-61.53983491447909,15.559516847428819,200.0,200.0,U
14915,-61.543332683667145,15.559161740599635,200.0,200.0,U
14916,-61.5409830329614,15.558929748094057,200.0,200.0,U
14917,-61.541580001025494,15.560174632905952,200.0,200.0,U
14918,-61.53939226834298,15.559531579001067,200.0,200.0,U
14919,-61.538475955951235,15.560418513290395,200.0,200.0,U
14920,-61.540283513377474,15.560242077885514,200.0,200.0,U
14921,-61.540284153471696,15.560960587778998,200.0,200.0,U
14922,-61.542517948912156,15.562197573528481,200.0,200.0,U
14923,-61.54037620160933,15.564416347953928,200.0,200.0,U
14924,-61.5404956908498,15.560592658233524,200.0,200.0,U
14925,-61.5418064587455,15.562282807363475,200.0,200.0,U
14926,-61.54162384080252,15.560863209422525,200.0,200.0,U
14927,-61.541506668854986,15.560333958345604,200.0,200.0,U
14928,-61.54054710724187,15.561403126135056,200.0,200.0,U
14929,-61.53983089572242,15.56184863500605,200.0,200.0,U
14930,-61.54029978196173,15.56180725871718,200.0,200.0,U
14931,-61.54158686897454,15.560775987282025,200.0,200.0,U
14932,-61.54125387172075,15.562205078961345,200.0,200.0,U
14933,-61.540765601946454,15.561521733496997,200.0,200.0,U
14934,-61.54069566643432,15.56145703529535,200.0,200.0,U
14935,-61.54093073648147,15.561503457501418,200.0,200.0,U
14936,-61.540729610839875,15.562393262064951,200.0,200.0,U
14937,-61.544129538949505,15.560028983443265,200.0,200.0,U
14938,-61.54396258541428,15.562000999966166,200.0,200.0,U
14939,-61.5411932876462,15.560819908731853,200.0,200.0,U
14940,-61.53944203392964,15.562095397576593,200.0,200.0,U
14941,-61.541632012752466,15.564160369868336,200.0,200.0,U
14942,-61.5401668230494,15.561177406475986,200.0,200.0,U
14943,-61.54181241098125,15.561486262748653,200.0,200.0,U
14944,-61.54038639683256,15.560814399614587,200.0,200.0,U
14945,-61.54120081459416,15.560372420658776,200.0,200.0,U
14946,-61.54031187071627,15.564132934019506,200.0,200.0,U
14947,-61.54080157053803,15.561447531828644,200.0,200.0,U
14948,-61.540806475134445,15.561644436912353,200.0,200.0,U
14949,-61.54052179136003,15.557853388790358,200.0,200.0,U
14950,-61.53955013866486,15.561674805348778,200.0,200.0,U
14951,-61.54158781675255,15.560595538617411,200.0,200.0,U
14952,-61.5409808246203,15.561279301638407,200.0,200.0,U
14953,-61.54184106063269,15.561133383935834,200.0,200.0,U
14954,-61.54139347633153,15.562043674590328,200.0,200.0,U
14955,-61.540331974888105,15.561141023144708,200.0,200.0,U
14956,-61.543480719456916,15.56186477487015,200.0,200.0,U
14957,-61.542863292761446,15.561190025099789,200.0,200.0,U
14958,-61.54090468758614,15.561457110577269,200.0,200.0,U
14959,-61.54077016585659,15.561510996816226,200.0,200.0,U
14960,-61.53925166995558,15.563893537062969,200.0,200.0,U
14961,-61.54058619557985,15.560388069733756,200.0,200.0,U
14962,-61.5407844825974,15.561727119954892,200.0,200.0,U
14963,-61.539727068264774,15.56083587295482,200.0,200.0,U
14964,-61.540846746613866,15.56077450976654,200.0,200.0,U
14965,-61.54051132329202,15.561560068786253,200.0,200.0,U
14966,-61.53943111834644,15.563458408046982,200.0,200.0,U
14967,-61.54080679651277,15.56154668070998,200.0,200.0,U
14968,-61.54189552573925,15.561413418252583,200.0,200.0,U
14969,-61.54166152656221,15.562513278489826,200.0,200.0,U
14970,-61.54074109714778,15.561613337091202,200.0,200.0,U
14971,-61.53875630416438,15.559212059584986,200.0,200.0,U
14972,-61.54263984749902,15.561999253083535,200.0,200.0,U
14973,-61.5395282176559,15.565721833425526,200.0,200.0,U
14974,-61.54145186394924,15.560605925598718,200.0,200.0,U
14975,-61.54141562121994,15.561807091806969,200.0,200.0,U
14976,-61.541770453724915,15.562009882757845,200.0,200.0,U
14977,-61.538961747985745,15.56300098774473,200.0,200.0,U
14978,-61.53973999920319,15.562178080999528,200.0,200.0,U
14979,-61.54121681069323,15.562074657111646,200.0,200.0,U
14980,-61.53958256557904,15.56258133119726,200.0,200.0,U
14981,-61.54003861136203,15.561187840663674,200.0,200.0,U
14982,-61.53996868132798,15.56201399314249,200.0,200.0,U
14983,-61.54152534160138,15.563950460278793,200.0,200.0,U
14984,-61.54088685776442,15.561990973016078,200.0,200.0,U
14985,-61.5412401963561,15.560169525502108,200.0,200.0,U
14986,-61.54060644973729,15.5614668076992,200.0,200.0,U
14987,-61.54103480719767,15.562029561868693,200.0,200.0,U
14988,-61.54134786448918,15.560716480709868,200.0,200.0,U
14989,-61.53979688068193,15.56322904599953,200.0,200.0,U
14990,-61.53904455212008,15.563431614778555,200.0,200.0,U
14991,-61.5421005243035,15.563546502676566,200.0,200.0,U
14992,-61.54035290169984,15.561496373675855,200.0,200.0,U
14993,-61.540892304829384,15.562681599317182,200.0,200.0,U
14994,-61.540664440824926,15.559688928420341,200.0,200.0,U
14995,-61.54078278476571,15.56160938689944,200.0,200.0,U
14996,-61.540834371125904,15.561514622402191,200.0,200.0,U
14997,-61.54019467486334,15.561114288435697,200.0,200.0,U
14998,-61.538577405502195,15.56152864888386,200.0,200.0,U
14999,-61.540725419589634,15.561586311832988,200.0,200.0,U
15000,-61.54196907274728,15.562252357356854,200.0,200.0,U
15001,-61.53571744091393,15.561225511203705,200.0,200.0,U
15002,-61.54142403544112,15.562641758470575,200.0,200.0,U
15003,-61.54057831802415,15.562932777834359,200.0,200.0,U
15004,-61.5381037224701,15.55950332647464,200.0,200.0,U
15005,-61.54091068357852,15.561465320510083,200.0,200.0,U
15006,-61.540713239650486,15.565280584665526,200.0,200.0,U
15007,-61.541306634408926,15.561792018626914,200.0,200.0,U
15008,-61.54081810917894,15.5583339092666,200.0,200.0,U
15009,-61.540480095044494,15.560911680858343,200.0,200.0,U
15010,-61.5421446351046,15.56226972619992,200.0,200.0,U
15011,-61.53760566307655,15.56120386111379,200.0,200.0,U
15012,-61.54066663585944,15.56131705304808,200.0,200.0,U
15013,-61.536280986491114,15.563126724127246,200.0,200.0,U
15014,-61.54091357103775,15.559728944257788,200.0,200.0,U
15015,-61.54081307023765,15.561229978327807,200.0,200.0,U
15016,-61.53929871240382,15.561015738223215,200.0,200.0,U
15017,-61.5420634269467,15.562290542153256,200.0,200.0,U
15018,-61.54095089091072,15.561789352755046,200.0,200.0,U
15019,-61.539944286013395,15.56128442544562,200.0,200.0,U
15020,-61.54079286495133,15.561983781125493,200.0,200.0,U
15021,-61.54061946448783,15.560618906003254,200.0,200.0,U
15022,-61.54113389316715,15.561470587136686,200.0,200.0,U
15023,-61.54126919739325,15.561712058803673,200.0,200.0,U
15024,-61.541276438051206,15.560870395163269,200.0,200.0,U
15025,-61.53957108034097,15.560235399330166,200.0,200.0,U
15026,-61.53939801254389,15.560688909696223,200.0,200.0,U
15027,-61.5409767100164,15.561516301049815,200.0,200.0,U
15028,-61.54069563513831,15.561458411205765,200.0,200.0,U
15029,-61.53648675760702,15.561232746809189,200.0,200.0,U
15030,-61.53983031957912,15.56063128461971,200.0,200.0,U
15031,-61.5404209062641,15.561533680101158,200.0,200.0,U
15032,-61.54017700988226,15.561063289945189,200.0,200.0,U
15033,-61.54065120322622,15.56003181820492,200.0,200.0,U
15034,-61.539815905968986,15.561405631620348,200.0,200.0,U
15035,-61.54013357356508,15.563492797798641,200.0,200.0,U
15036,-61.54055614235234,15.561560790169645,200.0,200.0,U
15037,-61.54150765405717,15.560619652762178,200.0,200.0,U
15038,-61.54236326192257,15.561663573830987,200.0,200.0,U
15039,-61.53989049070174,15.559922842362067,200.0,200.0,U
15040,-61.54050345833954,15.56403823881599,200.0,200.0,U
15041,-61.54131261523423,15.559616342720314,200.0,200.0,U
15042,-61.541632737083596,15.561963116801234,200.0,200.0,U
15043,-61.5415304905512,15.560023775821824,200.0,200.0,U
15044,-61.54092905199959,15.561440077315902,200.0,200.0,U
15045,-61.53915687998505,15.557410579920804,200.0,200.0,U
15046,-61.54098611456668,15.561410734966381,200.0,200.0,U
15047,-61.54150076935856,15.560652013620269,200.0,200.0,U
15048,-61.54069361451584,15.561719570272729,200.0,200.0,U
15049,-61.54108606497305,15.561024719217375,200.0,200.0,U
15050,-61.54288258544619,15.561228352935025,200.0,200.0,U
15051,-61.540489097571744,15.562129879962889,200.0,200.0,U
15052,-61.545112520086306,15.560845833210216,200.0,200.0,U
15053,-61.541072426319886,15.560679221194231,200.0,200.0,U
15054,-61.54118416839976,15.560950856456033,200.0,200.0,U
15055,-61.541717359041385,15.560879384563727,200.0,200.0,U
15056,-61.541429583687076,15.561680156850352,200.0,200.0,U
15057,-61.54100643821763,15.560657225794465,200.0,200.0,U
15058,-61.5399608936073,15.561798859085092,200.0,200.0,U
15059,-61.54039321995802,15.56271658379067,200.0,200.0,U
15060,-61.54143825701234,15.56087956675179,200.0,200.0,U
15061,-61.54217187673421,15.562235835096915,200.0,200.0,U
15062,-61.54182209766662,15.560692793369242,200.0,200.0,U
15063,-61.54086550387134,15.562262555519602,200.0,200.0,U
15064,-61.539735038451795,15.561981511557741,200.0,200.0,U
15065,-61.54170080419342,15.560947265606535,200.0,200.0,U
15066,-61.539685361111964,15.561045023760302,200.0,200.0,U
15067,-61.54324340709594,15.56079138590638,200.0,200.0,U
15068,-61.538953340853524,15.561971979356613,200.0,200.0,U
15069,-61.54099951893324,15.561436526335934,200.0,200.0,U
15070,-61.539541186476384,15.55924713300184,200.0,200.0,U
15071,-61.54224043283965,15.561411230314425,200.0,200.0,U
15072,-61.5403426174553,15.563042983883403,200.0,200.0,U
15073,-61.54096905548562,15.561371076007338,200.0,200.0,U
15074,-61.541548399003524,15.563155911175324,200.0,200.0,U
15075,-61.539538628177404,15.561926699129502,200.0,200.0,U
15076,-61.54120429643748,15.561183577502561,200.0,200.0,U
15077,-61.54257610465697,15.563704223522015,200.0,200.0,U
15078,-61.54091443775016,15.56141101332217,200.0,200.0,U
15079,-61.54085543586145,15.561840558098368,200.0,200.0,U
15080,-61.54154671311613,15.563733262776227,200.0,200.0,U
15081,-61.54166084043568,15.561104498116181,200.0,200.0,U
15082,-61.54209320073684,15.560492372913425,200.0,200.0,U
15083,-61.54248222643213,15.557101697499194,200.0,200.0,U
15084,-61.541941485369264,15.561795714926214,200.0,200.0,U
15085,-61.543399838823525,15.56327241241315,200.0,200.0,U
15086,-61.54129949597906,15.560106859727318,200.0,200.0,U
15087,-61.53919857590594,15.563330948915429,200.0,200.0,U
15088,-61.53958549832064,15.560686999606071,200.0,200.0,U
15089,-61.5413504751821,15.56159351510647,200.0,200.0,U
15090,-61.53900037830261,15.557818009852312,200.0,200.0,U
15091,-61.54062327711717,15.562020927458775,200.0,200.0,U
15092,-61.53833971730815,15.559050999550276,200.0,200.0,U
15093,-61.54163785603701,15.561548401232466,200.0,200.0,U
15094,-61.54073019049849,15.561038280274607,200.0,200.0,U
15095,-61.54051383848367,15.56461109849347,200.0,200.0,U
15096,-61.540405559698996,15.561258207286855,200.0,200.0,U
15097,-61.540160877493356,15.564545763985796,200.0,200.0,U
15098,-61.53853142917274,15.563133717501787,200.0,200.0,U
15099,-61.53871297130498,15.561902387501735,200.0,200.0,U
15100,-61.54215004279262,15.561844225648507,200.0,200.0,U
15101,-61.541037749373785,15.561486391491893,200.0,200.0,U
15102,-61.53896548140286,15.560792843873442,200.0,200.0,U
15103,-61.541313111802005,15.561220202754656,200.0,200.0,U
15104,-61.54282203840471,15.560586784371056,200.0,200.0,U
15105,-61.54003022452239,15.562199734567686,200.0,200.0,U
15106,-61.542526334087725,15.563784034890828,200.0,200.0,U
15107,-61.54276287388308,15.56354478961236,200.0,200.0,U
15108,-61.54118366888129,15.560359749623078,200.0,200.0,U
15109,-61.5426473227918,15.561862356238846,200.0,200.0,U
15110,-61.54046238614532,15.562277314468092,200.0,200.0,U
15111,-61.541226367456225,15.561335322665336,200.0,200.0,U
15112,-61.54059344692682,15.56088657977774,200.0,200.0,U
15113,-61.53920298062645,15.564958866163517,200.0,200.0,U
15114,-61.54118212122712,15.562265945561373,200.0,200.0,U
15115,-61.53987257877591,15.56103157598354,200.0,200.0,U
15116,-61.54093011697059,15.561711235473497,200.0,200.0,U
15117,-61.540712819127144,15.561344194267477,200.0,200.0,U
15118,-61.541279929493925,15.5615449585843,200.0,200.0,U
15119,-61.540168055510314,15.564844592897764,200.0,200.0,U
15120,-61.543142270978755,15.562666644480672,200.0,200.0,U
15121,-61.5392904653284,15.561179651939753,200.0,200.0,U
15122,-61.540658974924376,15.558020218449945,200.0,200.0,U
15123,-61.541064541161674,15.560923062554934,200.0,200.0,U
15124,-61.53970953859781,15.562044695334054,200.0,200.0,U
15125,-61.542219254443495,15.564073725735781,200.0,200.0,U
15126,-61.5415093134504,15.562732734861472,200.0,200.0,U
15127,-61.541135954082115,15.561428995956806,200.0,200.0,U
15128,-61.54228129638086,15.560908583959618,200.0,200.0,U
15129,-61.54124049264881,15.561800564456485,200.0,200.0,U
15130,-61.539952157711376,15.56387511459807,200.0,200.0,U
15131,-61.54057370033558,15.562303982219367,200.0,200.0,U
15132,-61.54079042163806,15.561786082129965,200.0,200.0,U
15133,-61.54221641356774,15.560998597435663,200.0,200.0,U
15134,-61.541310653566136,15.561361056257164,200.0,200.0,U
15135,-61.541746826541846,15.561355104104294,200.0,200.0,U
15136,-61.541375614994244,15.560072306955702,200.0,200.0,U
15137,-61.541113778816865,15.561067009384866,200.0,200.0,U
15138,-61.54061538642377,15.562217103933065,200.0,200.0,U
15139,-61.54199117574769,15.559586325269615,200.0,200.0,U
15140,-61.54138882679534,15.561628175457098,200.0,200.0,U
15141,-61.54219286111395,15.561811585742976,200.0,200.0,U
15142,-61.540165598612106,15.56058225919134,200.0,200.0,U
15143,-61.5428348734932,15.56280797549684,200.0,200.0,U
15144,-61.54016254200453,15.56162275041248,200.0,200.0,U
15145,-61.538629121255454,15.562943096388654,200.0,200.0,U
15146,-61.54095051575624,15.560665008992311,200.0,200.0,U
15147,-61.5455096767,15.559415392841986,200.0,200.0,U
15148,-61.5409489042914,15.562247175331821,200.0,200.0,U
15149,-61.542510102252145,15.561824725452263,200.0,200.0,U
15150,-61.53901476048885,15.563046038381762,200.0,200.0,U
15151,-61.54135147506056,15.561548774525248,200.0,200.0,U
15152,-61.54291729131494,15.55848055809823,200.0,200.0,U
15153,-61.54094496242774,15.560560152039269,200.0,200.0,U
15154,-61.541197533955234,15.560895573934124,200.0,200.0,U
15155,-61.54197523323752,15.559738589329404,200.0,200.0,U
15156,-61.53860169635863,15.561854652252356,200.0,200.0,U
15157,-61.54061606370173,15.561286143380832,200.0,200.0,U
15158,-61.5405734177112,15.559767450614,200.0,200.0,U
15159,-61.54249299245184,15.559757828444786,200.0,200.0,U
15160,-61.54243902456675,15.562114164228541,200.0,200.0,U
15161,-61.54125604674393,15.561300551019377,200.0,200.0,U
15162,-61.54160524273358,15.560068727361573,200.0,200.0,U
15163,-61.54145628411094,15.561427984634044,200.0,200.0,U
15164,-61.53855051472421,15.562069770789781,200.0,200.0,U
15165,-61.537515250181876,15.562484676265807,200.0,200.0,U
15166,-61.541608359736344,15.56096882055316,200.0,200.0,U
15167,-61.540238566583334,15.562074598256933,200.0,200.0,U
15168,-61.54122616306563,15.561431732200651,200.0,200.0,U
15169,-61.540632275458556,15.561185064720016,200.0,200.0,U
15170,-61.5402914488035,15.564500012276929,200.0,200.0,U
15171,-61.54166125467742,15.563186444484089,200.0,200.0,U
15172,-61.54155911926043,15.561107792192427,200.0,200.0,U
15173,-61.54126126220922,15.561419886977708,200.0,200.0,U
15174,-61.541230615266215,15.56142297656633,200.0,200.0,U
15175,-61.54092681497299,15.561397111036552,200.0,200.0,U
15176,-61.54220789970555,15.560472346306504,200.0,200.0,U
15177,-61.54331147918416,15.56172701863617,200.0,200.0,U
15178,-61.54180644271369,15.56033790630611,200.0,200.0,U
15179,-61.54109256822406,15.56337622313436,200.0,200.0,U
15180,-61.54237191527671,15.563024283550607,200.0,200.0,U
15181,-61.54119813156625,15.561035451368326,200.0,200.0,U
15182,-61.54441608786513,15.557794225466564,200.0,200.0,U
15183,-61.54119769303797,15.561692596889786,200.0,200.0,U
15184,-61.54133568081434,15.560750597955177,200.0,200.0,U
15185,-61.537162952900644,15.563244896744054,200.0,200.0,U
15186,-61.54160567315632,15.56093356338484,200.0,200.0,U
15187,-61.53795214321567,15.561996249032655,200.0,200.0,U
15188,-61.54248765874482,15.560976138459733,200.0,200.0,U
15189,-61.54016355738203,15.560541921486248,200.0,200.0,U
15190,-61.5408767697234,15.560861733065156,200.0,200.0,U
15191,-61.541875405585884,15.559497703586059,200.0,200.0,U
15192,-61.54083078585032,15.563904953213,200.0,200.0,U
15193,-61.54024925396381,15.561838389125121,200.0,200.0,U
15194,-61.5417802826864,15.558956712095897,200.0,200.0,U
15195,-61.5425537453776,15.55976609405597,200.0,200.0,U
15196,-61.54048930856934,15.561334634102096,200.0,200.0,U
15197,-61.541038746308374,15.561174190496082,200.0,200.0,U
15198,-61.54483527200798,15.562231405168664,200.0,200.0,U
15199,-61.540937858809684,15.56086401424911,200.0,200.0,U
15200,-61.54072392457133,15.56015211845035,200.0,200.0,U
15201,-61.54338895508171,15.564300356083285,200.0,200.0,U
15202,-61.54321918179191,15.561258847322195,200.0,200.0,U
15203,-61.542611614212205,15.564194803659953,200.0,200.0,U
15204,-61.540215144941385,15.562407660772468,200.0,200.0,U
15205,-61.542781462919606,15.561159816844409,200.0,200.0,U
15206,-61.540015632070755,15.561432648150518,200.0,200.0,U
15207,-61.542023135775885,15.559558640411716,200.0,200.0,U
15208,-61.541606824997935,15.561207265075755,200.0,200.0,U
15209,-61.54048778930455,15.561063940901715,200.0,200.0,U
15210,-61.53890993654115,15.566663619795873,200.0,200.0,U
15211,-61.53972181050162,15.561607473163873,200.0,200.0,U
15212,-61.54208182937052,15.56286234223606,200.0,200.0,U
15213,-61.54123118828758,15.561494401767032,200.0,200.0,U
15214,-61.5412331874005,15.558085403089379,200.0,200.0,U
15215,-61.54018103397586,15.560639137124078,200.0,200.0,U
15216,-61.541301701131545,15.561446197242898,200.0,200.0,U
15217,-61.54125430559147,15.562659776827699,200.0,200.0,U
15218,-61.54054548773688,15.55947218245343,200.0,200.0,U
15219,-61.54118094978419,15.56174169267451,200.0,200.0,U
15220,-61.5422249266758,15.561086251109474,200.0,200.0,U
15221,-61.539577295280665,15.557688357969145,200.0,200.0,U
15222,-61.54315639236861,15.561343722987553,200.0,200.0,U
15223,-61.5411293591305,15.561491216660581,200.0,200.0,U
15224,-61.54121112065412,15.561635700135296,200.0,200.0,U
15225,-61.53808431491868,15.563287229902267,200.0,200.0,U
15226,-61.53962676182145,15.559017657492387,200.0,200.0,U
15227,-61.540768580788445,15.561024211495441,200.0,200.0,U
15228,-61.541297418448714,15.561466013722898,200.0,200.0,U
15229,-61.54247927130739,15.56262909212948,200.0,200.0,U
15230,-61.546523922031014,15.562199849680777,200.0,200.0,U
15231,-61.53777047588374,15.561009675148606,200.0,200.0,U
15232,-61.540696504945565,15.560566217263135,200.0,200.0,U
15233,-61.54182297547373,15.56099702555506,200.0,200.0,U
15234,-61.54269174909589,15.563145125044691,200.0,200.0,U
15235,-61.540449321498244,15.559970437888996,200.0,200.0,U
15236,-61.54348140339439,15.562509361808395,200.0,200.0,U
15237,-61.53930162133564,15.561218082071793,200.0,200.0,U
15238,-61.54107379235336,15.56179992393037,200.0,200.0,U
15239,-61.543237999106054,15.563319993777249,200.0,200.0,U
15240,-61.542978273441236,15.565208793259083,200.0,200.0,U
15241,-61.539621496331414,15.55942755149927,200.0,200.0,U
15242,-61.54047448701465,15.561344730764242,200.0,200.0,U
15243,-61.54133673193889,15.561431281642852,200.0,200.0,U
15244,-61.54176702701878,15.560709214285582,200.0,200.0,U
15245,-61.53976941742146,15.561720173380763,200.0,200.0,U
15246,-61.54180124530103,15.56134350986976,200.0,200.0,U
15247,-61.54233888225139,15.560108224689396,200.0,200.0,U
15248,-61.54098696385283,15.561290955966257,200.0,200.0,U
15249,-61.54203307622108,15.560908125810423,200.0,200.0,U
15250,-61.54001984351964,15.560533850110806,200.0,200.0,U
15251,-61.54368733050389,15.55754663937827,200.0,200.0,U
15252,-61.54063693582463,15.560908164571334,200.0,200.0,U
15253,-61.54010412641014,15.56093665673542,200.0,200.0,U
15254,-61.540031467772266,15.561921620699266,200.0,200.0,U
15255,-61.54170147077077,15.561476843557779,200.0,200.0,U
15256,-61.543288843344044,15.56376783581172,200.0,200.0,U
15257,-61.54165848064182,15.5619442223246,200.0,200.0,U
15258,-61.54140579305586,15.56140469555453,200.0,200.0,U
15259,-61.53847865411111,15.559560737022464,200.0,200.0,U
15260,-61.54148658093557,15.560870782064208,200.0,200.0,U
15261,-61.541349227791024,15.56164761344945,200.0,200.0,U
15262,-61.54080907674838,15.56061291999487,200.0,200.0,U
15263,-61.544067069255874,15.561031061857445,200.0,200.0,U
15264,-61.541926807684455,15.56315458410433,200.0,200.0,U
15265,-61.542672482474565,15.562128256436823,200.0,200.0,U
15266,-61.54143793679971,15.561248028402156,200.0,200.0,U
15267,-61.54154101752087,15.561425083609796,200.0,200.0,U
15268,-61.54113332504112,15.562442387348094,200.0,200.0,U
15269,-61.54013133598726,15.56264606961096,200.0,200.0,U
15270,-61.542772993939,15.559849310374435,200.0,200.0,U
15271,-61.539519875330164,15.562499289697469,200.0,200.0,U
15272,-61.54121858636866,15.561392468649904,200.0,200.0,U
15273,-61.54172440920854,15.560578402384788,200.0,200.0,U
15274,-61.539938177649475,15.564008235698145,200.0,200.0,U
15275,-61.54387355248287,15.562430364178487,200.0,200.0,U
15276,-61.54067674296603,15.562109184583441,200.0,200.0,U
15277,-61.541362873670685,15.561475621108555,200.0,200.0,U
15278,-61.541788085078394,15.561791060915638,200.0,200.0,U
15279,-61.54037336508596,15.559471124942737,200.0,200.0,U
15280,-61.54158247834292,15.56239156065283,200.0,200.0,U
15281,-61.541463950268536,15.56162731286335,200.0,200.0,U
15282,-61.5408797898351,15.562793372526814,200.0,200.0,U
15283,-61.541825993470326,15.562288132082946,200.0,200.0,U
15284,-61.54170139653112,15.561406680287444,200.0,200.0,U
15285,-61.541739527710675,15.56165418897222,200.0,200.0,U
15286,-61.538515859127635,15.55844586982401,200.0,200.0,U
15287,-61.54167768292014,15.559781150941287,200.0,200.0,U
15288,-61.54133119496236,15.561504724972261,200.0,200.0,U
15289,-61.539676025221475,15.564381021262793,200.0,200.0,U
15290,-61.54177842187174,15.56306824027413,200.0,200.0,U
15291,-61.542954268874375,15.56021572864836,200.0,200.0,U
15292,-61.54169243307541,15.56218143253344,200.0,200.0,U
15293,-61.541874558350266,15.56158514667155,200.0,200.0,U
15294,-61.54100186926624,15.56238500117397,200.0,200.0,U
15295,-61.54138978601712,15.561435128751622,200.0,200.0,U
15296,-61.54096273783504,15.563165697831655,200.0,200.0,U
15297,-61.541305529595725,15.560804388797862,200.0,200.0,U
15298,-61.54095332154393,15.560805607291249,200.0,200.0,U
15299,-61.54161522559404,15.561379761707702,200.0,200.0,U
15300,-61.541372022001774,15.561732485786408,200.0,200.0,U
15301,-61.54150149829652,15.56133395035275,200.0,200.0,U
15302,-61.54306068687555,15.560632636438287,200.0,200.0,U
15303,-61.53932494653743,15.559649693159061,200.0,200.0,U
15304,-61.5400291020923,15.563945304366495,200.0,200.0,U
15305,-61.53956744099282,15.560793091486968,200.0,200.0,U
15306,-61.54130038942861,15.560620660050775,200.0,200.0,U
15307,-61.54053007207868,15.561478869394298,200.0,200.0,U
15308,-61.54288691123032,15.561450326619664,200.0,200.0,U
15309,-61.54139810656168,15.561005765884467,200.0,200.0,U
15310,-61.54132706156683,15.562024332463332,200.0,200.0,U
15311,-61.54575237982247,15.56008928569676,200.0,200.0,U
15312,-61.54125202726285,15.563395317617625,200.0,200.0,U
15313,-61.54146017547275,15.561076210572441,200.0,200.0,U
15314,-61.5424702199281,15.56189105794472,200.0,200.0,U
15315,-61.54350052561198,15.56024382682522,200.0,200.0,U
15316,-61.54382073103487,15.560459613083374,200.0,200.0,U
15317,-61.541428862238966,15.561015652766157,200.0,200.0,U
15318,-61.541014534505926,15.562652626922647,200.0,200.0,U
15319,-61.541169932880585,15.56132903293473,200.0,200.0,U
15320,-61.54120376292256,15.560178733139812,200.0,200.0,U
15321,-61.54182694100081,15.56280240135766,200.0,200.0,U
15322,-61.53968926712495,15.56005608853318,200.0,200.0,U
15323,-61.54212704425027,15.560245129342995,200.0,200.0,U
15324,-61.53907919600165,15.56006079018738,200.0,200.0,U
15325,-61.54142149122612,15.561464667933711,200.0,200.0,U
15326,-61.5429900577135,15.563398481700073,200.0,200.0,U
15327,-61.54223525236949,15.562357447247878,200.0,200.0,U
15328,-61.541135322611105,15.562148995688279,200.0,200.0,U
15329,-61.541916350394935,15.560994596858704,200.0,200.0,U
15330,-61.54294901748523,15.56234877664305,200.0,200.0,U
15331,-61.54320008698739,15.55958149748595,200.0,200.0,U
15332,-61.54012256657844,15.560817430259176,200.0,200.0,U
15333,-61.53945415503032,15.558626990725404,200.0,200.0,U
15334,-61.54317017924322,15.559605146025165,200.0,200.0,U
15335,-61.5423991741133,15.561079536916194,200.0,200.0,U
15336,-61.54332713589273,15.562851516402961,200.0,200.0,U
15337,-61.54139882474588,15.561022763914924,200.0,200.0,U
15338,-61.54149770950498,15.561600775654007,200.0,200.0,U
15339,-61.54160728238741,15.560103590045486,200.0,200.0,U
15340,-61.54110666753257,15.561573343795272,200.0,200.0,U
15341,-61.54025232447665,15.561033332581554,200.0,200.0,U
15342,-61.54340261950501,15.560064641780649,200.0,200.0,U
15343,-61.54061267873839,15.5605051325178,200.0,200.0,U
15344,-61.542146973758406,15.560278287443282,200.0,200.0,U
15345,-61.54212903442879,15.560750524214708,200.0,200.0,U
15346,-61.541295099788925,15.560674145812332,200.0,200.0,U
15347,-61.541142043031364,15.559552750148073,200.0,200.0,U
15348,-61.541249038311996,15.560323799532206,200.0,200.0,U
15349,-61.54101863048072,15.562748796537274,200.0,200.0,U
15350,-61.54255527746392,15.562601139162172,200.0,200.0,U
15351,-61.54127143447057,15.561729949488448,200.0,200.0,U
15352,-61.542204689761064,15.561806162093683,200.0,200.0,U
15353,-61.54050422469892,15.562760839701351,200.0,200.0,U
15354,-61.54163551276596,15.561609380032968,200.0,200.0,U
15355,-61.54160916205559,15.563223625379155,200.0,200.0,U
15356,-61.539701495906804,15.56215318509249,200.0,200.0,U
15357,-61.54213497538501,15.564260174446963,200.0,200.0,U
15358,-61.54138312068818,15.561647477474285,200.0,200.0,U
15359,-61.542019142004136,15.559674314275119,200.0,200.0,U
15360,-61.539478104782894,15.56040576566545,200.0,200.0,U
15361,-61.543122938684725,15.559455325667464,200.0,200.0,U
15362,-61.54095302515837,15.561024656467001,200.0,200.0,U
15363,-61.54212423542481,15.561237433168815,200.0,200.0,U
15364,-61.54153817869288,15.561356407096198,200.0,200.0,U
15365,-61.54061392595152,15.561164196839309,200.0,200.0,U
15366,-61.540673131259815,15.560508934350954,200.0,200.0,U
15367,-61.541667811579615,15.561332770197932,200.0,200.0,U
15368,-61.54181943954247,15.561958861205447,200.0,200.0,U
15369,-61.54363305279298,15.561739734724132,200.0,200.0,U
15370,-61.54105446984368,15.559547186631239,200.0,200.0,U
15371,-61.54165579743055,15.560608337990102,200.0,200.0,U
15372,-61.54007445020528,15.560581976961743,200.0,200.0,U
15373,-61.54267767574564,15.561055437974685,200.0,200.0,U
15374,-61.54121639431284,15.561422341135254,200.0,200.0,U
15375,-61.54000744016154,15.562036595947555,200.0,200.0,U
15376,-61.5407294054818,15.562194141930666,200.0,200.0,U
15377,-61.54073908576673,15.5615068237184,200.0,200.0,U
15378,-61.54202791518199,15.560423961334873,200.0,200.0,U
15379,-61.54041601075059,15.560963376503684,200.0,200.0,U
15380,-61.54094513226355,15.561050213242305,200.0,200.0,U
15381,-61.54031740768421,15.561875769036796,200.0,200.0,U
15382,-61.54245055016066,15.561486107216085,200.0,200.0,U
15383,-61.54465140333469,15.559933338979304,200.0,200.0,U
15384,-61.537856734071774,15.560755879814693,200.0,200.0,U
15385,-61.53968574876918,15.560785776267679,200.0,200.0,U
15386,-61.54328348058615,15.562438607772066,200.0,200.0,U
15387,-61.541456537928354,15.561452945106954,200.0,200.0,U
15388,-61.54265625924528,15.562112114689063,200.0,200.0,U
15389,-61.54089919337335,15.564545425155924,200.0,200.0,U
15390,-61.53980465003824,15.563138621768616,200.0,200.0,U
15391,-61.54161888086126,15.560981847071846,200.0,200.0,U
15392,-61.54176256135027,15.561999113285797,200.0,200.0,U
15393,-61.541350811435485,15.562234475972991,200.0,200.0,U
15394,-61.54174197350875,15.561419574984688,200.0,200.0,U
15395,-61.542035189032696,15.561038394781493,200.0,200.0,U
15396,-61.5435075869732,15.562471092970458,200.0,200.0,U
15397,-61.54182763699052,15.5629855305464,200.0,200.0,U
15398,-61.542014556473994,15.564051459154717,200.0,200.0,U
15399,-61.541502289884384,15.560325729965374,200.0,200.0,U
15400,-61.5426406207034,15.562050187376776,200.0,200.0,U
15401,-61.54208142256692,15.562182733644278,200.0,200.0,U
15402,-61.54198009845369,15.561017037322664,200.0,200.0,U
15403,-61.539732622618,15.559435883111151,200.0,200.0,U
15404,-61.54061641752573,15.56456247968767,200.0,200.0,U
15405,-61.54112880918501,15.560791439262246,200.0,200.0,U
15406,-61.5403693527022,15.562021514432876,200.0,200.0,U
15407,-61.542272852999545,15.562044275303405,200.0,200.0,U
15408,-61.541666654407685,15.561775034499666,200.0,200.0,U
15409,-61.54046473726848,15.561067004006256,200.0,200.0,U
15410,-61.539978391192506,15.560263387290926,200.0,200.0,U
15411,-61.54202466804057,15.560449134491444,200.0,200.0,U
15412,-61.542278728219934,15.561485324918568,200.0,200.0,U
15413,-61.54182711068904,15.560464832270148,200.0,200.0,U
15414,-61.54146195054722,15.561393641145651,200.0,200.0,U
15415,-61.54177445111909,15.560823713396939,200.0,200.0,U
15416,-61.54179239070305,15.561495033005876,200.0,200.0,U
15417,-61.54194415972945,15.561643271140545,200.0,200.0,U
15418,-61.54446679548166,15.559621125456848,200.0,200.0,U
15419,-61.54278777883225,15.560554985140794,200.0,200.0,U
15420,-61.54130464974648,15.562225399148595,200.0,200.0,U
15421,-61.54220445476756,15.561620671290475,200.0,200.0,U
15422,-61.54277729679598,15.561288881253489,200.0,200.0,U
15423,-61.54142055141397,15.561538578364827,200.0,200.0,U
15424,-61.54510562215134,15.560839708117145,200.0,200.0,U
15425,-61.542150775392656,15.557598871063977,200.0,200.0,U
15426,-61.54125321125124,15.561013735921138,200.0,200.0,U
15427,-61.54127847598394,15.561193774167645,200.0,200.0,U
15428,-61.54143154937365,15.561867245829314,200.0,200.0,U
15429,-61.541635318805966,15.561850264095872,200.0,200.0,U
15430,-61.54169804018477,15.561159214985585,200.0,200.0,U
15431,-61.541791227883955,15.559739578566388,200.0,200.0,U
15432,-61.54174398671098,15.562708555071323,200.0,200.0,U
15433,-61.542813627408215,15.559759970685022,200.0,200.0,U
15434,-61.54156920081817,15.560732414373724,200.0,200.0,U
15435,-61.54167886269127,15.561427751863429,200.0,200.0,U
15436,-61.54274206591991,15.561368394970868,200.0,200.0,U
15437,-61.54188162200705,15.560996432384838,200.0,200.0,U
15438,-61.53929341643923,15.561726142379465,200.0,200.0,U
15439,-61.53952679459471,15.56298866675256,200.0,200.0,U
15440,-61.54378318298995,15.561862120518377,200.0,200.0,U
15441,-61.54108029821448,15.562228311117993,200.0,200.0,U
15442,-61.54376185978259,15.560890310762211,200.0,200.0,U
15443,-61.54272356910851,15.561435291827472,200.0,200.0,U
15444,-61.54110770428454,15.559205151782772,200.0,200.0,U
15445,-61.54254178349458,15.562150797000973,200.0,200.0,U
15446,-61.54173920880775,15.561599740626287,200.0,200.0,U
15447,-61.54199061590536,15.560975031058243,200.0,200.0,U
15448,-61.539294625592234,15.56353870203214,200.0,200.0,U
15449,-61.54019427154908,15.56014575909873,200.0,200.0,U
15450,-61.540816252938555,15.558905057958846,200.0,200.0,U
15451,-61.54045129647393,15.561534598050052,200.0,200.0,U
15452,-61.54128736587014,15.561602773453455,200.0,200.0,U
15453,-61.540916584955326,15.562024001597509,200.0,200.0,U
15454,-61.54196894513194,15.562866908857474,200.0,200.0,U
15455,-61.543311614348774,15.560085423271504,200.0,200.0,U
15456,-61.54083644735368,15.563046948357444,200.0,200.0,U
15457,-61.54166536904763,15.562928683390247,200.0,200.0,U
15458,-61.53956100890813,15.55979621102967,200.0,200.0,U
15459,-61.54098005216801,15.561020055801617,200.0,200.0,U
15460,-61.539993621195215,15.560924901137678,200.0,200.0,U
15461,-61.54124821879007,15.561304427276161,200.0,200.0,U
15462,-61.542045518516204,15.561287730349253,200.0,200.0,U
15463,-61.54327702266886,15.560833224005819,200.0,200.0,U
15464,-61.54265090762099,15.561381160548247,200.0,200.0,U
15465,-61.53962078060036,15.55775668623631,200.0,200.0,U
15466,-61.54179207637376,15.561451902194044,200.0,200.0,U
15467,-61.54720353060182,15.557887378223057,200.0,200.0,U
15468,-61.54572980467938,15.56126668397857,200.0,200.0,U
15469,-61.541458772003246,15.560755048704497,200.0,200.0,U
15470,-61.54239160475458,15.56174331929186,200.0,200.0,U
15471,-61.541620166588125,15.560735477979984,200.0,200.0,U
15472,-61.54136752689206,15.560592870415293,200.0,200.0,U
15473,-61.54145719932346,15.562020183511313,200.0,200.0,U
15474,-61.54388451671545,15.562227354079036,200.0,200.0,U
15475,-61.53871832708626,15.560691070124324,200.0,200.0,U
15476,-61.54258333822861,15.55849498620863,200.0,200.0,U
15477,-61.541148904341355,15.561894751034906,200.0,200.0,U
15478,-61.54287598530744,15.560905617932562,200.0,200.0,U
15479,-61.540777750738734,15.56002088096668,200.0,200.0,U
15480,-61.541166305523205,15.561109750453102,200.0,200.0,U
15481,-61.54332144341391,15.559751287301047,200.0,200.0,U
15482,-61.541947901773945,15.561287313673471,200.0,200.0,U
15483,-61.54098284282111,15.561013373928724,200.0,200.0,U
15484,-61.541906552627545,15.561309454818451,200.0,200.0,U
15485,-61.53771556153189,15.559979875329168,200.0,200.0,U
15486,-61.54072970299551,15.561822596109666,200.0,200.0,U
15487,-61.54159635393616,15.560466537875818,200.0,200.0,U
15488,-61.54003709477769,15.56050935404418,200.0,200.0,U
15489,-61.54522865040284,15.560777213446062,200.0,200.0,U
15490,-61.54241538403161,15.561811915498957,200.0,200.0,U
15491,-61.54166160015448,15.56123800495101,200.0,200.0,U
15492,-61.53951767568423,15.563550599789304,200.0,200.0,U
15493,-61.54427726286732,15.562556714769324,200.0,200.0,U
15494,-61.54172364389882,15.561381520090714,200.0,200.0,U
15495,-61.54216361723471,15.563090384552794,200.0,200.0,U
15496,-61.540214904765435,15.561638758069847,200.0,200.0,U
15497,-61.54501172205503,15.561396240844088,200.0,200.0,U
15498,-61.54466392399653,15.56115069051376,200.0,200.0,U
15499,-61.54169739069879,15.561247539191484,200.0,200.0,U
15500,-61.54267221780929,15.562874400822771,200.0,200.0,U
15501,-61.54359199044389,15.559765741096914,200.0,200.0,U
15502,-61.54137927655401,15.560998496077056,200.0,200.0,U
15503,-61.54275152416036,15.562458627672415,200.0,200.0,U
15504,-61.54187447387416,15.561260304385378,200.0,200.0,U
15505,-61.54112356812684,15.562392261188684,200.0,200.0,U
15506,-61.545650237090776,15.560366500308604,200.0,200.0,U
15507,-61.53908134750062,15.558396372570314,200.0,200.0,U
15508,-61.542369446561715,15.560630724983852,200.0,200.0,U
15509,-61.54340678352939,15.561904880463002,200.0,200.0,U
15510,-61.542121572643204,15.561186765486388,200.0,200.0,U
15511,-61.542239563031444,15.5617200472182,200.0,200.0,U
15512,-61.5379933123266,15.561467630237633,200.0,200.0,U
15513,-61.542284593379655,15.558037951045407,200.0,200.0,U
15514,-61.53955828308427,15.560982609896469,200.0,200.0,U
15515,-61.54083184712534,15.56394219588488,200.0,200.0,U
15516,-61.54330276583548,15.56098300957808,200.0,200.0,U
15517,-61.54189782404317,15.562239404312098,200.0,200.0,U
15518,-61.542094108959105,15.561101996435713,200.0,200.0,U
15519,-61.542945381514606,15.561847392251476,200.0,200.0,U
15520,-61.54103536180721,15.561940990709004,200.0,200.0,U
15521,-61.54241513167977,15.562215471273142,200.0,200.0,U
15522,-61.54332449205615,15.559687764547776,200.0,200.0,U
15523,-61.54342493493888,15.560816731123236,200.0,200.0,U
15524,-61.54194850136968,15.561747979232495,200.0,200.0,U
15525,-61.53989617198596,15.560099551449563,200.0,200.0,U
15526,-61.539971682683884,15.558189868093356,200.0,200.0,U
15527,-61.53928185236011,15.56292251445846,200.0,200.0,U
15528,-61.54163341843131,15.562564319094562,200.0,200.0,U
15529,-61.5444535935175,15.562328488387395,200.0,200.0,U
15530,-61.53946806403713,15.559805353334188,200.0,200.0,U
15531,-61.5385595950167,15.560217846477208,200.0,200.0,U
15532,-61.54198416576203,15.56115858293406,200.0,200.0,U
15533,-61.54315967679656,15.561898765912732,200.0,200.0,U
15534,-61.5435333864536,15.561082546697678,200.0,200.0,U
15535,-61.542768674342206,15.561225852982203,200.0,200.0,U
15536,-61.542301048623585,15.558533540366668,200.0,200.0,U
15537,-61.54193680236701,15.561385780303556,200.0,200.0,U
15538,-61.54191282253043,15.561908700392006,200.0,200.0,U
15539,-61.538183761028854,15.560949993057624,200.0,200.0,U
15540,-61.541180744966624,15.560803901957733,200.0,200.0,U
15541,-61.54099591697307,15.560776694559902,200.0,200.0,U
15542,-61.542924953162014,15.561751401749165,200.0,200.0,U
15543,-61.54216242509201,15.561333515872668,200.0,200.0,U
15544,-61.54341797285356,15.562081993648407,200.0,200.0,U
15545,-61.54252047991564,15.561368659176873,200.0,200.0,U
15546,-61.54306610908179,15.559848020128426,200.0,200.0,U
15547,-61.54118414501606,15.561085904167463,200.0,200.0,U
15548,-61.542045258841334,15.562253928755798,200.0,200.0,U
15549,-61.54102115963017,15.564379470000057,200.0,200.0,U
15550,-61.54089420240243,15.560700819487597,200.0,200.0,U
15551,-61.53906540830866,15.562897081951746,200.0,200.0,U
15552,-61.541081412055284,15.560984534672704,200.0,200.0,U
15553,-61.54094024241575,15.558649064054743,200.0,200.0,U
15554,-61.54369474578576,15.561654546692663,200.0,200.0,U
15555,-61.54081734399214,15.559848599613336,200.0,200.0,U
15556,-61.53967474600053,15.563025595021383,200.0,200.0,U
15557,-61.54169273662933,15.561641297982211,200.0,200.0,U
15558,-61.542188045715115,15.5603477910673,200.0,200.0,U
15559,-61.54201992726679,15.561219301910063,200.0,200.0,U
15560,-61.54280640551962,15.560509957696949,200.0,200.0,U
15561,-61.541699064647716,15.561354766809705,200.0,200.0,U
15562,-61.54174902560317,15.559709733022654,200.0,200.0,U
15563,-61.542480368712724,15.561477727301389,200.0,200.0,U
15564,-61.54314063080899,15.561499950658515,200.0,200.0,U
15565,-61.540936319767056,15.561919512006298,200.0,200.0,U
15566,-61.541434257785816,15.56231374601014,200.0,200.0,U
15567,-61.54180306662653,15.561402623468732,200.0,200.0,U
15568,-61.541347466408524,15.55989078814324,200.0,200.0,U
15569,-61.54146673803601,15.561588634848261,200.0,200.0,U
15570,-61.541949307161154,15.561942331250238,200.0,200.0,U
15571,-61.5409954538606,15.560950747618227,200.0,200.0,U
15572,-61.54323535018822,15.559075749648303,200.0,200.0,U
15573,-61.54225158555742,15.56145686691905,200.0,200.0,U
15574,-61.54246063175448,15.56160142815761,200.0,200.0,U
15575,-61.54196486803327,15.561367279830892,200.0,200.0,U
15576,-61.54128407202738,15.561726640928304,200.0,200.0,U
15577,-61.5435960325097,15.56007231327655,200.0,200.0,U
15578,-61.5424332617981,15.560795591769688,200.0,200.0,U
15991,-61.54225500366065,15.558562751590118,200.0,200.0,U
15992,-61.542887895371436,15.560978302665303,200.0,200.0,U
15993,-61.54248601841839,15.56232137535594,200.0,200.0,U
15994,-61.543558110917395,15.561985116986547,200.0,200.0,U
15995,-61.54214972147326,15.561202026264315,200.0,200.0,U
15996,-61.543020351606096,15.561193944139184,200.0,200.0,U
15997,-61.542069197004075,15.561427376470714,200.0,200.0,U
15998,-61.54497562422757,15.561348715623364,200.0,200.0,U
15999,-61.54623642872189,15.561874222044606,200.0,200.0,U
16000,-61.542705237672166,15.561204689724482,200.0,200.0,U
16001,-61.542719850320154,15.561262702289474,200.0,200.0,U
16002,-61.54136687541926,15.561741777809832,200.0,200.0,U
16003,-61.54140370115927,15.559815477356958,200.0,200.0,U
16004,-61.54394651278029,15.561458216525825,200.0,200.0,U
16005,-61.54315624491985,15.559955838068024,200.0,200.0,U
16006,-61.54171788861652,15.559907879091707,200.0,200.0,U
16007,-61.542093038661484,15.560603168059394,200.0,200.0,U
16008,-61.540887528169655,15.561672748907302,200.0,200.0,U
16009,-61.54152008737501,15.560817048790753,200.0,200.0,U
16010,-61.542894268984874,15.560711544544699,200.0,200.0,U
16011,-61.54107286533975,15.562008367985005,200.0,200.0,U
16012,-61.542741555081605,15.560478125364483,200.0,200.0,U
16013,-61.54330993069487,15.561099084082063,200.0,200.0,U
16014,-61.54444573838365,15.55786879392155,200.0,200.0,U
16015,-61.541831948505695,15.56062939244879,200.0,200.0,U
16016,-61.54342156250547,15.561785315315952,200.0,200.0,U
16017,-61.543568504038554,15.562922606751876,200.0,200.0,U
16018,-61.54808702734537,15.557048218016677,200.0,200.0,U
16019,-61.5404753119646,15.561917133811747,200.0,200.0,U
16020,-61.542836002741815,15.561099051871707,200.0,200.0,U
16021,-61.544800153885156,15.561942211683464,200.0,200.0,U
16022,-61.54331511498032,15.560941098252405,200.0,200.0,U
16023,-61.54311576040834,15.560909695861122,200.0,200.0,U
16024,-61.544452983573855,15.558000592970822,200.0,200.0,U
16025,-61.5430422065055,15.563416027034338,200.0,200.0,U
16026,-61.54204858803539,15.55872756005197,200.0,200.0,U
16027,-61.54566798829395,15.561999175347022,200.0,200.0,U
16028,-61.54285423585443,15.560864591137708,200.0,200.0,U
16029,-61.54335909663727,15.558882883574766,200.0,200.0,U
16030,-61.542963290441705,15.562365695282113,200.0,200.0,U
16031,-61.54383638108188,15.560278313958927,200.0,200.0,U
16032,-61.54470125418104,15.561992536260368,200.0,200.0,U
16033,-61.54307077009245,15.561116427953104,200.0,200.0,U
16034,-61.543578179970396,15.562306275558619,200.0,200.0,U
16035,-61.54301715056407,15.560504606679782,200.0,200.0,U
16036,-61.54366504381094,15.559864561358902,200.0,200.0,U
16037,-61.543325210670204,15.561084779726746,200.0,200.0,U
16038,-61.54410872953622,15.558906972713366,200.0,200.0,U
16039,-61.54373816366538,15.561455158112508,200.0,200.0,U
16040,-61.542182373254235,15.564123792771579,200.0,200.0,U
16041,-61.54300873995657,15.56109561365147,200.0,200.0,U
16042,-61.54349903285801,15.561962002409514,200.0,200.0,U
16043,-61.54368140822993,15.561574427312033,200.0,200.0,U
16044,-61.54412829384731,15.563089465739091,200.0,200.0,U
16045,-61.54009884929264,15.564197835018165,200.0,200.0,U
16046,-61.54300257930865,15.561887452002727,200.0,200.0,U
16047,-61.54222668247502,15.560720744724675,200.0,200.0,U
16048,-61.54170176986465,15.562121377070204,200.0,200.0,U
16049,-61.54289563453395,15.56079511001851,200.0,200.0,U
16050,-61.542977928132686,15.561115801670892,200.0,200.0,U
16051,-61.54339659036717,15.561125204745242,200.0,200.0,U
16052,-61.541773054595,15.563384840765787,200.0,200.0,U
16053,-61.540931388632,15.562563447436629,200.0,200.0,U
16054,-61.53990886142555,15.561681892598122,200.0,200.0,U
16055,-61.54568129778085,15.563284184457217,200.0,200.0,U
16056,-61.54290617235958,15.561656382960795,200.0,200.0,U
16057,-61.54281277931644,15.563411854498845,200.0,200.0,U
16058,-61.54284878738588,15.56040838820798,200.0,200.0,U
16059,-61.542945425830496,15.560817247915988,200.0,200.0,U
16060,-61.5442092859721,15.562386846609819,200.0,200.0,U
16061,-61.54104213180402,15.560278884832162,200.0,200.0,U
16062,-61.54354034832068,15.563084870635608,200.0,200.0,U
16063,-61.542587883338776,15.560664159794912,200.0,200.0,U
16064,-61.5429851124354,15.561009621934444,200.0,200.0,U
16065,-61.54270521037293,15.562487025605721,200.0,200.0,U
16066,-61.54574864555836,15.561538002101319,200.0,200.0,U
16067,-61.542738760534064,15.561323338723277,200.0,200.0,U
16068,-61.54300397903394,15.561135699447707,200.0,200.0,U
16069,-61.54332653097286,15.559205867403259,200.0,200.0,U
16070,-61.54295580614306,15.561092034602801,200.0,200.0,U
16071,-61.54310828855682,15.560697972778502,200.0,200.0,U
16072,-61.54315933162802,15.559664732702608,200.0,200.0,U
16073,-61.543656062620094,15.56090644568358,200.0,200.0,U
16074,-61.54292429276158,15.560946351418808,200.0,200.0,U
16075,-61.54406356435766,15.562356781745004,200.0,200.0,U
16076,-61.543398818512706,15.561659831458213,200.0,200.0,U
16077,-61.54344314806233,15.559000141812335,200.0,200.0,U
16078,-61.544136483121434,15.55957822094398,200.0,200.0,U
16079,-61.54295837254279,15.561193845124661,200.0,200.0,U
16080,-61.54257290309227,15.561112776644878,200.0,200.0,U
16081,-61.542837450775906,15.561179504129225,200.0,200.0,U
16082,-61.54792696656826,15.560668414694057,200.0,200.0,U
16083,-61.54406768419778,15.562544965793919,200.0,200.0,U
16084,-61.544057539193716,15.560664072039703,200.0,200.0,U
16085,-61.54316604681602,15.561160813244655,200.0,200.0,U
16086,-61.542532251568,15.560401205495067,200.0,200.0,U
16087,-61.542768004747025,15.560914040564835,200.0,200.0,U
16088,-61.54341720015981,15.562783716090825,200.0,200.0,U
16089,-61.54348488328757,15.561086058369561,200.0,200.0,U
16090,-61.54301127387416,15.560872158467326,200.0,200.0,U
16091,-61.54350747184073,15.560248970716003,200.0,200.0,U
16092,-61.5434517350035,15.560928586492254,200.0,200.0,U
16093,-61.542322401383274,15.562167894038542,200.0,200.0,U
16094,-61.54238016409444,15.560163995568344,200.0,200.0,U
16095,-61.543022377282675,15.561349812451768,200.0,200.0,U
16096,-61.54442983958047,15.561668378289285,200.0,200.0,U
16097,-61.54450552043919,15.562871840149027,200.0,200.0,U
16098,-61.54113703321534,15.562729766831573,200.0,200.0,U
16099,-61.54306068234326,15.561129134443062,200.0,200.0,U
16100,-61.54317586210964,15.561122005214385,200.0,200.0,U
16101,-61.5430732036709,15.562127293396754,200.0,200.0,U
16102,-61.545501229624286,15.561603427887272,200.0,200.0,U
16103,-61.543159344011144,15.56289729246541,200.0,200.0,U
16104,-61.54307007953167,15.56067042303963,200.0,200.0,U
16105,-61.54294998334721,15.561152413413563,200.0,200.0,U
16106,-61.54260621589177,15.559463153888126,200.0,200.0,U
16107,-61.543637967467944,15.560867188347965,200.0,200.0,U
16108,-61.5430377055115,15.561030340879368,200.0,200.0,U
16109,-61.5431056372772,15.559534885844789,200.0,200.0,U
16110,-61.54289732068612,15.563667617789152,200.0,200.0,U
16111,-61.54062350303291,15.560471747323993,200.0,200.0,U
16112,-61.54282161920456,15.56152082975637,200.0,200.0,U
16113,-61.54271500788134,15.561612329744037,200.0,200.0,U
16114,-61.542688337781925,15.561358708625404,200.0,200.0,U
16115,-61.545382555743736,15.562378746794955,200.0,200.0,U
16116,-61.54299258346523,15.563200911343491,200.0,200.0,U
16117,-61.54307052647098,15.561126494096134,200.0,200.0,U
16118,-61.54366436032046,15.560675541796812,200.0,200.0,U
16119,-61.544391609380924,15.560636558802695,200.0,200.0,U
16120,-61.5425641944272,15.561239515744957,200.0,200.0,U
16121,-61.54326079991768,15.561124757359407,200.0,200.0,U
16122,-61.54245182531903,15.559534163239674,200.0,200.0,U
16123,-61.54234783486903,15.56037163582405,200.0,200.0,U
16124,-61.544763821604064,15.563279222649433,200.0,200.0,U
16125,-61.54159405343663,15.562522696978878,200.0,200.0,U
16126,-61.54334197574083,15.561151918022544,200.0,200.0,U
16127,-61.54295362927498,15.561750603674072,200.0,200.0,U
16128,-61.54071523855193,15.560178322733224,200.0,200.0,U
16129,-61.54499037531858,15.56039928932926,200.0,200.0,U
16130,-61.54267945737288,15.560854424496867,200.0,200.0,U
16131,-61.54207294615433,15.561903347395088,200.0,200.0,U
16132,-61.54449965148088,15.5609123147427,200.0,200.0,U
16133,-61.54229407102871,15.56133329460693,200.0,200.0,U
16134,-61.54279012139324,15.561598297219659,200.0,200.0,U
16135,-61.540087854486444,15.560761941336409,200.0,200.0,U
16136,-61.54337067449465,15.561440324998133,200.0,200.0,U
16137,-61.54134619289349,15.560656963028544,200.0,200.0,U
16138,-61.54222879090344,15.560119657428992,200.0,200.0,U
16139,-61.541758543103,15.559456348524401,200.0,200.0,U
16140,-61.54260238909103,15.561036788236112,200.0,200.0,U
16141,-61.543941589866876,15.560818893136467,200.0,200.0,U
16142,-61.542464124643644,15.560977978603056,200.0,200.0,U
16143,-61.54431857033826,15.562331196376281,200.0,200.0,U
16144,-61.543928285037275,15.560435324365121,200.0,200.0,U
16145,-61.54193816491384,15.56148900297578,200.0,200.0,U
16146,-61.54230566874782,15.562918133935662,200.0,200.0,U
16147,-61.54299295601105,15.560652985311405,200.0,200.0,U
16148,-61.545353953732054,15.559822931625627,200.0,200.0,U
16149,-61.54332515420149,15.561203624882406,200.0,200.0,U
16150,-61.54221615193544,15.562387204633165,200.0,200.0,U
16151,-61.54271475609616,15.560684960449095,200.0,200.0,U
16152,-61.5444135412448,15.560816528469994,200.0,200.0,U
16153,-61.54312993490969,15.561200604714646,200.0,200.0,U
16154,-61.54363639184741,15.561306256078742,200.0,200.0,U
16155,-61.54332505577336,15.560420014888567,200.0,200.0,U
16156,-61.54344264506128,15.562146518142349,200.0,200.0,U
16157,-61.541656022040556,15.55966071705717,200.0,200.0,U
16158,-61.54321125359545,15.561095827619678,200.0,200.0,U
16159,-61.544771181673184,15.559627417597982,200.0,200.0,U
16160,-61.54084785399349,15.560534374471478,200.0,200.0,U
16161,-61.543195350058724,15.560970154069388,200.0,200.0,U
16162,-61.54401586158726,15.561177609766986,200.0,200.0,U
16163,-61.54157267421742,15.560567357662345,200.0,200.0,U
16164,-61.54267526528622,15.560845085234522,200.0,200.0,U
16165,-61.54160552936251,15.55924115302633,200.0,200.0,U
16166,-61.54340359034012,15.561339389839446,200.0,200.0,U
16167,-61.540371762831214,15.56224225641597,200.0,200.0,U
16168,-61.542655957675464,15.561006256470217,200.0,200.0,U
16169,-61.54354403435383,15.561154251769333,200.0,200.0,U
16170,-61.54319458266864,15.561103329363723,200.0,200.0,U
16171,-61.54324569361457,15.561297574925407,200.0,200.0,U
16172,-61.54193377468196,15.563484147410673,200.0,200.0,U
16173,-61.54655074439996,15.561022824560338,200.0,200.0,U
16174,-61.541793221564376,15.559412265861745,200.0,200.0,U
16175,-61.541816301263395,15.558636539443409,200.0,200.0,U
16176,-61.545387487161236,15.560881250843423,200.0,200.0,U
16177,-61.54276381480573,15.560462161416929,200.0,200.0,U
16178,-61.545076104353086,15.561363081708148,200.0,200.0,U
16179,-61.54315374371024,15.561070689736106,200.0,200.0,U
16180,-61.54237455051938,15.560717378070914,200.0,200.0,U
16181,-61.54277700663511,15.560271295538564,200.0,200.0,U
16182,-61.54357931172802,15.561516366522097,200.0,200.0,U
16183,-61.546921899326364,15.563148577262698,200.0,200.0,U
16184,-61.54700406650667,15.560714789723512,200.0,200.0,U
16185,-61.54400617741087,15.562574751390029,200.0,200.0,U
16186,-61.54308765832151,15.560422210004953,200.0,200.0,U
16187,-61.54333241701734,15.5611264229214,200.0,200.0,U
16188,-61.54321675216959,15.561065675869587,200.0,200.0,U
16189,-61.545152841422116,15.561355766919817,200.0,200.0,U
16190,-61.543618954074205,15.559099148110723,200.0,200.0,U
16191,-61.54366862326294,15.559971559578367,200.0,200.0,U
16192,-61.542484974692876,15.561830645692341,200.0,200.0,U
16193,-61.54241837060629,15.559755939104859,200.0,200.0,U
16194,-61.541499475682635,15.560466283902132,200.0,200.0,U
16195,-61.54496019775765,15.560264386608395,200.0,200.0,U
16196,-61.54329019706563,15.562411346296752,200.0,200.0,U
16197,-61.542583902173796,15.56136146211234,200.0,200.0,U
16198,-61.543744326711014,15.561461527847909,200.0,200.0,U
16199,-61.54284908431344,15.562638524786024,200.0,200.0,U
16200,-61.54175373665404,15.562150735646416,200.0,200.0,U
16201,-61.54203097113842,15.561282539547697,200.0,200.0,U
16202,-61.540826390624325,15.561299461231796,200.0,200.0,U
16203,-61.54781872280289,15.562736566452527,200.0,200.0,U
16204,-61.54315889203024,15.560841572101745,200.0,200.0,U
16205,-61.54373279255056,15.564570925792527,200.0,200.0,U
16206,-61.543673545156416,15.5577420674962,200.0,200.0,U
16207,-61.540789860607205,15.560491938614826,200.0,200.0,U
16208,-61.543287715508626,15.56119588231459,200.0,200.0,U
16209,-61.54187876557937,15.562289060065549,200.0,200.0,U
16210,-61.54196899264564,15.563183387110078,200.0,200.0,U
16211,-61.54366044615376,15.56176807059436,200.0,200.0,U
16212,-61.54359662987713,15.5601192718225,200.0,200.0,U
16213,-61.54213406497477,15.559895297683306,200.0,200.0,U
16214,-61.54275255897191,15.560282126229813,200.0,200.0,U
16215,-61.542513136554895,15.560848183978177,200.0,200.0,U
16216,-61.54331541994771,15.561700287331886,200.0,200.0,U
16217,-61.54417986065559,15.560914703004594,200.0,200.0,U
16218,-61.54307036357853,15.561492457971642,200.0,200.0,U
16219,-61.54357339917316,15.56189398304758,200.0,200.0,U
16220,-61.54173639474245,15.559627923143942,200.0,200.0,U
16221,-61.54397736216705,15.556658588787332,200.0,200.0,U
16222,-61.54171020020452,15.56201286368429,200.0,200.0,U
16223,-61.541501770897106,15.561349111700112,200.0,200.0,U
16224,-61.54341189552636,15.56153958263461,200.0,200.0,U
16225,-61.5419573376024,15.556535294352292,200.0,200.0,U
16226,-61.54331179270185,15.561075438827471,200.0,200.0,U
16227,-61.543114671267,15.561012268575302,200.0,200.0,U
16228,-61.5434222039069,15.561088827567668,200.0,200.0,U
16229,-61.544690596902626,15.560021707613112,200.0,200.0,U
16230,-61.54201642629824,15.55921830810854,200.0,200.0,U
16231,-61.54263845641217,15.561183923940083,200.0,200.0,U
16232,-61.542478471996155,15.56110905521286,200.0,200.0,U
16233,-61.542655778671154,15.5614060644308,200.0,200.0,U
16234,-61.54394523658843,15.560876778532704,200.0,200.0,U
16235,-61.5443943087765,15.55852365074037,200.0,200.0,U
16236,-61.54274043485327,15.559884073589602,200.0,200.0,U
16237,-61.54037505661841,15.562734641510978,200.0,200.0,U
16238,-61.54380076288475,15.560923707739642,200.0,200.0,U
16239,-61.543556739650434,15.559219678254879,200.0,200.0,U
16240,-61.54271071217395,15.563397212650191,200.0,200.0,U
16241,-61.5437174167274,15.560900189784164,200.0,200.0,U
16242,-61.542733503209845,15.560647883879676,200.0,200.0,U
16243,-61.541646433736766,15.565145091011043,200.0,200.0,U
16244,-61.53937523153522,15.558696525569838,200.0,200.0,U
16245,-61.543019558600704,15.560963993172415,200.0,200.0,U
16246,-61.54390102028275,15.561016347461344,200.0,200.0,U
16247,-61.54386278619722,15.559899427788842,200.0,200.0,U
16248,-61.543374723285474,15.560400415023153,200.0,200.0,U
16249,-61.54339114814441,15.560223304806206,200.0,200.0,U
16250,-61.54278083044994,15.561007086724796,200.0,200.0,U
16251,-61.54384628327592,15.561721700636967,200.0,200.0,U
16252,-61.54446529782816,15.560085792358892,200.0,200.0,U
16253,-61.54400955576563,15.562202836726586,200.0,200.0,U
16254,-61.54451397249104,15.561026265539883,200.0,200.0,U
16255,-61.54120347356532,15.560657777471167,200.0,200.0,U
16256,-61.54276979848462,15.562083276422854,200.0,200.0,U
16257,-61.54168469266825,15.561790076829068,200.0,200.0,U
16258,-61.544210523573014,15.561499677782498,200.0,200.0,U
16259,-61.542228509344824,15.558579821330223,200.0,200.0,U
16260,-61.54129723173475,15.560732058887243,200.0,200.0,U
16261,-61.54480479431678,15.558398332910784,200.0,200.0,U
16262,-61.54556037757819,15.560490454336797,200.0,200.0,U
16263,-61.543369061307985,15.561021831503377,200.0,200.0,U
16264,-61.541279029678414,15.562669578359612,200.0,200.0,U
16265,-61.54488413938765,15.56283499525247,200.0,200.0,U
16266,-61.54549477872186,15.561630600061694,200.0,200.0,U
16267,-61.544490860555186,15.560410795277202,200.0,200.0,U
16268,-61.542600720140314,15.560941857168817,200.0,200.0,U
16269,-61.54340838867923,15.561042984113598,200.0,200.0,U
16270,-61.54298796256415,15.56072448203932,200.0,200.0,U
16271,-61.54360563528428,15.561055833769124,200.0,200.0,U
16272,-61.544300804489545,15.56060238864802,200.0,200.0,U
16273,-61.542325569746446,15.56046331414798,200.0,200.0,U
16274,-61.54656859283536,15.562343952065412,200.0,200.0,U
16275,-61.546645245835556,15.562006816814655,200.0,200.0,U
16276,-61.542585288516385,15.560884314381964,200.0,200.0,U
16277,-61.54380631838114,15.561357257740067,200.0,200.0,U
16278,-61.543361319865014,15.56094480611668,200.0,200.0,U
16279,-61.543073680494956,15.561746201073182,200.0,200.0,U
16280,-61.54575481379068,15.558477425774932,200.0,200.0,U
16281,-61.543325958592284,15.56075738600714,200.0,200.0,U
16282,-61.5431235150949,15.561173272964954,200.0,200.0,U
16283,-61.54158142404888,15.560878783176824,200.0,200.0,U
16284,-61.54290199315657,15.561401865376943,200.0,200.0,U
16285,-61.54093244432069,15.560751193779083,200.0,200.0,U
16286,-61.54456412138447,15.5603359426889,200.0,200.0,U
16287,-61.53915546525694,15.559775194725386,200.0,200.0,U
16288,-61.543179056704965,15.560863999505077,200.0,200.0,U
16289,-61.54353702182204,15.560587605630051,200.0,200.0,U
16290,-61.5423043130691,15.561264086994967,200.0,200.0,U
16291,-61.54479176507757,15.559603234591432,200.0,200.0,U
16292,-61.542412166110545,15.563027800253206,200.0,200.0,U
16293,-61.5426941331638,15.560749395556606,200.0,200.0,U
16294,-61.5440029550064,15.560512596475851,200.0,200.0,U
16295,-61.54368747682805,15.560877379518168,200.0,200.0,U
16296,-61.543989889847154,15.561041679778183,200.0,200.0,U
16297,-61.54007979459261,15.563425623877835,200.0,200.0,U
16298,-61.5433963108426,15.558704360247226,200.0,200.0,U
16299,-61.54342539006202,15.560925594999095,200.0,200.0,U
16300,-61.54097064432296,15.561719095219878,200.0,200.0,U
16301,-61.542451406169555,15.562128726731896,200.0,200.0,U
16302,-61.541052541228225,15.560531193091869,200.0,200.0,U
16303,-61.543911298782994,15.561563779328587,200.0,200.0,U
16304,-61.543667127498246,15.560414752350091,200.0,200.0,U
16305,-61.54455570467553,15.561032733126774,200.0,200.0,U
16306,-61.54390359284588,15.56078940497947,200.0,200.0,U
16307,-61.544525110330746,15.560474841387643,200.0,200.0,U
16308,-61.54366992446102,15.561075807656895,200.0,200.0,U
16309,-61.54266370618106,15.557493906649933,200.0,200.0,U
16310,-61.54722714580616,15.560240709434197,200.0,200.0,U
16311,-61.54451676723547,15.561973226235,200.0,200.0,U
16312,-61.54406148025121,15.557741320743947,200.0,200.0,U
16313,-61.54294732245349,15.560296380023392,200.0,200.0,U
16314,-61.543727182929935,15.561084486394181,200.0,200.0,U
16315,-61.544632378990116,15.558634535869992,200.0,200.0,U
16316,-61.545958339968095,15.559998843861043,200.0,200.0,U
16317,-61.54567007431912,15.559913082398648,200.0,200.0,U
16318,-61.542815900506355,15.561046423831392,200.0,200.0,U
16319,-61.543126938275876,15.560803053519232,200.0,200.0,U
16320,-61.54559779681874,15.56123664286517,200.0,200.0,U
16321,-61.542857920959285,15.560016977767729,200.0,200.0,U
16322,-61.544772895808606,15.558964115388875,200.0,200.0,U
16323,-61.54334238155554,15.561104935639776,200.0,200.0,U
16324,-61.54346578330549,15.560994086863689,200.0,200.0,U
16325,-61.54182551104225,15.564262080894935,200.0,200.0,U
16326,-61.542402934457066,15.561639434161712,200.0,200.0,U
16327,-61.5417717074788,15.562495635781998,200.0,200.0,U
16328,-61.54172702482678,15.560722377696953,200.0,200.0,U
16329,-61.54147800320923,15.556106069931507,200.0,200.0,U
16330,-61.543435183058975,15.558611548911934,200.0,200.0,U
16331,-61.54089912538843,15.56118754470726,200.0,200.0,U
16332,-61.541615607766595,15.561849414150801,200.0,200.0,U
16333,-61.54369605100579,15.561126434729678,200.0,200.0,U
16334,-61.54322286306995,15.559849564856162,200.0,200.0,U
16335,-61.543756853706164,15.56081948293193,200.0,200.0,U
16336,-61.542294792123,15.559572688569109,200.0,200.0,U
16337,-61.54113906353662,15.559381532754276,200.0,200.0,U
16338,-61.54345166174643,15.561043822357362,200.0,200.0,U
16339,-61.54208032349218,15.564241985712183,200.0,200.0,U
16340,-61.54262207152597,15.5605921495377,200.0,200.0,U
16341,-61.54212048857196,15.561481875959563,200.0,200.0,U
16342,-61.54270133440526,15.560658885823424,200.0,200.0,U
16343,-61.54360202157584,15.560636828414891,200.0,200.0,U
16344,-61.543272948723164,15.562605956466577,200.0,200.0,U
16345,-61.54371882019948,15.559824101295034,200.0,200.0,U
16346,-61.54540948407909,15.559305988923072,200.0,200.0,U
16347,-61.5414525121178,15.559218471563083,200.0,200.0,U
16348,-61.5439488694624,15.559685108416184,200.0,200.0,U
16349,-61.54572329341142,15.560550866825162,200.0,200.0,U
16350,-61.5430100231526,15.560691604172728,200.0,200.0,U
16351,-61.54316509173822,15.55944017033968,200.0,200.0,U
16352,-61.54334789027774,15.56211472030776,200.0,200.0,U
16353,-61.54341143540003,15.560976421289896,200.0,200.0,U
16354,-61.54344030068532,15.56372842198927,200.0,200.0,U
16355,-61.54444866654698,15.562893310338428,200.0,200.0,U
16356,-61.543274704323125,15.56071697919096,200.0,200.0,U
16357,-61.543568318128735,15.561172411980145,200.0,200.0,U
16358,-61.54310540143411,15.560925028121305,200.0,200.0,U
16359,-61.543807664512926,15.56081067657432,200.0,200.0,U
16360,-61.54238027673844,15.561310816829947,200.0,200.0,U
16361,-61.543678840719245,15.560907620097067,200.0,200.0,U
16362,-61.541762183315186,15.559533964201787,200.0,200.0,U
16363,-61.545409171170206,15.56275946554758,200.0,200.0,U
16364,-61.54331697860405,15.560451848819254,200.0,200.0,U
16365,-61.546440216316526,15.560192229082563,200.0,200.0,U
16366,-61.540770300793255,15.563443197774015,200.0,200.0,U
16367,-61.540920492984945,15.559754882810488,200.0,200.0,U
16368,-61.54395357706922,15.561447866865409,200.0,200.0,U
16369,-61.543527145230534,15.560845521468304,200.0,200.0,U
16370,-61.54467068526934,15.560734577981405,200.0,200.0,U
16371,-61.54327480647687,15.562039432060022,200.0,200.0,U
16372,-61.54323546460772,15.561094795307248,200.0,200.0,U
16373,-61.54356191266378,15.560998328223533,200.0,200.0,U
16374,-61.542739668296434,15.560496025665392,200.0,200.0,U
16375,-61.54341787426075,15.560841790389858,200.0,200.0,U
16376,-61.54397423683171,15.559322938910976,200.0,200.0,U
16377,-61.54405996091112,15.560880596061292,200.0,200.0,U
16378,-61.541594378858264,15.559351142230403,200.0,200.0,U
16379,-61.544952032750366,15.561860182614229,200.0,200.0,U
16380,-61.543509981594,15.560749242646109,200.0,200.0,U
16381,-61.54445159424461,15.56063774375809,200.0,200.0,U
16382,-61.543764905767816,15.562493765670984,200.0,200.0,U
16383,-61.544430761038996,15.56161992831715,200.0,200.0,U
16384,-61.54373591247468,15.561951609845503,200.0,200.0,U
16385,-61.544612262868355,15.560628390817739,200.0,200.0,U
16386,-61.54375998473733,15.558279836755148,200.0,200.0,U
16387,-61.54295788806317,15.561568456292084,200.0,200.0,U
16388,-61.543586430248226,15.56098965597138,200.0,200.0,U
16389,-61.54472519155904,15.559682557434787,200.0,200.0,U
16390,-61.54225151016455,15.562493711513115,200.0,200.0,U
16391,-61.54443266775574,15.560586309371493,200.0,200.0,U
16392,-61.54290434464177,15.562424711935758,200.0,200.0,U
16393,-61.54252722529429,15.559801620323547,200.0,200.0,U
16394,-61.54348828972889,15.561077048763893,200.0,200.0,U
16395,-61.544162754785845,15.56375666241665,200.0,200.0,U
16396,-61.5450582483605,15.562806248548915,200.0,200.0,U
16397,-61.54366771638769,15.560948822173618,200.0,200.0,U
16398,-61.54310546252553,15.561332538799947,200.0,200.0,U
16399,-61.542887094678385,15.564050496224914,200.0,200.0,U
16400,-61.5445271686828,15.55840770006589,200.0,200.0,U
16401,-61.542505435625856,15.55895712268484,200.0,200.0,U
16402,-61.54546361337704,15.557370260229213,200.0,200.0,U
16403,-61.54375743585588,15.561825124636346,200.0,200.0,U
16404,-61.54320123971699,15.561559983748797,200.0,200.0,U
16405,-61.54326446079326,15.56033593647646,200.0,200.0,U
16406,-61.54429609470268,15.560953655158167,200.0,200.0,U
16407,-61.54348983844314,15.562001785334685,200.0,200.0,U
16408,-61.544757868676385,15.559445546203904,200.0,200.0,U
16409,-61.54297536008464,15.56109015953616,200.0,200.0,U
16410,-61.54290813026271,15.561416239519536,200.0,200.0,U
16411,-61.54353550490879,15.560426401081276,200.0,200.0,U
16412,-61.54686786276093,15.560587145107107,200.0,200.0,U
16413,-61.541673284827205,15.562638814259907,200.0,200.0,U
16414,-61.54101840348902,15.557328448187162,200.0,200.0,U
16415,-61.54444866048712,15.561012395784045,200.0,200.0,U
16416,-61.54511560821008,15.563764035878155,200.0,200.0,U
16417,-61.54422890051982,15.56030368253574,200.0,200.0,U
16418,-61.54711095267496,15.559047900978069,200.0,200.0,U
16419,-61.54359107572314,15.561419503044718,200.0,200.0,U
16420,-61.54692690921307,15.561443967236183,200.0,200.0,U
16421,-61.54397471685201,15.561121400892853,200.0,200.0,U
16422,-61.544106973035326,15.561459053078112,200.0,200.0,U
16423,-61.54284529963143,15.561176518024373,200.0,200.0,U
16424,-61.54371926514371,15.560175003801607,200.0,200.0,U
16425,-61.54272428044834,15.55952153214469,200.0,200.0,U
16426,-61.54461390096498,15.563603071195702,200.0,200.0,U
16427,-61.54249106517036,15.560666545409054,200.0,200.0,U
16428,-61.54334748962414,15.561277494503111,200.0,200.0,U
16429,-61.543512167242305,15.559871683636793,200.0,200.0,U
16430,-61.54389541222438,15.561213004184054,200.0,200.0,U
16431,-61.54275017426229,15.559960567686439,200.0,200.0,U
16432,-61.54241606170136,15.562170656207664,200.0,200.0,U
16433,-61.543633788314715,15.560974308119889,200.0,200.0,U
16434,-61.54174200836717,15.561106464533667,200.0,200.0,U
16435,-61.54363003950785,15.560077183478128,200.0,200.0,U
16436,-61.543555649847406,15.562350077858268,200.0,200.0,U
16437,-61.54349206695768,15.560411670282367,200.0,200.0,U
16438,-61.54365285679898,15.5617498511806,200.0,200.0,U
16439,-61.54360436687084,15.561803551939628,200.0,200.0,U
16440,-61.54333373147988,15.558583575140979,200.0,200.0,U
16441,-61.542768623957365,15.5588264777077,200.0,200.0,U
16442,-61.544572164222636,15.558547941561116,200.0,200.0,U
16443,-61.54353121179221,15.560904937155403,200.0,200.0,U
16444,-61.544129922512276,15.560922642660223,200.0,200.0,U
16445,-61.54219659054339,15.562812875949554,200.0,200.0,U
16446,-61.54410211720402,15.560591664072351,200.0,200.0,U
16447,-61.544676676568,15.557957600080305,200.0,200.0,U
16448,-61.54383731485962,15.561148362446835,200.0,200.0,U
16449,-61.543296600001696,15.561549810314485,200.0,200.0,U
16450,-61.544162894409325,15.561279730761683,200.0,200.0,U
16451,-61.5449645689181,15.561134890905326,200.0,200.0,U
16452,-61.54272052232184,15.561474313297325,200.0,200.0,U
16453,-61.544312177113234,15.560398442783377,200.0,200.0,U
16454,-61.5437651650087,15.56356964669251,200.0,200.0,U
16455,-61.54297720252573,15.560028841743797,200.0,200.0,U
16456,-61.54354312304352,15.560843430538993,200.0,200.0,U
16457,-61.54376291824438,15.560942668988307,200.0,200.0,U
16458,-61.54414332005533,15.561568016512174,200.0,200.0,U
16459,-61.545173012051336,15.559082323739245,200.0,200.0,U
16460,-61.54394377141062,15.562322479054199,200.0,200.0,U
16461,-61.54423344328482,15.560225802822059,200.0,200.0,U
16462,-61.54410099823841,15.561002933191494,200.0,200.0,U
16463,-61.541067101788556,15.560427360467248,200.0,200.0,U
16464,-61.54382243062942,15.561618652937906,200.0,200.0,U
16465,-61.54413740894999,15.562127143392413,200.0,200.0,U
16466,-61.542434556250456,15.557184214033496,200.0,200.0,U
16467,-61.54450516049872,15.560639352669616,200.0,200.0,U
16468,-61.543626116913195,15.56016698017187,200.0,200.0,U
16469,-61.54334692102445,15.561183199034975,200.0,200.0,U
16470,-61.54309944468029,15.560384694672907,200.0,200.0,U
16471,-61.54600568344804,15.560249877809916,200.0,200.0,U
16472,-61.54314542236468,15.560829542090811,200.0,200.0,U
16473,-61.54341439663761,15.560005129789175,200.0,200.0,U
16474,-61.543955506592134,15.560855709200508,200.0,200.0,U
16475,-61.54519033985987,15.56198834166437,200.0,200.0,U
16476,-61.54449622926641,15.564461400765234,200.0,200.0,U
16477,-61.54298597967225,15.562082045294432,200.0,200.0,U
16478,-61.54338764467148,15.561299027244504,200.0,200.0,U
16479,-61.54323101856826,15.561957407498202,200.0,200.0,U
16480,-61.54468761873816,15.563071298007301,200.0,200.0,U
16481,-61.541386753509286,15.559063239039768,200.0,200.0,U
16482,-61.54460695426878,15.562916535899221,200.0,200.0,U
16483,-61.5412712971064,15.561838106140245,200.0,200.0,U
16484,-61.544103863989825,15.560051824109657,200.0,200.0,U
16485,-61.54171675952938,15.564848865404208,200.0,200.0,U
16486,-61.54574717029334,15.559870186216147,200.0,200.0,U
16487,-61.54364729043588,15.560647615916956,200.0,200.0,U
16488,-61.54359687282183,15.560793742114038,200.0,200.0,U
16489,-61.5428904715432,15.559288961840856,200.0,200.0,U
16490,-61.54315472193828,15.559931640928019,200.0,200.0,U
16491,-61.543802522652584,15.560952320968793,200.0,200.0,U
16492,-61.54627255044646,15.561237714025113,200.0,200.0,U
16493,-61.54381175919483,15.56309911696296,200.0,200.0,U
16494,-61.544593715587546,15.56172154573201,200.0,200.0,U
16495,-61.54510860885968,15.561804487266878,200.0,200.0,U
16496,-61.54339174776517,15.561248282738214,200.0,200.0,U
16497,-61.544232795406586,15.560567843988865,200.0,200.0,U
16498,-61.54116031845661,15.5630213426055,200.0,200.0,U
16499,-61.541843693670074,15.56226162403012,200.0,200.0,U
16500,-61.5429624209544,15.560667519759308,200.0,200.0,U
16501,-61.54338145066082,15.56000072004551,200.0,200.0,U
16502,-61.54221594864181,15.561160963732952,200.0,200.0,U
16503,-61.54417195567028,15.56224481372478,200.0,200.0,U
16504,-61.54331748458678,15.558956646670454,200.0,200.0,U
16505,-61.54392445028635,15.560847560861788,200.0,200.0,U
16506,-61.54406356694171,15.560939941416404,200.0,200.0,U
16507,-61.542192408921885,15.56027007573098,200.0,200.0,U
16508,-61.54468166831898,15.562197078831755,200.0,200.0,U
16509,-61.543198285917704,15.560503424344361,200.0,200.0,U
16510,-61.5420657571866,15.558036074160377,200.0,200.0,U
16511,-61.54275989519927,15.56176269428899,200.0,200.0,U
16512,-61.5446802737569,15.561785394207863,200.0,200.0,U
16513,-61.54355220040329,15.562060330547322,200.0,200.0,U
16514,-61.54158572589977,15.560709079033387,200.0,200.0,U
16515,-61.544456079690015,15.560628812123403,200.0,200.0,U
16516,-61.54367247419249,15.561259390440226,200.0,200.0,U
16517,-61.54236737672668,15.56075177826893,200.0,200.0,U
16518,-61.543719279940404,15.560852825311368,200.0,200.0,U
16519,-61.54207402996788,15.561447716970056,200.0,200.0,U
16520,-61.54366271385372,15.560734938576687,200.0,200.0,U
16521,-61.54472462545147,15.560665556526056,200.0,200.0,U
16522,-61.54453808226185,15.558551406435582,200.0,200.0,U
16523,-61.543203234645496,15.561013538785161,200.0,200.0,U
16524,-61.543977244962775,15.561240753643292,200.0,200.0,U
16525,-61.543578072629394,15.560839766271732,200.0,200.0,U
16526,-61.54450834932706,15.560193804638018,200.0,200.0,U
16527,-61.5449319663072,15.560100040843968,200.0,200.0,U
16528,-61.544300395991435,15.562032528311311,200.0,200.0,U
16529,-61.54203994423819,15.559808035380067,200.0,200.0,U
16530,-61.54411707412483,15.560640946967824,200.0,200.0,U
16531,-61.543701932554676,15.559843304933507,200.0,200.0,U
16532,-61.54537871363732,15.56399239025006,200.0,200.0,U
16533,-61.544291154929724,15.561531193500278,200.0,200.0,U
16534,-61.54254478336637,15.56014909815242,200.0,200.0,U
16535,-61.54403397292986,15.5604916027253,200.0,200.0,U
16536,-61.542600642047084,15.558637233502992,200.0,200.0,U
16537,-61.545096414490395,15.560665237451763,200.0,200.0,U
16538,-61.54332157522358,15.561975058459728,200.0,200.0,U
16539,-61.54384407093971,15.561208391671745,200.0,200.0,U
16540,-61.5436313438752,15.560746039296129,200.0,200.0,U
16541,-61.54284192285387,15.558254559173207,200.0,200.0,U
16542,-61.54395785803949,15.563454097296315,200.0,200.0,U
16543,-61.54387792946095,15.561155664089606,200.0,200.0,U
16544,-61.54344340249928,15.560184594543937,200.0,200.0,U
16545,-61.54397110187654,15.560345440000358,200.0,200.0,U
16546,-61.54497578494737,15.561699773243042,200.0,200.0,U
16547,-61.54483107465342,15.560654829419118,200.0,200.0,U
16548,-61.54493316117948,15.561770942769162,200.0,200.0,U
16549,-61.54140474436316,15.562320123060495,200.0,200.0,U
16550,-61.54683007500685,15.56205600901323,200.0,200.0,U
16551,-61.543909792854926,15.561331909978152,200.0,200.0,U
16552,-61.54329711392826,15.56056259073925,200.0,200.0,U
16553,-61.5437115560222,15.561009173277167,200.0,200.0,U
16554,-61.54607391227089,15.560613794858698,200.0,200.0,U
16555,-61.54383696766077,15.56084508222123,200.0,200.0,U
16556,-61.546357861964196,15.558844156427101,200.0,200.0,U
16557,-61.5432871454116,15.560047110074152,200.0,200.0,U
16558,-61.54257480051539,15.560683768177745,200.0,200.0,U
16559,-61.54391085054637,15.560702398666438,200.0,200.0,U
16560,-61.54406496081853,15.560060280057671,200.0,200.0,U
16561,-61.542456613846305,15.560561587980827,200.0,200.0,U
16562,-61.54355006416276,15.560500077005768,200.0,200.0,U
16563,-61.54396966088438,15.560053454710104,200.0,200.0,U
16564,-61.54399346454686,15.558458589766408,200.0,200.0,U
16565,-61.54428044094534,15.56091907192967,200.0,200.0,U
16566,-61.543030015980165,15.560880541412091,200.0,200.0,U
16567,-61.54433018922503,15.56038459900199,200.0,200.0,U
16568,-61.54317034644474,15.56147396352826,200.0,200.0,U
16569,-61.543130683544454,15.56088023388132,200.0,200.0,U
16570,-61.54453206656324,15.558827080989321,200.0,200.0,U
16571,-61.54574367308127,15.562426942884546,200.0,200.0,U
16572,-61.54368448654725,15.561055900797305,200.0,200.0,U
16573,-61.54270049474756,15.561237952200317,200.0,200.0,U
16574,-61.5463458082662,15.564018898163967,200.0,200.0,U
16575,-61.54398020178525,15.560914528498987,200.0,200.0,U
16576,-61.54492263024113,15.558943989614455,200.0,200.0,U
16577,-61.54456691494132,15.559642612778921,200.0,200.0,U
16578,-61.54359387409368,15.560472887553887,200.0,200.0,U
16579,-61.543187228853775,15.56196017913222,200.0,200.0,U
16580,-61.54265093722948,15.560562204942729,200.0,200.0,U
16581,-61.54682635079964,15.562904205098494,200.0,200.0,U
16582,-61.54379103465497,15.56103043392036,200.0,200.0,U
16583,-61.5431430109846,15.561355615245898,200.0,200.0,U
16584,-61.541586028460166,15.55971120325915,200.0,200.0,U
16585,-61.54672549732933,15.561515171126183,200.0,200.0,U
16586,-61.543976514466145,15.560798428678382,200.0,200.0,U
16587,-61.54456224153414,15.562721594237894,200.0,200.0,U
16588,-61.545696288947426,15.559864907009388,200.0,200.0,U
16589,-61.54396554863961,15.560912077633972,200.0,200.0,U
16590,-61.541639392733956,15.564615661244936,200.0,200.0,U
16591,-61.545926808715585,15.558158601759434,200.0,200.0,U
16592,-61.544079312553414,15.561323995531733,200.0,200.0,U
16593,-61.544075756360414,15.560671362135366,200.0,200.0,U
16594,-61.54349282851111,15.559716238967018,200.0,200.0,U
16595,-61.545133430225256,15.560372059762477,200.0,200.0,U
16596,-61.54583038208572,15.560951856534123,200.0,200.0,U
16597,-61.541817784126756,15.562246357208414,200.0,200.0,U
16598,-61.543819972361604,15.562948354032985,200.0,200.0,U
16599,-61.54329806867974,15.559832454828387,200.0,200.0,U
16600,-61.54419254455409,15.560054595226559,200.0,200.0,U
16601,-61.5438212948458,15.560907728454259,200.0,200.0,U
16602,-61.54459178965666,15.561226176449537,200.0,200.0,U
16603,-61.54431662624522,15.560927839447054,200.0,200.0,U
16604,-61.543517465030924,15.562069268379055,200.0,200.0,U
16605,-61.54325609580197,15.560486101751609,200.0,200.0,U
16606,-61.54576006061508,15.559323849346928,200.0,200.0,U
16607,-61.54426865421814,15.559385635982853,200.0,200.0,U
16608,-61.544624802030164,15.560900548481488,200.0,200.0,U
16609,-61.54403344763508,15.558968000784251,200.0,200.0,U
16610,-61.54313190926229,15.560515214761478,200.0,200.0,U
16611,-61.54435828622163,15.559538029992686,200.0,200.0,U
16612,-61.54375196665836,15.560182085253093,200.0,200.0,U
16613,-61.542344151941414,15.559961056987444,200.0,200.0,U
16614,-61.54096924938878,15.562185486041912,200.0,200.0,U
16615,-61.54404817355463,15.560829542842834,200.0,200.0,U
16616,-61.541857351820916,15.562393151603885,200.0,200.0,U
16617,-61.54574374603571,15.56038408334237,200.0,200.0,U
16618,-61.54352350619012,15.5614529436175,200.0,200.0,U
16619,-61.54705512746271,15.561668741222341,200.0,200.0,U
16620,-61.545612086362006,15.561496238426727,200.0,200.0,U
16621,-61.54415355711996,15.560917196343263,200.0,200.0,U
16622,-61.54499381806075,15.561670252417903,200.0,200.0,U
16623,-61.54492495045533,15.56132842362898,200.0,200.0,U
16624,-61.54384676382018,15.560728816120296,200.0,200.0,U
16625,-61.544695535783255,15.562144890043804,200.0,200.0,U
16626,-61.54424847001535,15.561524946569463,200.0,200.0,U
16627,-61.54382406658195,15.560716508541397,200.0,200.0,U
16628,-61.54151727805903,15.559842392665201,200.0,200.0,U
16629,-61.541140658614005,15.560352166566886,200.0,200.0,U
16630,-61.54462181917733,15.561325009715917,200.0,200.0,U
16631,-61.54397965719544,15.560839814921975,200.0,200.0,U
16632,-61.5440334111239,15.560863715345063,200.0,200.0,U
16633,-61.54410736309225,15.56141178371065,200.0,200.0,U
16634,-61.5460257268123,15.562338321689444,200.0,200.0,U
16635,-61.54245439047379,15.560810897284266,200.0,200.0,U
16636,-61.54317852208506,15.558323910103136,200.0,200.0,U
16637,-61.54403246044925,15.560847372863444,200.0,200.0,U
16638,-61.54383952877553,15.560977291140938,200.0,200.0,U
16639,-61.54380951762465,15.558530655551808,200.0,200.0,U
16640,-61.54028025792683,15.560014631710484,200.0,200.0,U
16641,-61.543809527762285,15.560628887375302,200.0,200.0,U
16642,-61.54330000281856,15.561522488471244,200.0,200.0,U
16643,-61.546392694752996,15.560487250484899,200.0,200.0,U
16644,-61.54499982766648,15.55928943343305,200.0,200.0,U
16645,-61.5434888032837,15.559649454581212,200.0,200.0,U
16646,-61.544803743805964,15.561087079815247,200.0,200.0,U
16647,-61.540694579684505,15.561949205138252,200.0,200.0,U
16648,-61.54229517553693,15.559730638650771,200.0,200.0,U
16649,-61.544025422915134,15.56049844611583,200.0,200.0,U
16650,-61.54373118292852,15.560333811158525,200.0,200.0,U
16651,-61.543240887068606,15.559684282630771,200.0,200.0,U
16652,-61.54726764535925,15.559835063143518,200.0,200.0,U
16653,-61.54496756300793,15.561939388122799,200.0,200.0,U
16654,-61.54424175806847,15.563883256619798,200.0,200.0,U
16655,-61.5435264925231,15.561551594899614,200.0,200.0,U
16656,-61.54353791195811,15.560954941674938,200.0,200.0,U
16657,-61.54393419098195,15.557266819066676,200.0,200.0,U
16658,-61.54735162973171,15.562465131705498,200.0,200.0,U
16659,-61.54467624145698,15.56083836504445,200.0,200.0,U
16660,-61.54244343888305,15.563776983882905,200.0,200.0,U
16661,-61.543776047119,15.560820381887229,200.0,200.0,U
16662,-61.54617050949517,15.56244140034437,200.0,200.0,U
16663,-61.541961920090586,15.560306866401893,200.0,200.0,U
16664,-61.54280033582062,15.558845103244598,200.0,200.0,U
16665,-61.545475712672975,15.56015210209341,200.0,200.0,U
16666,-61.54460438948227,15.561387830712242,200.0,200.0,U
16667,-61.54283026168974,15.561442959847996,200.0,200.0,U
16668,-61.542817070565896,15.559125642805023,200.0,200.0,U
16669,-61.54359302143251,15.561669379777676,200.0,200.0,U
16670,-61.544006205279445,15.56076106164496,200.0,200.0,U
16671,-61.54326664242954,15.560474026139175,200.0,200.0,U
16672,-61.543720454127524,15.560633507888655,200.0,200.0,U
16673,-61.54404159668529,15.560612375388196,200.0,200.0,U
16674,-61.54198877107881,15.564175352768853,200.0,200.0,U
16675,-61.543260157166785,15.559390973805932,200.0,200.0,U
16676,-61.544486678352044,15.56106641706862,200.0,200.0,U
16677,-61.546065145730914,15.561109609639947,200.0,200.0,U
16678,-61.54395431938216,15.560567432284541,200.0,200.0,U
16679,-61.5428518276371,15.559365525328289,200.0,200.0,U
16680,-61.54116901817342,15.561041337267875,200.0,200.0,U
16681,-61.54470761520375,15.561414999598925,200.0,200.0,U
16682,-61.54423706260775,15.560241247126001,200.0,200.0,U
16683,-61.54494441040752,15.559910866902158,200.0,200.0,U
16684,-61.54345548270267,15.561392645846137,200.0,200.0,U
16685,-61.544552983175656,15.561306081044151,200.0,200.0,U
16686,-61.54404776101688,15.560564789114215,200.0,200.0,U
16687,-61.54440304776341,15.561344306381613,200.0,200.0,U
16688,-61.54621770964712,15.562304416274028,200.0,200.0,U
16689,-61.54444085857341,15.564054267128654,200.0,200.0,U
16690,-61.54361785702052,15.562625966546001,200.0,200.0,U
16691,-61.542253253043356,15.562628764858927,200.0,200.0,U
16692,-61.542695754435584,15.56032277445518,200.0,200.0,U
16693,-61.54622550854458,15.559001080245222,200.0,200.0,U
16694,-61.54303234561757,15.560203087223885,200.0,200.0,U
16695,-61.54387820095834,15.561007570429034,200.0,200.0,U
16696,-61.543639453972354,15.562277314045419,200.0,200.0,U
16697,-61.54315830786038,15.558844881295967,200.0,200.0,U
16698,-61.54452950680676,15.560668941406341,200.0,200.0,U
16699,-61.54450733547611,15.561658039099223,200.0,200.0,U
16700,-61.54469890884151,15.56137076362303,200.0,200.0,U
16701,-61.54222747453286,15.56305605503314,200.0,200.0,U
16702,-61.54212699987441,15.56113655165178,200.0,200.0,U
16703,-61.546159506307546,15.559624898503598,200.0,200.0,U
16704,-61.545842793036144,15.557482167912022,200.0,200.0,U
16705,-61.54413540823002,15.560799915938176,200.0,200.0,U
16706,-61.544380832876364,15.562969815963745,200.0,200.0,U
16707,-61.54375446236288,15.560914674830265,200.0,200.0,U
16708,-61.542836416978716,15.560538890710117,200.0,200.0,U
16709,-61.54603087436208,15.559841816579452,200.0,200.0,U
16710,-61.546295116268524,15.56161210817622,200.0,200.0,U
16711,-61.54444893828008,15.56080668792913,200.0,200.0,U
16712,-61.54231395357578,15.560236582793253,200.0,200.0,U
16713,-61.54539875106117,15.560833811044208,200.0,200.0,U
16714,-61.54454811998679,15.55972519510496,200.0,200.0,U
16715,-61.543438675410115,15.562043334730419,200.0,200.0,U
16716,-61.54344086435707,15.561061475017482,200.0,200.0,U
16717,-61.54466750065485,15.56338486836837,200.0,200.0,U
16718,-61.543568822984554,15.559547773799578,200.0,200.0,U
16719,-61.544210839338994,15.561124421076522,200.0,200.0,U
16720,-61.54592649825969,15.560537355262468,200.0,200.0,U
16721,-61.54714905650594,15.563535994863932,200.0,200.0,U
16722,-61.545803817394265,15.560041215279727,200.0,200.0,U
16723,-61.54569596465478,15.561438822930127,200.0,200.0,U
16724,-61.544909861263925,15.561097787134848,200.0,200.0,U
16725,-61.5441616630551,15.560776428131494,200.0,200.0,U
16726,-61.54316730872785,15.560130745896377,200.0,200.0,U
16727,-61.54513787105151,15.560044684837582,200.0,200.0,U
16728,-61.540643590013815,15.562255905630042,200.0,200.0,U
16729,-61.54640054189234,15.563205242603058,200.0,200.0,U
16730,-61.54513182300306,15.561084420104638,200.0,200.0,U
16731,-61.54361473072632,15.558087226127764,200.0,200.0,U
16732,-61.5443358881652,15.561661962622729,200.0,200.0,U
16733,-61.544502935345875,15.560445127396367,200.0,200.0,U
16734,-61.54323830248086,15.561662698649238,200.0,200.0,U
16735,-61.54475269501866,15.557655025186937,200.0,200.0,U
16736,-61.544921358820496,15.561492849531144,200.0,200.0,U
16737,-61.54411761880665,15.560196823919886,200.0,200.0,U
16738,-61.54503123384397,15.560516056990402,200.0,200.0,U
16739,-61.54232096350375,15.5620953867383,200.0,200.0,U
16740,-61.54387554128209,15.561207263913328,200.0,200.0,U
16741,-61.544080111152326,15.561567365101896,200.0,200.0,U
16742,-61.54441724706826,15.56063320286148,200.0,200.0,U
16743,-61.544358329065304,15.560728219291303,200.0,200.0,U
16744,-61.54414511207488,15.559438694391119,200.0,200.0,U
16745,-61.54284200365961,15.56101942000323,200.0,200.0,U
16746,-61.54471260358331,15.557977866239419,200.0,200.0,U
16747,-61.54383818271484,15.560445511229515,200.0,200.0,U
16748,-61.543155073023165,15.562161452725466,200.0,200.0,U
16749,-61.545297007889495,15.560358862935898,200.0,200.0,U
16750,-61.543332507513895,15.56145635024179,200.0,200.0,U
16751,-61.545653358727314,15.557803103760127,200.0,200.0,U
16752,-61.5442045300313,15.560757337585928,200.0,200.0,U
16753,-61.54379891200642,15.563122933026952,200.0,200.0,U
16754,-61.54449451814733,15.561118314677065,200.0,200.0,U
16755,-61.542930921259824,15.559683512109963,200.0,200.0,U
16756,-61.54221870107611,15.562824545257216,200.0,200.0,U
16757,-61.54263470498417,15.559484908173138,200.0,200.0,U
16758,-61.54466156218058,15.55937195459561,200.0,200.0,U
16759,-61.54458809243088,15.560875317087147,200.0,200.0,U
16760,-61.544272144513826,15.560760007860829,200.0,200.0,U
16761,-61.544359057965195,15.56053057266932,200.0,200.0,U
16762,-61.54440740490146,15.559333249064512,200.0,200.0,U
16763,-61.54332884805942,15.56166283976203,200.0,200.0,U
16764,-61.544387615019396,15.559795573507557,200.0,200.0,U
16765,-61.544752316200295,15.560709480176616,200.0,200.0,U
16766,-61.541803091571495,15.561306036650535,200.0,200.0,U
16767,-61.54395077882512,15.559107073770134,200.0,200.0,U
16768,-61.54410036959525,15.559991122824112,200.0,200.0,U
16769,-61.545006130693196,15.560704258659063,200.0,200.0,U
16770,-61.544276973289485,15.561381949486984,200.0,200.0,U
16771,-61.54277955712256,15.559169792512094,200.0,200.0,U
16772,-61.544231344808644,15.560763299663572,200.0,200.0,U
16773,-61.54419685246258,15.561074348454026,200.0,200.0,U
16774,-61.54425189533992,15.560560862496024,200.0,200.0,U
16775,-61.54296684281997,15.560960579874958,200.0,200.0,U
16776,-61.54450588755007,15.560455824781267,200.0,200.0,U
16777,-61.54418571163018,15.560596923185535,200.0,200.0,U
16778,-61.54426183752515,15.562815187674637,200.0,200.0,U
16779,-61.54449648341142,15.559243756369817,200.0,200.0,U
16780,-61.54540723752264,15.561684243688662,200.0,200.0,U
16781,-61.544313564906545,15.560605304633928,200.0,200.0,U
16782,-61.5468629552759,15.559801850137859,200.0,200.0,U
16783,-61.54396591872307,15.562883175443597,200.0,200.0,U
16784,-61.54459628290747,15.55998826343004,200.0,200.0,U
16785,-61.54273045411993,15.560540613828495,200.0,200.0,U
16786,-61.54428762855934,15.560905654413412,200.0,200.0,U
16787,-61.5439978972578,15.560887396934223,200.0,200.0,U
16788,-61.543732090122404,15.56110849243519,200.0,200.0,U
16789,-61.54312364317207,15.557816870153369,200.0,200.0,U
16790,-61.545943001603405,15.562153152836839,200.0,200.0,U
16791,-61.543597121811175,15.562068817607669,200.0,200.0,U
16792,-61.54418272672303,15.560804012036552,200.0,200.0,U
16793,-61.54420060931778,15.56082056531987,200.0,200.0,U
16794,-61.54333871974179,15.560311806019852,200.0,200.0,U
16795,-61.54302449727572,15.562193939817714,200.0,200.0,U
16796,-61.54561699310348,15.56287138022611,200.0,200.0,U
16797,-61.544886961176694,15.560552766630103,200.0,200.0,U
16798,-61.54657188839689,15.560985584901207,200.0,200.0,U
16799,-61.54509421224822,15.560808918448483,200.0,200.0,U
16800,-61.544559928622846,15.56140589226869,200.0,200.0,U
16801,-61.543756656996614,15.557381570814123,200.0,200.0,U
16802,-61.54773363443497,15.561806711235135,200.0,200.0,U
16803,-61.546232865047855,15.562180019688272,200.0,200.0,U
16804,-61.54741479309889,15.55974824439091,200.0,200.0,U
16805,-61.54430699359389,15.560839578091468,200.0,200.0,U
16806,-61.540748060923804,15.563922482052785,200.0,200.0,U
16807,-61.54551164623962,15.562174439391155,200.0,200.0,U
16808,-61.54440972563534,15.559152949851153,200.0,200.0,U
16809,-61.54373988961404,15.561314016111648,200.0,200.0,U
16810,-61.54433675091464,15.5600145924488,200.0,200.0,U
16811,-61.54407487994829,15.56094895345011,200.0,200.0,U
16812,-61.54401634480921,15.5602805651405,200.0,200.0,U
16813,-61.54199119470348,15.56110192452472,200.0,200.0,U
16814,-61.546841680373625,15.559403523707893,200.0,200.0,U
16815,-61.54350550212039,15.562733021300396,200.0,200.0,U
16816,-61.544616108839534,15.559525018078544,200.0,200.0,U
16817,-61.544325034925535,15.560815053516684,200.0,200.0,U
16818,-61.54459947675137,15.560980113848213,200.0,200.0,U
16819,-61.54415246834032,15.56039428282757,200.0,200.0,U
16820,-61.54233186200392,15.557548340435515,200.0,200.0,U
16821,-61.54347149515211,15.561340250177564,200.0,200.0,U
16822,-61.543204830076036,15.561063733873688,200.0,200.0,U
16823,-61.54608992398165,15.560408183780048,200.0,200.0,U
16824,-61.542090684805494,15.561393061185191,200.0,200.0,U
16825,-61.54040462463326,15.56075660023624,200.0,200.0,U
16826,-61.54453150193928,15.557618702190116,200.0,200.0,U
16827,-61.546391835418696,15.564522877244697,200.0,200.0,U
16828,-61.54365491304419,15.560517541355436,200.0,200.0,U
16829,-61.54681256930392,15.559745879925927,200.0,200.0,U
16830,-61.54557902453385,15.562068242379569,200.0,200.0,U
16831,-61.5451140219934,15.561017783816366,200.0,200.0,U
16832,-61.5443022153978,15.560706831113507,200.0,200.0,U
16833,-61.544898198968475,15.560645810960974,200.0,200.0,U
16834,-61.54406148156665,15.56138378924103,200.0,200.0,U
16835,-61.54605710429085,15.560796063206238,200.0,200.0,U
16836,-61.544234160469166,15.561154307192323,200.0,200.0,U
16837,-61.54833232246236,15.561454542550596,200.0,200.0,U
16838,-61.5435144978307,15.560957646602462,200.0,200.0,U
16839,-61.545236581240864,15.560932381459061,200.0,200.0,U
16840,-61.54202459686119,15.56172904967237,200.0,200.0,U
16841,-61.54720608091477,15.560878168699194,200.0,200.0,U
16842,-61.54465806172215,15.560115862839488,200.0,200.0,U
16843,-61.544760679097,15.56069085981839,200.0,200.0,U
16844,-61.54439660296457,15.560753124669295,200.0,200.0,U
16845,-61.54422828340557,15.560403219149004,200.0,200.0,U
16846,-61.547604357047135,15.560135427733343,200.0,200.0,U
16847,-61.54436039328268,15.560705836163137,200.0,200.0,U
16848,-61.54535707428986,15.559997166504553,200.0,200.0,U
16849,-61.544296547667905,15.560717551275394,200.0,200.0,U
16850,-61.544631797506064,15.561521417088217,200.0,200.0,U
16851,-61.54504917580719,15.561184627254923,200.0,200.0,U
16852,-61.54652126572469,15.559000893963487,200.0,200.0,U
16853,-61.54420305262888,15.560998076198976,200.0,200.0,U
16854,-61.54571890205023,15.561209127825142,200.0,200.0,U
16855,-61.544429701427454,15.560758672808431,200.0,200.0,U
16856,-61.54497223867341,15.56388353954733,200.0,200.0,U
16857,-61.54437578595257,15.560660023234313,200.0,200.0,U
16858,-61.544323215230406,15.560575454769484,200.0,200.0,U
16859,-61.5449698369217,15.560100958902874,200.0,200.0,U
16860,-61.54254824427844,15.559921712575477,200.0,200.0,U
16861,-61.542297707791825,15.559849375648062,200.0,200.0,U
16862,-61.545281378492916,15.559089767680307,200.0,200.0,U
16863,-61.54322946484977,15.56052280531728,200.0,200.0,U
16864,-61.54377240640449,15.55897613701452,200.0,200.0,U
16865,-61.543614484678756,15.562356517558682,200.0,200.0,U
16866,-61.54438714493087,15.560042277595171,200.0,200.0,U
16867,-61.544375784963094,15.560609110220831,200.0,200.0,U
16868,-61.545701577292064,15.559655433702241,200.0,200.0,U
16869,-61.54221290551203,15.559250292747153,200.0,200.0,U
16870,-61.54498547107265,15.56053044026015,200.0,200.0,U
16871,-61.54539805800319,15.561655140264348,200.0,200.0,U
16872,-61.54141812445753,15.560932040316247,200.0,200.0,U
16873,-61.54308294031708,15.559976640745306,200.0,200.0,U
16874,-61.54493135864365,15.561069761951511,200.0,200.0,U
16875,-61.544399824824104,15.5607472426515,200.0,200.0,U
16876,-61.545433429420505,15.560875474872896,200.0,200.0,U
16877,-61.54437393079553,15.560844950895452,200.0,200.0,U
16878,-61.54419947936432,15.561038159751842,200.0,200.0,U
16879,-61.54377181391649,15.561216935597487,200.0,200.0,U
16880,-61.54590672997595,15.558213513066583,200.0,200.0,U
16881,-61.54567228230452,15.559470218239372,200.0,200.0,U
16882,-61.54422202766872,15.56072408232345,200.0,200.0,U
16883,-61.544807280114384,15.56035454641117,200.0,200.0,U
16884,-61.544538078618025,15.560202051756269,200.0,200.0,U
16885,-61.54395383107345,15.559633126736127,200.0,200.0,U
16886,-61.54402698390653,15.560965821117579,200.0,200.0,U
16887,-61.54411203894099,15.563289758515946,200.0,200.0,U
16888,-61.54501941653737,15.560744962652814,200.0,200.0,U
16889,-61.53899951501601,15.558649912434127,200.0,200.0,U
16890,-61.544268657954476,15.559253982235441,200.0,200.0,U
16891,-61.54330663859949,15.56068851766838,200.0,200.0,U
16892,-61.54570762899384,15.561985280543304,200.0,200.0,U
16893,-61.54416701938248,15.560775725608158,200.0,200.0,U
16894,-61.545101470745706,15.560705702048445,200.0,200.0,U
16895,-61.540294997087344,15.558758320012746,200.0,200.0,U
16896,-61.54402949878419,15.559835165092752,200.0,200.0,U
16897,-61.54515072798924,15.559724618372927,200.0,200.0,U
16898,-61.540651220483774,15.563527872893314,200.0,200.0,U
16899,-61.543893839637676,15.56188561070422,200.0,200.0,U
16900,-61.543766865713096,15.5630624177971,200.0,200.0,U
16901,-61.54412325551864,15.56055751261567,200.0,200.0,U
16902,-61.54469408664397,15.559590073045054,200.0,200.0,U
16903,-61.54494713331567,15.561135113137796,200.0,200.0,U
16904,-61.548373367297344,15.561586781726636,200.0,200.0,U
16905,-61.5437655406985,15.56018496030922,200.0,200.0,U
16906,-61.54496976531507,15.559729014835321,200.0,200.0,U
16907,-61.544395214123575,15.560663251856704,200.0,200.0,U
16908,-61.544434357103526,15.560923748353268,200.0,200.0,U
16909,-61.54262411825628,15.560113918107064,200.0,200.0,U
16910,-61.544460976570335,15.560597833275368,200.0,200.0,U
16911,-61.54391007029455,15.560725904773195,200.0,200.0,U
16912,-61.544040608333155,15.558473331897883,200.0,200.0,U
16913,-61.54469028042429,15.560416636644913,200.0,200.0,U
16914,-61.543747341131855,15.559905231278393,200.0,200.0,U
16915,-61.54140325009038,15.562221621570941,200.0,200.0,U
16916,-61.54382025294304,15.561519760389196,200.0,200.0,U
16917,-61.54330044726755,15.561654996335903,200.0,200.0,U
16918,-61.545496796304654,15.56107483940335,200.0,200.0,U
16919,-61.54361797599779,15.56058380287498,200.0,200.0,U
16920,-61.540580612316525,15.561606477456044,200.0,200.0,U
16921,-61.5446728302898,15.562206248739416,200.0,200.0,U
16922,-61.54537000026615,15.559411058449975,200.0,200.0,U
16923,-61.54410268446565,15.560536340884866,200.0,200.0,U
16924,-61.54453885090254,15.557079707312475,200.0,200.0,U
16925,-61.54394380213276,15.561515565850751,200.0,200.0,U
16926,-61.54134349559363,15.559577134535628,200.0,200.0,U
16927,-61.543794548282,15.560305869785063,200.0,200.0,U
16928,-61.546254438406685,15.558451124107801,200.0,200.0,U
16929,-61.54713714810766,15.560607163317197,200.0,200.0,U
16930,-61.54370083267453,15.560798022483894,200.0,200.0,U
16931,-61.54440646997496,15.560726221076308,200.0,200.0,U
16932,-61.544617870596284,15.558236291759108,200.0,200.0,U
16933,-61.54142711141967,15.5602279325894,200.0,200.0,U
16934,-61.544182619919326,15.560237777575143,200.0,200.0,U
16935,-61.54309598953836,15.559529051846884,200.0,200.0,U
16936,-61.54469601051389,15.56058953938053,200.0,200.0,U
16937,-61.54341590663955,15.559383596730415,200.0,200.0,U
16938,-61.5431289635164,15.563052990963403,200.0,200.0,U
16939,-61.54508239094438,15.561675047700728,200.0,200.0,U
16940,-61.5449991523588,15.56152094289765,200.0,200.0,U
16941,-61.545950050659684,15.56001919358133,200.0,200.0,U
16942,-61.545853363262026,15.56047718910387,200.0,200.0,U
16943,-61.54475848927363,15.561082160279453,200.0,200.0,U
16944,-61.54450472711005,15.560528457781647,200.0,200.0,U
16945,-61.54514516128509,15.560605776068257,200.0,200.0,U
16946,-61.54424180734973,15.560894020642106,200.0,200.0,U
16947,-61.54395264818487,15.561816302919677,200.0,200.0,U
16948,-61.5461338840901,15.560416383841275,200.0,200.0,U
16949,-61.54207259218098,15.560772490008265,200.0,200.0,U
16950,-61.544502231050956,15.55784778441476,200.0,200.0,U
16951,-61.54344748826525,15.561806545146174,200.0,200.0,U
16952,-61.543630472089845,15.560101817616186,200.0,200.0,U
16953,-61.54358506475296,15.559139262568959,200.0,200.0,U
16954,-61.543222146129175,15.561300295822077,200.0,200.0,U
16955,-61.544570370864214,15.560565003067763,200.0,200.0,U
16956,-61.54306632227734,15.560101657445795,200.0,200.0,U
16957,-61.54362843992389,15.559726291657084,200.0,200.0,U
16958,-61.54494394077507,15.56197867080212,200.0,200.0,U
16959,-61.5470059554513,15.561439040774077,200.0,200.0,U
16960,-61.5443856686021,15.560266615047281,200.0,200.0,U
16961,-61.544358880422216,15.560553424529957,200.0,200.0,U
16962,-61.543289972627406,15.558241736814567,200.0,200.0,U
16963,-61.54434096738415,15.5605967344549,200.0,200.0,U
16964,-61.54474716029114,15.560433084290535,200.0,200.0,U
16965,-61.54491515229124,15.560079911405573,200.0,200.0,U
16966,-61.54461019099641,15.56030449613016,200.0,200.0,U
16967,-61.54458249445087,15.56061104634073,200.0,200.0,U
16968,-61.544273665068125,15.5614062592287,200.0,200.0,U
16969,-61.54415571667612,15.559636633514812,200.0,200.0,U
16970,-61.54173845525592,15.560159740047231,200.0,200.0,U
16971,-61.54389484183577,15.560110401719191,200.0,200.0,U
16972,-61.54415663000304,15.560211771303324,200.0,200.0,U
16973,-61.54437642755702,15.560472856323571,200.0,200.0,U
16974,-61.54132946271964,15.559876606620161,200.0,200.0,U
16975,-61.544187935831125,15.561026386589056,200.0,200.0,U
16976,-61.54339313854303,15.559531198640164,200.0,200.0,U
16977,-61.544661142530124,15.560382512255938,200.0,200.0,U
16978,-61.544525986773664,15.560607667928288,200.0,200.0,U
16979,-61.54462384808027,15.56259281829793,200.0,200.0,U
16980,-61.548418767921156,15.559777054717001,200.0,200.0,U
16981,-61.544757570891264,15.5606481961423,200.0,200.0,U
16982,-61.544834592386785,15.557718453974275,200.0,200.0,U
16983,-61.54681542377532,15.56265510369678,200.0,200.0,U
16984,-61.54691661399188,15.562620722725653,200.0,200.0,U
16985,-61.54587219607626,15.56097976219056,200.0,200.0,U
16986,-61.54707079132451,15.56020273432797,200.0,200.0,U
16987,-61.544923825293715,15.559351962171002,200.0,200.0,U
16988,-61.54446760888308,15.560093549527327,200.0,200.0,U
16989,-61.547911080269486,15.55944290472196,200.0,200.0,U
16990,-61.54449996678406,15.561239413317953,200.0,200.0,U
16991,-61.545637957392834,15.560068272836835,200.0,200.0,U
16992,-61.54509467955352,15.560429677884,200.0,200.0,U
16993,-61.54192474304919,15.562944176199615,200.0,200.0,U
16994,-61.54338199388842,15.562604844724964,200.0,200.0,U
16995,-61.54456652734655,15.560740425056455,200.0,200.0,U
16996,-61.543688354927134,15.5617295987993,200.0,200.0,U
16997,-61.54371381364716,15.560403498594546,200.0,200.0,U
16998,-61.546183147250716,15.564009916044297,200.0,200.0,U
16999,-61.54247882982907,15.561580251729065,200.0,200.0,U
17000,-61.547073131286204,15.559984251306979,200.0,200.0,U
17001,-61.54288696267371,15.560959345160597,200.0,200.0,U
17002,-61.54339071708348,15.560455124910526,200.0,200.0,U
17003,-61.541702658436805,15.562892864058202,200.0,200.0,U
17004,-61.54464581730272,15.560592118668087,200.0,200.0,U
17005,-61.54292307605449,15.558690989217807,200.0,200.0,U
17006,-61.54326186627308,15.561858946870522,200.0,200.0,U
17007,-61.54177642410878,15.56012103742033,200.0,200.0,U
17008,-61.54423272832214,15.559811037560772,200.0,200.0,U
17009,-61.540830582468175,15.558159570100155,200.0,200.0,U
17010,-61.545341134255864,15.559079401225395,200.0,200.0,U
17011,-61.54523638402286,15.558158965925665,200.0,200.0,U
17012,-61.54553614631836,15.560242847633225,200.0,200.0,U
17013,-61.54459803579719,15.560562663087977,200.0,200.0,U
17014,-61.54222150172872,15.558120234832987,200.0,200.0,U
17015,-61.54390302049495,15.561742276933805,200.0,200.0,U
17016,-61.54446807211711,15.5609690769739,200.0,200.0,U
17017,-61.54500630823851,15.561569347211515,200.0,200.0,U
17018,-61.544150073694375,15.560483272865234,200.0,200.0,U
17019,-61.548530326172475,15.561171607312268,200.0,200.0,U
17020,-61.545136687410505,15.56146475332358,200.0,200.0,U
17021,-61.54477513935645,15.559287578448654,200.0,200.0,U
17022,-61.54412561843315,15.561640301718404,200.0,200.0,U
17023,-61.54564576057282,15.558170403917082,200.0,200.0,U
17024,-61.54465784699245,15.557525211043577,200.0,200.0,U
17025,-61.54379908235704,15.56121651639449,200.0,200.0,U
17026,-61.5489221224367,15.563227911662434,200.0,200.0,U
17027,-61.544853841686106,15.560377191029014,200.0,200.0,U
17028,-61.54447701066937,15.561738721894917,200.0,200.0,U
17029,-61.54510761157565,15.560612046354722,200.0,200.0,U
17030,-61.54567546444911,15.560254740488695,200.0,200.0,U
17031,-61.54659900074107,15.561776488900746,200.0,200.0,U
17032,-61.54562963018737,15.561099060200302,200.0,200.0,U
17033,-61.54527447173,15.561000293009643,200.0,200.0,U
17034,-61.54370289399359,15.560749486177766,200.0,200.0,U
17035,-61.54328859747625,15.558270713628465,200.0,200.0,U
17036,-61.543388000539615,15.55959693783882,200.0,200.0,U
17037,-61.544879913860015,15.560858586742759,200.0,200.0,U
17038,-61.54299314619911,15.559210283848175,200.0,200.0,U
17039,-61.54432012178318,15.561355308658467,200.0,200.0,U
17040,-61.546446977163995,15.56098620996939,200.0,200.0,U
17041,-61.545066417221015,15.56020117057554,200.0,200.0,U
17042,-61.54546199668485,15.561451521704681,200.0,200.0,U
17043,-61.545962567280284,15.561230091994942,200.0,200.0,U
17044,-61.541667806205616,15.560591381544114,200.0,200.0,U
17045,-61.54530406079493,15.560530060590834,200.0,200.0,U
17046,-61.545261133865814,15.56114840102964,200.0,200.0,U
17047,-61.54458328692505,15.560890216847712,200.0,200.0,U
17048,-61.5449918000194,15.560941191807034,200.0,200.0,U
17049,-61.54371482969475,15.560424025369585,200.0,200.0,U
17050,-61.54717942412367,15.559895982459894,200.0,200.0,U
17051,-61.54416169248318,15.560562077973971,200.0,200.0,U
17052,-61.54370666631629,15.560213275438883,200.0,200.0,U
17053,-61.54456934447979,15.563085674863158,200.0,200.0,U
17054,-61.544462808086486,15.558891333734792,200.0,200.0,U
17055,-61.5435410946204,15.563655238911632,200.0,200.0,U
17056,-61.54466044385621,15.560368598092348,200.0,200.0,U
17057,-61.543320205844864,15.55996572725599,200.0,200.0,U
17058,-61.54442038990842,15.561796880746058,200.0,200.0,U
17059,-61.54274859520327,15.55978766066116,200.0,200.0,U
17060,-61.545391914993125,15.558528124617572,200.0,200.0,U
17061,-61.545950189197,15.562890804853508,200.0,200.0,U
17062,-61.54452089476329,15.561246427183686,200.0,200.0,U
17063,-61.546329546176835,15.560732942308277,200.0,200.0,U
17064,-61.544363028942236,15.559920879728661,200.0,200.0,U
17065,-61.54325311822794,15.560852652933278,200.0,200.0,U
17066,-61.54358272770876,15.560963639155647,200.0,200.0,U
17067,-61.544014211382226,15.558888226079391,200.0,200.0,U
17068,-61.54462129254768,15.560642930946724,200.0,200.0,U
17069,-61.545990266709545,15.560339311989473,200.0,200.0,U
17070,-61.5459916018368,15.560844900182353,200.0,200.0,U
17071,-61.544550727233215,15.561271122076185,200.0,200.0,U
17072,-61.544982570429745,15.563407241155856,200.0,200.0,U
17073,-61.54413059982277,15.55986798781969,200.0,200.0,U
17074,-61.54494936193541,15.560754993173628,200.0,200.0,U
17075,-61.54412529133549,15.561168915719104,200.0,200.0,U
17076,-61.54472365247744,15.56027275759774,200.0,200.0,U
17077,-61.544063465301335,15.560053200250444,200.0,200.0,U
17078,-61.542191507596364,15.559610371763863,200.0,200.0,U
17079,-61.54543961691366,15.561726758987355,200.0,200.0,U
17080,-61.54480115239365,15.561483000998374,200.0,200.0,U
17081,-61.54501860875935,15.560760077318129,200.0,200.0,U
17082,-61.54303364369656,15.560846392175494,200.0,200.0,U
17083,-61.544224783131426,15.55947488162091,200.0,200.0,U
17084,-61.545651498797426,15.561141122480928,200.0,200.0,U
17085,-61.54018695574977,15.561825897370312,200.0,200.0,U
17086,-61.54284612984844,15.561047200203053,200.0,200.0,U
17087,-61.545510532806,15.56116420404797,200.0,200.0,U
17088,-61.54521431368812,15.559893516902614,200.0,200.0,U
17089,-61.54456783539031,15.560376517638032,200.0,200.0,U
17090,-61.54584760440489,15.56193610049853,200.0,200.0,U
17091,-61.54170662441381,15.559931339983585,200.0,200.0,U
17092,-61.54434782370133,15.560241829258285,200.0,200.0,U
17093,-61.54683602128725,15.560630320806677,200.0,200.0,U
17094,-61.548369468387605,15.560763098503484,200.0,200.0,U
17095,-61.54528925003821,15.56161937606873,200.0,200.0,U
17096,-61.54483888922113,15.560513157196914,200.0,200.0,U
17097,-61.5451303995054,15.561842089983882,200.0,200.0,U
17098,-61.545562761091375,15.559896571599417,200.0,200.0,U
17099,-61.544632436287515,15.560409158287483,200.0,200.0,U
17100,-61.54507865889162,15.560765577707386,200.0,200.0,U
17101,-61.54589227961064,15.560968154243666,200.0,200.0,U
17102,-61.546294287071994,15.561411990103775,200.0,200.0,U
17103,-61.544571328080224,15.560145515188703,200.0,200.0,U
17104,-61.54591825899451,15.561787286556864,200.0,200.0,U
17105,-61.544880151155,15.561316107580069,200.0,200.0,U
17106,-61.544827360205346,15.559971488959917,200.0,200.0,U
17107,-61.544113615935785,15.559699173489216,200.0,200.0,U
17108,-61.544733545918035,15.561087942431366,200.0,200.0,U
17109,-61.544746979122486,15.558621519010808,200.0,200.0,U
17110,-61.542419812057666,15.56296753101384,200.0,200.0,U
17111,-61.54245733588244,15.560838372083834,200.0,200.0,U
17112,-61.54437455605666,15.561004212581246,200.0,200.0,U
17113,-61.54487745968994,15.561524222353393,200.0,200.0,U
17114,-61.54701015388926,15.559639720560451,200.0,200.0,U
17115,-61.54851159985679,15.562065858399347,200.0,200.0,U
17116,-61.54381264362843,15.559068127071267,200.0,200.0,U
17117,-61.54457912291483,15.56251012182873,200.0,200.0,U
17118,-61.54548073179562,15.560042287818975,200.0,200.0,U
17119,-61.54533059051011,15.56250622144312,200.0,200.0,U
17120,-61.54433265442819,15.560331190421651,200.0,200.0,U
17121,-61.54796569220779,15.562609727548283,200.0,200.0,U
17122,-61.5468971218198,15.560708934702765,200.0,200.0,U
17123,-61.54290000670238,15.563098753363656,200.0,200.0,U
17124,-61.544681053628615,15.560825772176988,200.0,200.0,U
17125,-61.54505140501678,15.560553981934005,200.0,200.0,U
17126,-61.543321603731485,15.563769818673281,200.0,200.0,U
17127,-61.545816968918714,15.56059279391957,200.0,200.0,U
17128,-61.54467560485574,15.56009637714637,200.0,200.0,U
17129,-61.543521734157494,15.560099493650084,200.0,200.0,U
17130,-61.543284236356385,15.563184253996072,200.0,200.0,U
17131,-61.54447377809542,15.562654088488703,200.0,200.0,U
17132,-61.548584105423565,15.560826702128656,200.0,200.0,U
17133,-61.54393394993729,15.56215217677371,200.0,200.0,U
17134,-61.54499832412351,15.560787506029039,200.0,200.0,U
17135,-61.54487177062156,15.55851630233673,200.0,200.0,U
17136,-61.544796070655465,15.56044743478089,200.0,200.0,U
17137,-61.54435126028231,15.561799197717646,200.0,200.0,U
17138,-61.54466558844922,15.560976360691072,200.0,200.0,U
17139,-61.546078113993126,15.559680314257209,200.0,200.0,U
17140,-61.54572305264646,15.560458394124772,200.0,200.0,U
17141,-61.543856330483216,15.559564514758405,200.0,200.0,U
17142,-61.54466009678654,15.558647977626531,200.0,200.0,U
17143,-61.54536247234243,15.560187832089719,200.0,200.0,U
17144,-61.54530936108079,15.56245420298703,200.0,200.0,U
17145,-61.54518378409275,15.564502082066191,200.0,200.0,U
17146,-61.5446494911252,15.560433230008558,200.0,200.0,U
17147,-61.545368763453865,15.560837203415177,200.0,200.0,U
17148,-61.54480452399251,15.55883293094307,200.0,200.0,U
17149,-61.54639404862911,15.559050123533103,200.0,200.0,U
17150,-61.5443417461393,15.560593240955372,200.0,200.0,U
17151,-61.54287190362502,15.563615449864304,200.0,200.0,U
17152,-61.547302288206254,15.562365570211313,200.0,200.0,U
17153,-61.546426728370044,15.559330353331244,200.0,200.0,U
17154,-61.54459228581092,15.560140892999604,200.0,200.0,U
17155,-61.544861776006805,15.558538880158002,200.0,200.0,U
17156,-61.546741368297596,15.562119773310146,200.0,200.0,U
17157,-61.546501037976114,15.559040717757172,200.0,200.0,U
17158,-61.54379320763157,15.55976528059122,200.0,200.0,U
17159,-61.544168188866124,15.55911479777363,200.0,200.0,U
17160,-61.54482716199566,15.560641408113728,200.0,200.0,U
17161,-61.54640760474562,15.560234618567609,200.0,200.0,U
17162,-61.545311036106035,15.560051105406021,200.0,200.0,U
17163,-61.546507384907144,15.559697998208414,200.0,200.0,U
17164,-61.54511313649275,15.560310567194547,200.0,200.0,U
17165,-61.54490697378497,15.56194534592969,200.0,200.0,U
17166,-61.5464958505919,15.560162412256997,200.0,200.0,U
17167,-61.544293013863204,15.561042730234703,200.0,200.0,U
17168,-61.54537615507312,15.560263817673274,200.0,200.0,U
17169,-61.54469378355495,15.561996479784439,200.0,200.0,U
17170,-61.54478871205383,15.560534610567919,200.0,200.0,U
17171,-61.54542204623153,15.558402148174986,200.0,200.0,U
17172,-61.54727464325429,15.559200915757785,200.0,200.0,U
17173,-61.54469271380253,15.560629454840361,200.0,200.0,U
17174,-61.544873497050276,15.561825412074453,200.0,200.0,U
17175,-61.542608686332656,15.559606944861773,200.0,200.0,U
17176,-61.546371453659376,15.559326717060534,200.0,200.0,U
17177,-61.54476678908956,15.560245599199828,200.0,200.0,U
17178,-61.54754995855491,15.559053868428029,200.0,200.0,U
17179,-61.54452834218091,15.56042530771155,200.0,200.0,U
17180,-61.54611741431526,15.560178718534534,200.0,200.0,U
17181,-61.54319064585963,15.558355749886479,200.0,200.0,U
17182,-61.54683960102747,15.558669279845839,200.0,200.0,U
17183,-61.54497011372303,15.559589973168379,200.0,200.0,U
17184,-61.54364392570376,15.560289775441749,200.0,200.0,U
17185,-61.5448912213059,15.560401439691727,200.0,200.0,U
17186,-61.54735235878515,15.561939299220828,200.0,200.0,U
17187,-61.542039800007686,15.561706833836936,200.0,200.0,U
17188,-61.54561992862945,15.561089937544157,200.0,200.0,U
17189,-61.543710234031096,15.557631680727498,200.0,200.0,U
17190,-61.542827299067916,15.561536372750126,200.0,200.0,U
17191,-61.54366044916569,15.558362457675841,200.0,200.0,U
17192,-61.544331206890995,15.561008741528545,200.0,200.0,U
17193,-61.54537096719677,15.559889703456792,200.0,200.0,U
17194,-61.54552623458696,15.560093951793661,200.0,200.0,U
17195,-61.54518421699842,15.557464222486253,200.0,200.0,U
17196,-61.54516724128446,15.560030428431425,200.0,200.0,U
17197,-61.54575329577875,15.558614975952118,200.0,200.0,U
17198,-61.54708872187133,15.562125107937598,200.0,200.0,U
17199,-61.545237470819394,15.563492851493415,200.0,200.0,U
17200,-61.54544290555957,15.557877242272257,200.0,200.0,U
17201,-61.54552217515406,15.560799837117427,200.0,200.0,U
17202,-61.547095460971825,15.558651209866701,200.0,200.0,U
17203,-61.54680778787181,15.556033085165684,200.0,200.0,U
17204,-61.54457451559959,15.560572823437429,200.0,200.0,U
17205,-61.54327531862213,15.56152723535188,200.0,200.0,U
17206,-61.54406894691811,15.559994147124748,200.0,200.0,U
17207,-61.5441648152243,15.558910279911558,200.0,200.0,U
17208,-61.544824077071574,15.559115367177066,200.0,200.0,U
17209,-61.544601425900986,15.559930915926099,200.0,200.0,U
17210,-61.54431109535343,15.55854233642779,200.0,200.0,U
17211,-61.54444016946189,15.559262820073469,200.0,200.0,U
17212,-61.544460653453214,15.560189552366571,200.0,200.0,U
17213,-61.54324471673552,15.560258840274884,200.0,200.0,U
17214,-61.544879305867546,15.560960530203113,200.0,200.0,U
17215,-61.5445670394662,15.559798878885285,200.0,200.0,U
17216,-61.5420081203559,15.562171169034508,200.0,200.0,U
17217,-61.54388998166758,15.562494728161075,200.0,200.0,U
17218,-61.545185893925364,15.559813727855609,200.0,200.0,U
17219,-61.5466415039607,15.558082883400298,200.0,200.0,U
17220,-61.543421113295814,15.559511421795008,200.0,200.0,U
17221,-61.54701812735865,15.562865765856262,200.0,200.0,U
17222,-61.54658525378675,15.561306198051023,200.0,200.0,U
17223,-61.545038359274876,15.56045480902687,200.0,200.0,U
17224,-61.54468926414882,15.56141435684623,200.0,200.0,U
17225,-61.544849748398036,15.560306603217885,200.0,200.0,U
17226,-61.54572984131504,15.560317461589861,200.0,200.0,U
17227,-61.54699304088545,15.56041677148373,200.0,200.0,U
17228,-61.5422763025953,15.560295451255461,200.0,200.0,U
17229,-61.544607708951354,15.559946431746283,200.0,200.0,U
17230,-61.54382865068901,15.563930059828923,200.0,200.0,U
17231,-61.545655316520836,15.562278291798586,200.0,200.0,U
17232,-61.546419035224844,15.560026985641434,200.0,200.0,U
17233,-61.545424659069035,15.560349213753334,200.0,200.0,U
17234,-61.54669581898898,15.56171156135156,200.0,200.0,U
17235,-61.54509244993343,15.561158981215318,200.0,200.0,U
17236,-61.54479516691105,15.560429162045146,200.0,200.0,U
17237,-61.54565774330563,15.561738258271353,200.0,200.0,U
17238,-61.544975898669534,15.5609304957655,200.0,200.0,U
17239,-61.5438549167144,15.558952582150177,200.0,200.0,U
17240,-61.54639745951636,15.560702473165195,200.0,200.0,U
17241,-61.54509896313756,15.56147630295488,200.0,200.0,U
17242,-61.546417488792414,15.564315677623695,200.0,200.0,U
17243,-61.54489728882558,15.559735141521882,200.0,200.0,U
17244,-61.543464061987635,15.559935721200334,200.0,200.0,U
17245,-61.54767658864309,15.559890663422284,200.0,200.0,U
17246,-61.546943487681745,15.560687427836854,200.0,200.0,U
17247,-61.54323946469844,15.561938178375478,200.0,200.0,U
17248,-61.54436501477325,15.559562423656113,200.0,200.0,U
17249,-61.54389389618641,15.560796799929859,200.0,200.0,U
17250,-61.54474213404383,15.560506670369303,200.0,200.0,U
17251,-61.54485627903548,15.562811246750995,200.0,200.0,U
17252,-61.54549438799087,15.562595763006785,200.0,200.0,U
17253,-61.54521001387458,15.560767535755312,200.0,200.0,U
17254,-61.54368551164999,15.559059278282211,200.0,200.0,U
17255,-61.54325493428217,15.560898084887741,200.0,200.0,U
17256,-61.54433495858853,15.559239762606333,200.0,200.0,U
17257,-61.54553666322602,15.5613923980294,200.0,200.0,U
17258,-61.545952728243954,15.560289207546969,200.0,200.0,U
17259,-61.54620738340972,15.561976057086632,200.0,200.0,U
17260,-61.543915118471894,15.561354730279154,200.0,200.0,U
17261,-61.54709615525034,15.556686415701792,200.0,200.0,U
17262,-61.54574459631531,15.559467479570177,200.0,200.0,U
17263,-61.54358691121573,15.563364019997177,200.0,200.0,U
17264,-61.545986746021946,15.559699424168535,200.0,200.0,U
17265,-61.546703383352856,15.560635096415819,200.0,200.0,U
17266,-61.54532682636545,15.560456149225002,200.0,200.0,U
17267,-61.54769554666558,15.561142475542676,200.0,200.0,U
17268,-61.544879909637835,15.560618565383708,200.0,200.0,U
17269,-61.545246507417005,15.560243829891299,200.0,200.0,U
17270,-61.5445468124621,15.559956616784023,200.0,200.0,U
17271,-61.543955553686246,15.561780940263858,200.0,200.0,U
17272,-61.5423805926834,15.559995021270439,200.0,200.0,U
17273,-61.54437368328595,15.562261126461193,200.0,200.0,U
17274,-61.542648221305384,15.56157114142265,200.0,200.0,U
17275,-61.54611414268443,15.561834612155401,200.0,200.0,U
17276,-61.54679460986763,15.560224182507431,200.0,200.0,U
17277,-61.545807082776776,15.562054122402909,200.0,200.0,U
17278,-61.54454799141067,15.562336456104571,200.0,200.0,U
17279,-61.54517960570574,15.562554146010175,200.0,200.0,U
17280,-61.545081191385925,15.560448512105761,200.0,200.0,U
17281,-61.54810116158362,15.561768086052142,200.0,200.0,U
17282,-61.54491109329999,15.560028745932238,200.0,200.0,U
17283,-61.54379684486194,15.558453930928948,200.0,200.0,U
17284,-61.5451080159478,15.56038768401118,200.0,200.0,U
17285,-61.54506563857723,15.559967612030437,200.0,200.0,U
17286,-61.54518269840588,15.560017915919461,200.0,200.0,U
17287,-61.545906096029164,15.56147588705382,200.0,200.0,U
17288,-61.54617177848966,15.560359800604116,200.0,200.0,U
17289,-61.542509512678045,15.561855049938414,200.0,200.0,U
17290,-61.54372144312303,15.561310812958862,200.0,200.0,U
17291,-61.546116827611165,15.56013914221418,200.0,200.0,U
17292,-61.54414876748138,15.559475839072741,200.0,200.0,U
17293,-61.54704928015121,15.560810052756029,200.0,200.0,U
17294,-61.5452506461829,15.56057928659839,200.0,200.0,U
17295,-61.54480814319763,15.560701675569389,200.0,200.0,U
17296,-61.54617707235172,15.55929415775405,200.0,200.0,U
17297,-61.544435889417656,15.560260916020527,200.0,200.0,U
17298,-61.543496866607434,15.56035609418187,200.0,200.0,U
17299,-61.54651284377958,15.559573866313501,200.0,200.0,U
17300,-61.54414535388877,15.559961280234914,200.0,200.0,U
17301,-61.545529956251265,15.560380116056166,200.0,200.0,U
17302,-61.545997135477705,15.560808760591703,200.0,200.0,U
17303,-61.546342028573925,15.557836557329308,200.0,200.0,U
17304,-61.54321847003065,15.558399173429217,200.0,200.0,U
17305,-61.54746262125107,15.564484379662339,200.0,200.0,U
17306,-61.545425039829766,15.560471013321807,200.0,200.0,U
17307,-61.545353124167875,15.56052026751037,200.0,200.0,U
17308,-61.54373410071157,15.560045901927237,200.0,200.0,U
17309,-61.54552150215716,15.560466989481926,200.0,200.0,U
17310,-61.54459396762451,15.559959872357705,200.0,200.0,U
17311,-61.54690787908456,15.5614089503679,200.0,200.0,U
17312,-61.54566571995582,15.560935023405168,200.0,200.0,U
17313,-61.54413760203974,15.560249451441639,200.0,200.0,U
17314,-61.54538072798475,15.558708287972921,200.0,200.0,U
17315,-61.54515019530224,15.560157798107918,200.0,200.0,U
17316,-61.54197792139383,15.561411710495138,200.0,200.0,U
17317,-61.545349424933015,15.561753144107389,200.0,200.0,U
17318,-61.54654569632047,15.561327640749347,200.0,200.0,U
17319,-61.54561506082045,15.560064657230242,200.0,200.0,U
17320,-61.542323270991,15.562302533357576,200.0,200.0,U
17321,-61.54672560631424,15.562823237478641,200.0,200.0,U
17322,-61.54721122447597,15.558640189355433,200.0,200.0,U
17323,-61.54519872031454,15.559548839883744,200.0,200.0,U
17324,-61.54556739979413,15.560864294796959,200.0,200.0,U
17325,-61.5472327865709,15.559893818633894,200.0,200.0,U
17326,-61.54581384909806,15.559766185202474,200.0,200.0,U
17327,-61.54620787698256,15.561716222168752,200.0,200.0,U
17328,-61.54555672221443,15.560930365197143,200.0,200.0,U
17329,-61.54434534242206,15.56298872118359,200.0,200.0,U
17330,-61.54450695553998,15.559640208614427,200.0,200.0,U
17331,-61.544993892848645,15.560309613095013,200.0,200.0,U
17332,-61.545508646016415,15.558840577994072,200.0,200.0,U
17333,-61.54154918746922,15.560072262833943,200.0,200.0,U
17334,-61.547241414813215,15.562053989769641,200.0,200.0,U
17335,-61.54516684244016,15.559148529830372,200.0,200.0,U
17336,-61.545191825131475,15.56037482860686,200.0,200.0,U
17337,-61.545157004191196,15.558464754762381,200.0,200.0,U
17338,-61.54530249969647,15.560290027437413,200.0,200.0,U
17339,-61.54467238394502,15.561358707960293,200.0,200.0,U
17340,-61.5432771184932,15.560904117520186,200.0,200.0,U
17341,-61.54480182984985,15.561743017462344,200.0,200.0,U
17342,-61.54483086011152,15.560304433829973,200.0,200.0,U
17343,-61.54638886280196,15.559498536978243,200.0,200.0,U
17344,-61.545419523537724,15.5608738774989,200.0,200.0,U
17345,-61.54301885411593,15.558302207384477,200.0,200.0,U
17346,-61.54597123884277,15.559447373604886,200.0,200.0,U
17347,-61.54672104133338,15.557585563324,200.0,200.0,U
17348,-61.5433952335776,15.562427776077444,200.0,200.0,U
17349,-61.54486781966849,15.559486348405601,200.0,200.0,U
17350,-61.543504137313754,15.56085548609154,200.0,200.0,U
17351,-61.54471158521663,15.560715233367066,200.0,200.0,U
17352,-61.54529251884979,15.559514490061108,200.0,200.0,U
17353,-61.545541609920555,15.56041865803751,200.0,200.0,U
17354,-61.545537634942264,15.56140692179074,200.0,200.0,U
17355,-61.54519550462272,15.560315511278672,200.0,200.0,U
17356,-61.54300220116958,15.560044782955675,200.0,200.0,U
17357,-61.54617115426114,15.560416654833125,200.0,200.0,U
17358,-61.54508280876082,15.56039818975382,200.0,200.0,U
17359,-61.54522213238312,15.56020856451543,200.0,200.0,U
17360,-61.546799352924126,15.559949595216994,200.0,200.0,U
17361,-61.54606945259525,15.56083114340129,200.0,200.0,U
17362,-61.54301849529047,15.561556385010167,200.0,200.0,U
17363,-61.544243721751336,15.558888180127564,200.0,200.0,U
17364,-61.54413327027045,15.560612045900504,200.0,200.0,U
17365,-61.547385743161826,15.560110070063626,200.0,200.0,U
17366,-61.54330414670178,15.560567346438953,200.0,200.0,U
17367,-61.544639478647944,15.560697753926116,200.0,200.0,U
17368,-61.54514695129036,15.559968830895704,200.0,200.0,U
17369,-61.54445267064375,15.562405679760321,200.0,200.0,U
17370,-61.54541328240565,15.55996418788051,200.0,200.0,U
17371,-61.54444885721285,15.56301177957184,200.0,200.0,U
17372,-61.54493449928184,15.560041730277577,200.0,200.0,U
17373,-61.54370778156989,15.558342620712022,200.0,200.0,U
17374,-61.54579689442645,15.560372770794022,200.0,200.0,U
17375,-61.54636245382377,15.560687193412557,200.0,200.0,U
17376,-61.54359617348868,15.559835000926796,200.0,200.0,U
17377,-61.54412236285868,15.559464512130123,200.0,200.0,U
17378,-61.5460664707509,15.558134903826248,200.0,200.0,U
17379,-61.54516234396799,15.560093981910486,200.0,200.0,U
17380,-61.54357345604636,15.56207230066628,200.0,200.0,U
17381,-61.54456502649705,15.556585647286525,200.0,200.0,U
17382,-61.54477596959108,15.561824574667877,200.0,200.0,U
17383,-61.543937676495915,15.560434887095033,200.0,200.0,U
17384,-61.546128349542606,15.560656673529419,200.0,200.0,U
17385,-61.5459528269726,15.56119816010955,200.0,200.0,U
17386,-61.54431369313474,15.559803443153442,200.0,200.0,U
17387,-61.54575692783822,15.560347033627181,200.0,200.0,U
17388,-61.54498286139559,15.55876810016309,200.0,200.0,U
17389,-61.54337161291911,15.555865312639675,200.0,200.0,U
17390,-61.54520563878427,15.560382821420244,200.0,200.0,U
17391,-61.54228701229398,15.55860537120732,200.0,200.0,U
17392,-61.54867416602329,15.562006074858923,200.0,200.0,U
17393,-61.542752021860984,15.561850949741233,200.0,200.0,U
17394,-61.54252820505644,15.559672385756619,200.0,200.0,U
17395,-61.54556706334248,15.560078582393112,200.0,200.0,U
17396,-61.54525498934835,15.560277066390473,200.0,200.0,U
17397,-61.54485529014763,15.558813586196873,200.0,200.0,U
17398,-61.54448572046532,15.56183853336052,200.0,200.0,U
17399,-61.545303198802465,15.559379237776849,200.0,200.0,U
17400,-61.54671760223258,15.56063163518294,200.0,200.0,U
17401,-61.54115556069143,15.560763913437427,200.0,200.0,U
17402,-61.542823223064495,15.561843037149371,200.0,200.0,U
17403,-61.545192421914486,15.560322105117503,200.0,200.0,U
17404,-61.54361548762039,15.560912026166056,200.0,200.0,U
17405,-61.54630047912375,15.563355870261033,200.0,200.0,U
17406,-61.54568440711886,15.562383672146733,200.0,200.0,U
17407,-61.54637489540629,15.56024197672219,200.0,200.0,U
17408,-61.54523161090063,15.56020568354845,200.0,200.0,U
17409,-61.54448135323021,15.559456306846094,200.0,200.0,U
17410,-61.545414807407106,15.560355543741748,200.0,200.0,U
17411,-61.54559411129773,15.559930116215657,200.0,200.0,U
17412,-61.54586025727718,15.560547401858326,200.0,200.0,U
17413,-61.5452792963755,15.560289858963372,200.0,200.0,U
17414,-61.5452365022707,15.560331312522624,200.0,200.0,U
17415,-61.54607862496005,15.559611226217132,200.0,200.0,U
17416,-61.546565918563,15.558681038871445,200.0,200.0,U
17417,-61.545254818054474,15.560469522024553,200.0,200.0,U
17418,-61.545472934613215,15.559400576069834,200.0,200.0,U
17419,-61.5462097190641,15.560367828769175,200.0,200.0,U
17420,-61.544786590302635,15.558896055308956,200.0,200.0,U
17421,-61.54416321637056,15.559161445196843,200.0,200.0,U
17422,-61.547759126163754,15.55991095816805,200.0,200.0,U
17423,-61.545413295895294,15.560078731516823,200.0,200.0,U
17424,-61.545267727619255,15.560234450758207,200.0,200.0,U
17425,-61.54511651181475,15.560276052335336,200.0,200.0,U
17426,-61.54552842061594,15.56109797309039,200.0,200.0,U
17427,-61.54529184086563,15.562698028855799,200.0,200.0,U
17428,-61.54455961358079,15.559783028841991,200.0,200.0,U
17429,-61.54501513281171,15.560726973640344,200.0,200.0,U
17430,-61.54675124682845,15.561195720699217,200.0,200.0,U
17431,-61.543598043317225,15.557243925216264,200.0,200.0,U
17432,-61.544308840497976,15.561810338220605,200.0,200.0,U
17433,-61.54508419987589,15.560077836408544,200.0,200.0,U
17434,-61.54546957273657,15.562625052241271,200.0,200.0,U
17435,-61.546635643792676,15.558163295386294,200.0,200.0,U
17436,-61.54515033800517,15.560343855809428,200.0,200.0,U
17437,-61.545008837990196,15.560742630162428,200.0,200.0,U
17438,-61.54433799116116,15.562039497617377,200.0,200.0,U
17439,-61.54458365916386,15.558902276750329,200.0,200.0,U
17440,-61.547112142080906,15.560772117386648,200.0,200.0,U
17441,-61.545763513661925,15.562551353480684,200.0,200.0,U
17442,-61.54338076453863,15.561640831819334,200.0,200.0,U
17443,-61.545399538123114,15.560559108197012,200.0,200.0,U
17444,-61.54659122831355,15.560952211630196,200.0,200.0,U
17445,-61.54509898594363,15.561370255536449,200.0,200.0,U
17446,-61.54524009994469,15.559934474502219,200.0,200.0,U
17447,-61.54555383865212,15.559779399664436,200.0,200.0,U
17448,-61.55051395682756,15.560821736648675,200.0,200.0,U
17449,-61.54533020778553,15.560195062313424,200.0,200.0,U
17450,-61.54491851882135,15.560325773615986,200.0,200.0,U
17451,-61.54373825903541,15.560013301069242,200.0,200.0,U
17452,-61.545195533961405,15.559903331214736,200.0,200.0,U
17453,-61.54540105313144,15.560514087016598,200.0,200.0,U
17454,-61.544143877572715,15.556457464949771,200.0,200.0,U
17455,-61.54564045255143,15.560571148150173,200.0,200.0,U
17456,-61.545160935122354,15.560597144765534,200.0,200.0,U
17457,-61.54485208208617,15.560754977618268,200.0,200.0,U
17458,-61.54630258250639,15.559150728621864,200.0,200.0,U
17459,-61.544669496143065,15.559611587717747,200.0,200.0,U
17460,-61.54661665382691,15.560080922272563,200.0,200.0,U
17461,-61.54331724806209,15.559103698347915,200.0,200.0,U
17462,-61.54586588685835,15.560337659492617,200.0,200.0,U
17463,-61.54535176558305,15.560257645262318,200.0,200.0,U
17464,-61.54576537859643,15.560879723445083,200.0,200.0,U
17465,-61.54770192479031,15.55807845973766,200.0,200.0,U
17466,-61.543585350765795,15.560050958433802,200.0,200.0,U
17467,-61.543054006438,15.561281930136902,200.0,200.0,U
17468,-61.54655138100707,15.559482929444169,200.0,200.0,U
17469,-61.54308376858688,15.5588072826529,200.0,200.0,U
17470,-61.54358891552202,15.561085088705383,200.0,200.0,U
17471,-61.54534710512972,15.560241390682824,200.0,200.0,U
17472,-61.54530735241578,15.561416773962646,200.0,200.0,U
17473,-61.54636029780131,15.56098263760029,200.0,200.0,U
17474,-61.54489709182836,15.560666479530358,200.0,200.0,U
17475,-61.544935244353475,15.560961794551917,200.0,200.0,U
17476,-61.54426325043997,15.560330472966667,200.0,200.0,U
17477,-61.544460359415964,15.565733034761726,200.0,200.0,U
17478,-61.545696162797064,15.562820328253755,200.0,200.0,U
17479,-61.54554050976961,15.561266244648115,200.0,200.0,U
17480,-61.546563903781866,15.558944276742931,200.0,200.0,U
17481,-61.547078151621186,15.56085999729774,200.0,200.0,U
17482,-61.54540937634933,15.559469592125282,200.0,200.0,U
17483,-61.54499974799416,15.559431454979737,200.0,200.0,U
17484,-61.54372769264462,15.561434235360972,200.0,200.0,U
17485,-61.54425043274875,15.558717160108495,200.0,200.0,U
17486,-61.546292576294405,15.559652660515791,200.0,200.0,U
17487,-61.54402969748088,15.55935991491975,200.0,200.0,U
17488,-61.54659867848374,15.560030607782732,200.0,200.0,U
17489,-61.54451703620358,15.561039602281381,200.0,200.0,U
17490,-61.54260877490398,15.560368307685748,200.0,200.0,U
17491,-61.54662566967266,15.559446997288667,200.0,200.0,U
17492,-61.54299698906095,15.559848330361797,200.0,200.0,U
17493,-61.547181353564866,15.561286965828822,200.0,200.0,U
17494,-61.54544423303935,15.560244198182534,200.0,200.0,U
17495,-61.546315322772294,15.559492518247595,200.0,200.0,U
17496,-61.543841775713155,15.558925676527215,200.0,200.0,U
17497,-61.5451569284695,15.560100699502941,200.0,200.0,U
17498,-61.54531054011619,15.560468477603413,200.0,200.0,U
17499,-61.544480163287055,15.560608473976123,200.0,200.0,U
17500,-61.54421680111058,15.561499612628548,200.0,200.0,U
17501,-61.54481358048249,15.558681032033226,200.0,200.0,U
17502,-61.545952151021766,15.561006424185837,200.0,200.0,U
17503,-61.54449980522811,15.5634059593542,200.0,200.0,U
17504,-61.54502000788036,15.56148103785146,200.0,200.0,U
17505,-61.547107731006626,15.56079412880978,200.0,200.0,U
17506,-61.542060905705206,15.560303975491102,200.0,200.0,U
17507,-61.5443202187502,15.558833038738612,200.0,200.0,U
17508,-61.544714972647114,15.55918688243007,200.0,200.0,U
17509,-61.54708167877892,15.55950720549275,200.0,200.0,U
17510,-61.54605274485722,15.561008110417449,200.0,200.0,U
17511,-61.54495811739943,15.560448775372963,200.0,200.0,U
17512,-61.54685185447063,15.5605420086297,200.0,200.0,U
17513,-61.54402303704965,15.560568576665997,200.0,200.0,U
17514,-61.54545560673479,15.5578128988871,200.0,200.0,U
17515,-61.545717230325764,15.560597790262817,200.0,200.0,U
17516,-61.545294765552775,15.560045441723432,200.0,200.0,U
17517,-61.5444914290703,15.560791822088337,200.0,200.0,U
17518,-61.5457126214575,15.561087790598696,200.0,200.0,U
17519,-61.545518587715826,15.560049560725218,200.0,200.0,U
17520,-61.54536858924119,15.559578644472431,200.0,200.0,U
17521,-61.54541396195823,15.558990258706213,200.0,200.0,U
17522,-61.54529813263258,15.562506734270954,200.0,200.0,U
17523,-61.546328638317384,15.561298768435416,200.0,200.0,U
17524,-61.54264341106196,15.558585945531362,200.0,200.0,U
17525,-61.54612750239759,15.558696796851217,200.0,200.0,U
17526,-61.54547582384494,15.560082518708116,200.0,200.0,U
17527,-61.54548581422831,15.56034732367277,200.0,200.0,U
17528,-61.546895188045234,15.55829734545515,200.0,200.0,U
17529,-61.54352998145423,15.560274852355864,200.0,200.0,U
17530,-61.545257678234954,15.560006129127974,200.0,200.0,U
17531,-61.54328166380146,15.561632550937468,200.0,200.0,U
17532,-61.54531416343725,15.560197675269638,200.0,200.0,U
17533,-61.54348842013658,15.560103325686642,200.0,200.0,U
17534,-61.54544500990318,15.558907191267544,200.0,200.0,U
17535,-61.54602123852894,15.559737137856505,200.0,200.0,U
17536,-61.54580997732502,15.560419866894579,200.0,200.0,U
17537,-61.545797068607314,15.55895927009532,200.0,200.0,U
17538,-61.54209057679228,15.558405913054857,200.0,200.0,U
17539,-61.54693810173581,15.559675047424063,200.0,200.0,U
17540,-61.54770173920773,15.557972885448947,200.0,200.0,U
17541,-61.54565411944799,15.560633974981384,200.0,200.0,U
17542,-61.54327802376011,15.558148136331024,200.0,200.0,U
17543,-61.54541999565934,15.560310069149331,200.0,200.0,U
17544,-61.54214126829799,15.558007719144637,200.0,200.0,U
17545,-61.541556175330236,15.563184642179934,200.0,200.0,U
17546,-61.543273481631076,15.561547960280457,200.0,200.0,U
17547,-61.546023604989905,15.559505917004751,200.0,200.0,U
17548,-61.54545652247408,15.560047864217319,200.0,200.0,U
17549,-61.54472217963949,15.560993011803971,200.0,200.0,U
17550,-61.5459447833723,15.560065635361596,200.0,200.0,U
17551,-61.547012987350946,15.559837133786774,200.0,200.0,U
17552,-61.55082664489379,15.558156090989385,200.0,200.0,U
17553,-61.54718443371595,15.559732731165443,200.0,200.0,U
17554,-61.54548157539928,15.560214975285156,200.0,200.0,U
17555,-61.54561049779349,15.560028795003,200.0,200.0,U
17556,-61.54555671261258,15.560258603792084,200.0,200.0,U
17557,-61.54552322128778,15.560796612298825,200.0,200.0,U
17558,-61.54426511789891,15.56093584445589,200.0,200.0,U
17559,-61.5438095350756,15.56108520369168,200.0,200.0,U
17560,-61.54636428703173,15.559503318416018,200.0,200.0,U
17561,-61.54473778472764,15.560216096408917,200.0,200.0,U
17562,-61.546693647468146,15.55997019338152,200.0,200.0,U
17563,-61.54663952771016,15.55811700247357,200.0,200.0,U
17564,-61.545604382469335,15.560956256782895,200.0,200.0,U
17565,-61.54550942704296,15.560245045477881,200.0,200.0,U
17566,-61.54251704427429,15.558872014687548,200.0,200.0,U
17567,-61.54271791723904,15.560514174002716,200.0,200.0,U
17568,-61.54796013180203,15.560714172559367,200.0,200.0,U
17569,-61.54961131430341,15.559943006352384,200.0,200.0,U
17570,-61.54860091236625,15.56038412877531,200.0,200.0,U
17571,-61.54737386429858,15.561527721479358,200.0,200.0,U
17572,-61.54595705485278,15.560376808513325,200.0,200.0,U
17573,-61.54729478792392,15.559151937051084,200.0,200.0,U
17574,-61.54259903113839,15.558460916229974,200.0,200.0,U
17575,-61.54557496559332,15.561469388628929,200.0,200.0,U
17576,-61.54612389562741,15.558934737165423,200.0,200.0,U
17577,-61.54524713402928,15.559716636860465,200.0,200.0,U
17578,-61.54538891104973,15.561661165919814,200.0,200.0,U
17579,-61.54577750948462,15.559916049533884,200.0,200.0,U
17580,-61.54504171838507,15.560590523028303,200.0,200.0,U
17581,-61.54511145958119,15.563434382065306,200.0,200.0,U
17582,-61.54692069924609,15.559227629432261,200.0,200.0,U
17583,-61.54681260699861,15.557863561994232,200.0,200.0,U
17584,-61.54659882550181,15.558478408677809,200.0,200.0,U
17585,-61.546412397587574,15.5593953974471,200.0,200.0,U
17586,-61.544277115787686,15.56084838757086,200.0,200.0,U
17587,-61.545693550605684,15.560870559073212,200.0,200.0,U
17588,-61.54542205375884,15.56114299776404,200.0,200.0,U
17589,-61.54477687168051,15.560151279655846,200.0,200.0,U
17590,-61.5442458739131,15.561126555015571,200.0,200.0,U
17591,-61.5450992906361,15.558614431543603,200.0,200.0,U
17592,-61.54373446896435,15.559514899463696,200.0,200.0,U
17593,-61.54635048310468,15.560453161619828,200.0,200.0,U
17594,-61.54553975636405,15.55998079584572,200.0,200.0,U
17595,-61.54651701838499,15.561735276712403,200.0,200.0,U
17596,-61.54515274493155,15.561041565097467,200.0,200.0,U
17597,-61.54582821799666,15.560220605742819,200.0,200.0,U
17598,-61.54511022684825,15.559625958122082,200.0,200.0,U
17599,-61.54375220570787,15.559545926619267,200.0,200.0,U
17600,-61.546300883377505,15.55962545107945,200.0,200.0,U
17601,-61.546862377483684,15.559800515065895,200.0,200.0,U
17602,-61.543650996392486,15.560096941218351,200.0,200.0,U
17603,-61.54569369674194,15.56080111800718,200.0,200.0,U
17604,-61.54314571700894,15.560415930943051,200.0,200.0,U
17605,-61.5426168438918,15.561864129283823,200.0,200.0,U
17606,-61.546320650137915,15.563806266431587,200.0,200.0,U
17607,-61.54472034658285,15.560756382306078,200.0,200.0,U
17608,-61.54575535951878,15.558655388388567,200.0,200.0,U
17609,-61.54497531836845,15.56014514607391,200.0,200.0,U
17610,-61.54414969390469,15.561632677416748,200.0,200.0,U
17611,-61.54669973549686,15.561357923755358,200.0,200.0,U
17612,-61.54540029894812,15.558382830343467,200.0,200.0,U
17613,-61.545384642818966,15.55907238879937,200.0,200.0,U
17614,-61.542453035361525,15.559026615563296,200.0,200.0,U
17615,-61.54563033684923,15.556856453930342,200.0,200.0,U
17616,-61.544701379663614,15.560354101149898,200.0,200.0,U
17617,-61.54720750147977,15.55844924329216,200.0,200.0,U
17618,-61.54402074252884,15.560944777204487,200.0,200.0,U
17619,-61.54506424725316,15.562244819950147,200.0,200.0,U
17620,-61.545673250073584,15.560071001095189,200.0,200.0,U
17621,-61.54289692131925,15.560609884902307,200.0,200.0,U
17622,-61.54267714590422,15.56182257699831,200.0,200.0,U
17623,-61.54655535931934,15.559250948269558,200.0,200.0,U
17624,-61.5447636842346,15.558115531616446,200.0,200.0,U
17625,-61.54524393381906,15.559624259540648,200.0,200.0,U
17626,-61.546215356278275,15.562643373516723,200.0,200.0,U
17627,-61.54561220469567,15.559182462768536,200.0,200.0,U
17628,-61.544824490455774,15.55876294113971,200.0,200.0,U
17629,-61.54558653638655,15.562729965517661,200.0,200.0,U
17630,-61.543868623219474,15.559366007308201,200.0,200.0,U
17631,-61.546798935807985,15.559806891282394,200.0,200.0,U
17632,-61.545613461727,15.560328896516248,200.0,200.0,U
17633,-61.54564102345358,15.559672026244073,200.0,200.0,U
17634,-61.545153186344066,15.560594586137194,200.0,200.0,U
17635,-61.54282330427686,15.55986693935974,200.0,200.0,U
17636,-61.546135605355026,15.56039387391645,200.0,200.0,U
17637,-61.54586701356955,15.561480674872177,200.0,200.0,U
17638,-61.54623905297898,15.560737385667155,200.0,200.0,U
17639,-61.54566262451209,15.56017672462058,200.0,200.0,U
17640,-61.54764766112224,15.558278589436679,200.0,200.0,U
17641,-61.546318324765195,15.55919739125093,200.0,200.0,U
17642,-61.5437897195815,15.560007143067846,200.0,200.0,U
17643,-61.54796412601641,15.563017187017996,200.0,200.0,U
17644,-61.54920905466571,15.56073027050248,200.0,200.0,U
17645,-61.544740908288404,15.560398292621658,200.0,200.0,U
17646,-61.54512611394545,15.5606099477765,200.0,200.0,U
17647,-61.5456375911586,15.560093582042017,200.0,200.0,U
17648,-61.54429094486351,15.56032410620145,200.0,200.0,U
17649,-61.54554175578364,15.560188623568243,200.0,200.0,U
17650,-61.54540819287684,15.559821489255285,200.0,200.0,U
17651,-61.545131838305714,15.56076721854507,200.0,200.0,U
17652,-61.54577241352658,15.56182683524107,200.0,200.0,U
17653,-61.54164280620576,15.560257166035209,200.0,200.0,U
17654,-61.544468612619546,15.561500394082604,200.0,200.0,U
17655,-61.54690471375006,15.560775931986692,200.0,200.0,U
17656,-61.54574373185923,15.560406472642072,200.0,200.0,U
17657,-61.544292922315165,15.56097069667005,200.0,200.0,U
17658,-61.54431888503786,15.557179504710005,200.0,200.0,U
17659,-61.5449310080524,15.557698832743592,200.0,200.0,U
17660,-61.5424665463612,15.558493071912526,200.0,200.0,U
17661,-61.54573964585416,15.559934664419409,200.0,200.0,U
17662,-61.54722384475363,15.562093575962482,200.0,200.0,U
17663,-61.547139251660305,15.560192934292624,200.0,200.0,U
17664,-61.5456171357563,15.561901672682103,200.0,200.0,U
17665,-61.545743984166165,15.559687148424826,200.0,200.0,U
17666,-61.54741140402932,15.562590328213439,200.0,200.0,U
17667,-61.54568415905723,15.560063297797914,200.0,200.0,U
17668,-61.54612119187462,15.560778730812444,200.0,200.0,U
17669,-61.54328615008838,15.559777901367653,200.0,200.0,U
17670,-61.547210805341045,15.559838468261324,200.0,200.0,U
17671,-61.545773879092565,15.557402046573246,200.0,200.0,U
17672,-61.54668221746135,15.562782893681666,200.0,200.0,U
17673,-61.54479663402513,15.5603354641116,200.0,200.0,U
17674,-61.546046011441035,15.560520934305709,200.0,200.0,U
17675,-61.54447994128225,15.561408684778735,200.0,200.0,U
17676,-61.545685824997726,15.559519649609404,200.0,200.0,U
17677,-61.5454074360038,15.559995784480181,200.0,200.0,U
17678,-61.545883370696146,15.559999070638657,200.0,200.0,U
17679,-61.54510105648096,15.557605592563947,200.0,200.0,U
17680,-61.54483127730949,15.56085790343263,200.0,200.0,U
17681,-61.54502028276023,15.56047997410049,200.0,200.0,U
17682,-61.5446148547358,15.560394714302177,200.0,200.0,U
17683,-61.546767925835645,15.55993735630505,200.0,200.0,U
17684,-61.547241396105186,15.559924088083141,200.0,200.0,U
17685,-61.54518514777543,15.559274188009683,200.0,200.0,U
17686,-61.544789663750954,15.560333597152606,200.0,200.0,U
17687,-61.54551130700497,15.560345259450235,200.0,200.0,U
17688,-61.54476822553818,15.560062224650277,200.0,200.0,U
17689,-61.54572836157478,15.560037112815937,200.0,200.0,U
17690,-61.545012495169566,15.561792691974142,200.0,200.0,U
17691,-61.54474335972823,15.559434574154867,200.0,200.0,U
17692,-61.54534677520705,15.560594037035028,200.0,200.0,U
17693,-61.545641714838716,15.56037687310993,200.0,200.0,U
17694,-61.545776138900756,15.560038670554288,200.0,200.0,U
17695,-61.54568954738526,15.562216143643953,200.0,200.0,U
17696,-61.5445208153051,15.558975610972928,200.0,200.0,U
17697,-61.54579703986561,15.560447489240959,200.0,200.0,U
17698,-61.545770180774106,15.559865947762326,200.0,200.0,U
17699,-61.54551988740195,15.559728011496388,200.0,200.0,U
17700,-61.54572809183744,15.560072522744658,200.0,200.0,U
17701,-61.54330587718296,15.559948767001986,200.0,200.0,U
17702,-61.54547424745609,15.562037962657156,200.0,200.0,U
17703,-61.54396350144372,15.558019642585169,200.0,200.0,U
17704,-61.54751485659093,15.556015691147685,200.0,200.0,U
17705,-61.54459968685479,15.561312951970844,200.0,200.0,U
17706,-61.54565748660021,15.560317332281109,200.0,200.0,U
17707,-61.54611862658446,15.560536628865414,200.0,200.0,U
17708,-61.54485949015001,15.564127776832834,200.0,200.0,U
17709,-61.545630057902336,15.558218891565087,200.0,200.0,U
17710,-61.54519715267516,15.56095346764526,200.0,200.0,U
17711,-61.54633535542774,15.561173349499885,200.0,200.0,U
17712,-61.54632491081098,15.559738093837536,200.0,200.0,U
17713,-61.545445107149995,15.56161312438884,200.0,200.0,U
17714,-61.54731558109697,15.560100737293661,200.0,200.0,U
17715,-61.54566654292509,15.559949151287169,200.0,200.0,U
17716,-61.546197612179526,15.557705673059184,200.0,200.0,U
17717,-61.54483846772567,15.558132863498727,200.0,200.0,U
17718,-61.546433438560335,15.560864639570047,200.0,200.0,U
17719,-61.54886007753476,15.562460590240576,200.0,200.0,U
17720,-61.54775307356057,15.56098384787405,200.0,200.0,U
17721,-61.546702423574104,15.559762079947268,200.0,200.0,U
17722,-61.54567110075185,15.56100212840351,200.0,200.0,U
17723,-61.5470961630086,15.560835760141124,200.0,200.0,U
17724,-61.543200147368154,15.560843767884093,200.0,200.0,U
17725,-61.54593343867508,15.560336488188295,200.0,200.0,U
17726,-61.54637284139726,15.560214990827003,200.0,200.0,U
17727,-61.543431909916315,15.5603773621231,200.0,200.0,U
17728,-61.546256418421656,15.559233644857539,200.0,200.0,U
17729,-61.54540535143462,15.558105302629762,200.0,200.0,U
17730,-61.54736053135583,15.559674565934262,200.0,200.0,U
17731,-61.54550522726418,15.559856828459248,200.0,200.0,U
17732,-61.545405161411686,15.55999207038995,200.0,200.0,U
17733,-61.5461605088804,15.56011582016844,200.0,200.0,U
17734,-61.54620200410913,15.557336114449754,200.0,200.0,U
17735,-61.54441557919338,15.558943366224424,200.0,200.0,U
17736,-61.546184755947046,15.558479132469826,200.0,200.0,U
17737,-61.54360054553813,15.55936716615423,200.0,200.0,U
17738,-61.545772586879764,15.559667351749955,200.0,200.0,U
17739,-61.54634706340605,15.559947986644826,200.0,200.0,U
17740,-61.54669476887677,15.558712465847362,200.0,200.0,U
17741,-61.54887805197891,15.55708658792768,200.0,200.0,U
17742,-61.54604324082881,15.558865575261498,200.0,200.0,U
17743,-61.54487500580181,15.558541053754345,200.0,200.0,U
17744,-61.546359467104665,15.559990519242671,200.0,200.0,U
17745,-61.5451419896884,15.560085665049005,200.0,200.0,U
17746,-61.54349899585919,15.558660334333943,200.0,200.0,U
17747,-61.54466085508943,15.56288143281451,200.0,200.0,U
17748,-61.544196603537294,15.556320342975647,200.0,200.0,U
17749,-61.54839299093304,15.559018249934057,200.0,200.0,U
17750,-61.54668580247574,15.560140835183411,200.0,200.0,U
17751,-61.546838424710195,15.557968721626594,200.0,200.0,U
17752,-61.54641048005299,15.560294553233684,200.0,200.0,U
17753,-61.54570217137394,15.559412260695318,200.0,200.0,U
17754,-61.54882118781331,15.561170703614021,200.0,200.0,U
17755,-61.54452802017564,15.560302299725885,200.0,200.0,U
17756,-61.54585850381285,15.559983553752158,200.0,200.0,U
17757,-61.54586256650146,15.560038164716534,200.0,200.0,U
17758,-61.54883046417301,15.559076145401873,200.0,200.0,U
17759,-61.54621968189701,15.558400080497655,200.0,200.0,U
17760,-61.54316495803929,15.55840996074924,200.0,200.0,U
17761,-61.54455027843199,15.560155659497562,200.0,200.0,U
17762,-61.543847174424286,15.560031944154881,200.0,200.0,U
17763,-61.545857477553604,15.560073878491249,200.0,200.0,U
17764,-61.54762580404785,15.56015871517924,200.0,200.0,U
17765,-61.54769504552736,15.56241779208823,200.0,200.0,U
17766,-61.54612056817274,15.558513689456797,200.0,200.0,U
17767,-61.54620301587242,15.55986204698974,200.0,200.0,U
17768,-61.546641894478135,15.559806809547116,200.0,200.0,U
17769,-61.54880566706077,15.562289299905897,200.0,200.0,U
17770,-61.54592018823382,15.559432028209956,200.0,200.0,U
17771,-61.54665222910266,15.560942185348948,200.0,200.0,U
17772,-61.54459370618651,15.560118763081164,200.0,200.0,U
17773,-61.54575108224203,15.560114379803032,200.0,200.0,U
17774,-61.54796055076673,15.56031553137294,200.0,200.0,U
17775,-61.546535805874676,15.559938882903575,200.0,200.0,U
17776,-61.54580183291451,15.559891861787694,200.0,200.0,U
17777,-61.545474245672864,15.561564687791362,200.0,200.0,U
17778,-61.543706141980564,15.560174214903576,200.0,200.0,U
17779,-61.547907840275684,15.558766038715488,200.0,200.0,U
17780,-61.54524764189224,15.558459334450667,200.0,200.0,U
17781,-61.545859355657775,15.558578109567554,200.0,200.0,U
17782,-61.54461525786758,15.559171127389018,200.0,200.0,U
17783,-61.54420011813419,15.560010310366236,200.0,200.0,U
17784,-61.54704424826832,15.559425006619255,200.0,200.0,U
17785,-61.54527444878642,15.559678616511205,200.0,200.0,U
17786,-61.543138725846006,15.562321509272953,200.0,200.0,U
17787,-61.54474029311106,15.55951035973611,200.0,200.0,U
17788,-61.54737996934469,15.558308985007608,200.0,200.0,U
17789,-61.54586115260667,15.560530074934656,200.0,200.0,U
17790,-61.54801970050653,15.560684490792099,200.0,200.0,U
17791,-61.54461510401247,15.560441030623783,200.0,200.0,U
17792,-61.546776565105446,15.560545270561182,200.0,200.0,U
17793,-61.54585535860852,15.560157975317367,200.0,200.0,U
17794,-61.546575102770184,15.561479750757211,200.0,200.0,U
17795,-61.546490507914534,15.56000179532813,200.0,200.0,U
17796,-61.54341606699229,15.561043627992957,200.0,200.0,U
17797,-61.546290980709685,15.561419479803149,200.0,200.0,U
17798,-61.54435079356369,15.563053224003127,200.0,200.0,U
17799,-61.54558087884861,15.559673621300286,200.0,200.0,U
17800,-61.54274163974267,15.561187147504672,200.0,200.0,U
17801,-61.54371232312953,15.561188194301305,200.0,200.0,U
17802,-61.546241447967866,15.558055350535785,200.0,200.0,U
17803,-61.54585285755911,15.559977382975863,200.0,200.0,U
17804,-61.547008367291006,15.55680384368505,200.0,200.0,U
17805,-61.545548634215265,15.560508942603082,200.0,200.0,U
17806,-61.54388738550589,15.558513104679374,200.0,200.0,U
17807,-61.545696806809744,15.558962879904334,200.0,200.0,U
17808,-61.54583203233527,15.560005057519898,200.0,200.0,U
17809,-61.547152751124415,15.560611473412576,200.0,200.0,U
17810,-61.54603351609907,15.559928250537608,200.0,200.0,U
17811,-61.54550311167565,15.560165182241457,200.0,200.0,U
17812,-61.54871794221089,15.560408556205266,200.0,200.0,U
17813,-61.54512546708461,15.560328129219036,200.0,200.0,U
17814,-61.54625988838284,15.559153706374028,200.0,200.0,U
17815,-61.546481396776045,15.559710194602227,200.0,200.0,U
17816,-61.54750101908071,15.560992942369648,200.0,200.0,U
17817,-61.546122910280985,15.559627682116371,200.0,200.0,U
17818,-61.54687693048017,15.560147220645012,200.0,200.0,U
17819,-61.54704102704462,15.558604988440683,200.0,200.0,U
17820,-61.544579369617395,15.56051736759738,200.0,200.0,U
17821,-61.546450762825934,15.560332136323302,200.0,200.0,U
17822,-61.54428799096003,15.558300115495149,200.0,200.0,U
17823,-61.54529494542231,15.559195320391877,200.0,200.0,U
17824,-61.54522582332169,15.558493587750299,200.0,200.0,U
17825,-61.54545237550772,15.560080359481653,200.0,200.0,U
17826,-61.54562269292795,15.559705242757618,200.0,200.0,U
17827,-61.54679456212302,15.56034082612269,200.0,200.0,U
17828,-61.54678110273994,15.56268777442964,200.0,200.0,U
17829,-61.54442892330018,15.559695939702586,200.0,200.0,U
17830,-61.546395376873605,15.560753791598051,200.0,200.0,U
17831,-61.54596348818592,15.560151194332942,200.0,200.0,U
17832,-61.549731924955445,15.561229676093431,200.0,200.0,U
17833,-61.54526688113795,15.560176022816677,200.0,200.0,U
17834,-61.54751339832222,15.557621093379511,200.0,200.0,U
17835,-61.546087577260444,15.55818403617269,200.0,200.0,U
17836,-61.54626054900665,15.559783909709305,200.0,200.0,U
17837,-61.5449312593299,15.559354168894671,200.0,200.0,U
17838,-61.54635660810228,15.55791802323754,200.0,200.0,U
17839,-61.54454974996263,15.560689737109918,200.0,200.0,U
17840,-61.542448326309696,15.559790183131465,200.0,200.0,U
17841,-61.546349906066766,15.560239519943236,200.0,200.0,U
17842,-61.542046554272424,15.556783290619322,200.0,200.0,U
17843,-61.544915781193126,15.558793079568668,200.0,200.0,U
17844,-61.54873878565,15.560871485744029,200.0,200.0,U
17845,-61.54512273536475,15.558968816866043,200.0,200.0,U
17846,-61.542491727956204,15.559481363461883,200.0,200.0,U
17847,-61.54852487218901,15.560544084202014,200.0,200.0,U
17848,-61.54482648376419,15.557768059180113,200.0,200.0,U
17849,-61.546918406750464,15.557949649262886,200.0,200.0,U
17850,-61.54682447029259,15.557892263679786,200.0,200.0,U
17851,-61.54692822509544,15.559049841042892,200.0,200.0,U
17852,-61.5458955461556,15.560144269846244,200.0,200.0,U
17853,-61.545777981860034,15.56169973415704,200.0,200.0,U
17854,-61.546924582116034,15.559573665124923,200.0,200.0,U
17855,-61.54573368236138,15.559213529538711,200.0,200.0,U
17856,-61.54591018629344,15.558507586118665,200.0,200.0,U
17857,-61.543431700263014,15.559541890215659,200.0,200.0,U
17858,-61.54503802041468,15.55878609256447,200.0,200.0,U
17859,-61.54906270045426,15.560799059910057,200.0,200.0,U
17860,-61.54545415817079,15.559477217664279,200.0,200.0,U
17861,-61.54600361277298,15.560209210868315,200.0,200.0,U
17862,-61.54407101771304,15.558299602884718,200.0,200.0,U
17863,-61.54756702009904,15.563529079515492,200.0,200.0,U
17864,-61.54698657385759,15.56148449769072,200.0,200.0,U
17865,-61.54323990369857,15.555980493883675,200.0,200.0,U
17866,-61.54687655845025,15.561792324256075,200.0,200.0,U
17867,-61.54527014403721,15.559446465226289,200.0,200.0,U
17868,-61.54546602150897,15.560195326619029,200.0,200.0,U
17869,-61.54612750172909,15.559900788125297,200.0,200.0,U
17870,-61.545151257830504,15.560515461479454,200.0,200.0,U
17871,-61.54815874097292,15.5614365930875,200.0,200.0,U
17872,-61.54517394969942,15.559107063632888,200.0,200.0,U
17873,-61.54213483141738,15.559682284943818,200.0,200.0,U
17874,-61.548452805990784,15.559149920892315,200.0,200.0,U
17875,-61.54596444938903,15.558451136135679,200.0,200.0,U
17876,-61.54620948189551,15.56005423722599,200.0,200.0,U
17877,-61.54584924322577,15.563501855559515,200.0,200.0,U
17878,-61.5453746864916,15.558949762085492,200.0,200.0,U
17879,-61.54670665278188,15.560313420516248,200.0,200.0,U
17880,-61.54614042237036,15.559121649506293,200.0,200.0,U
17881,-61.54500577588896,15.559128390131518,200.0,200.0,U
17882,-61.54642666107223,15.559277116857535,200.0,200.0,U
17883,-61.545899248689324,15.559147646195452,200.0,200.0,U
17884,-61.546456154735445,15.55923145984818,200.0,200.0,U
17885,-61.545260601206465,15.559704353416954,200.0,200.0,U
17886,-61.54633168993142,15.561399746059232,200.0,200.0,U
17887,-61.547273407280414,15.561165186346807,200.0,200.0,U
17888,-61.547266587634816,15.558314892921974,200.0,200.0,U
17889,-61.545918416233945,15.560377382025369,200.0,200.0,U
17890,-61.545305437578264,15.560063882550834,200.0,200.0,U
17891,-61.54622281295997,15.561142044347136,200.0,200.0,U
17892,-61.54737529737893,15.562274909964387,200.0,200.0,U
17893,-61.54913340852621,15.557982658498537,200.0,200.0,U
17894,-61.5495061182817,15.558924811830803,200.0,200.0,U
17895,-61.54608793359573,15.5597484930887,200.0,200.0,U
17896,-61.54731776515358,15.560438290696583,200.0,200.0,U
17897,-61.54761804063629,15.559916813874253,200.0,200.0,U
17898,-61.54836271758365,15.557909408018524,200.0,200.0,U
17899,-61.54722093433928,15.558536993117759,200.0,200.0,U
17900,-61.544267314729744,15.556959616000853,200.0,200.0,U
17901,-61.548053015913695,15.56313606760765,200.0,200.0,U
17902,-61.54389898670492,15.5609567771371,200.0,200.0,U
17903,-61.54757339751529,15.557390572712087,200.0,200.0,U
17904,-61.54578282086396,15.559731872353964,200.0,200.0,U
17905,-61.54490566748124,15.560102717566874,200.0,200.0,U
17906,-61.54614784044324,15.559968088318147,200.0,200.0,U
17907,-61.54619743707474,15.55962324076788,200.0,200.0,U
17908,-61.54614119867695,15.559810485760645,200.0,200.0,U
17909,-61.54758850804634,15.559160588007993,200.0,200.0,U
17910,-61.54341214929338,15.558951982415733,200.0,200.0,U
17911,-61.547066480951955,15.558492407848007,200.0,200.0,U
17912,-61.54571741202985,15.559835176306484,200.0,200.0,U
17913,-61.54565050293839,15.559571178438674,200.0,200.0,U
17914,-61.547330212822615,15.559696847822039,200.0,200.0,U
17915,-61.545221521498725,15.556790846908912,200.0,200.0,U
17916,-61.54450435760458,15.558991554798359,200.0,200.0,U
17917,-61.546125915031205,15.559773585339759,200.0,200.0,U
17918,-61.54423614777455,15.561553162613867,200.0,200.0,U
17919,-61.54584312016138,15.558256040927624,200.0,200.0,U
17920,-61.54595409908638,15.559901290421946,200.0,200.0,U
17921,-61.54513091314534,15.559417735471595,200.0,200.0,U
17922,-61.54609219967716,15.561533023679297,200.0,200.0,U
17923,-61.54281764636838,15.561300323240959,200.0,200.0,U
17924,-61.54677727362031,15.557799942068243,200.0,200.0,U
17925,-61.54608240769428,15.559881668177768,200.0,200.0,U
17926,-61.54636495397387,15.562509077989391,200.0,200.0,U
17927,-61.54617592660903,15.55920001856505,200.0,200.0,U
17928,-61.54628404599955,15.55859153624338,200.0,200.0,U
17929,-61.5461940382549,15.56029317164481,200.0,200.0,U
17930,-61.54246004221145,15.559116653905049,200.0,200.0,U
17931,-61.54521021162588,15.559664012283026,200.0,200.0,U
17932,-61.54550242729378,15.559315348997373,200.0,200.0,U
17933,-61.54620408136997,15.559828853076073,200.0,200.0,U
17934,-61.5449094336683,15.558597517548561,200.0,200.0,U
17935,-61.54602772977844,15.559813365605729,200.0,200.0,U
17936,-61.54336586326332,15.558382032989249,200.0,200.0,U
17937,-61.54530911977381,15.558711348192796,200.0,200.0,U
17938,-61.546500805760076,15.56265912610936,200.0,200.0,U
17939,-61.54701846601302,15.556576963016523,200.0,200.0,U
17940,-61.54783754534777,15.56263947352092,200.0,200.0,U
17941,-61.545782781228176,15.559873730492058,200.0,200.0,U
17942,-61.547148200414064,15.562924446991296,200.0,200.0,U
17943,-61.54616084976829,15.559954561574816,200.0,200.0,U
17944,-61.54661896652828,15.559354315579458,200.0,200.0,U
17945,-61.54626595707396,15.560622872215943,200.0,200.0,U
17946,-61.54647609204503,15.558483726361006,200.0,200.0,U
17947,-61.546061947975694,15.560081899779494,200.0,200.0,U
17948,-61.547996037548906,15.561293965190293,200.0,200.0,U
17949,-61.54610178190065,15.559902053379313,200.0,200.0,U
17950,-61.54355743795067,15.558414775692867,200.0,200.0,U
17951,-61.543827745892926,15.55963760510684,200.0,200.0,U
17952,-61.543605286558126,15.560533599148894,200.0,200.0,U
17953,-61.54600770971939,15.559828596965916,200.0,200.0,U
17954,-61.54606329141655,15.559567585687228,200.0,200.0,U
17955,-61.54729818936351,15.558394888101443,200.0,200.0,U
17956,-61.54606119877204,15.5582788031088,200.0,200.0,U
17957,-61.54603110404473,15.560320187994316,200.0,200.0,U
17958,-61.54624201542571,15.559832448759675,200.0,200.0,U
17959,-61.54627988027117,15.559571028548135,200.0,200.0,U
17960,-61.5470594647564,15.56003444217909,200.0,200.0,U
17961,-61.54754262790386,15.560611359234855,200.0,200.0,U
17962,-61.54626891086903,15.559657871933753,200.0,200.0,U
17963,-61.54481602811905,15.560116048019038,200.0,200.0,U
17964,-61.54655172187799,15.558149033555548,200.0,200.0,U
17965,-61.546191807298676,15.558276041694468,200.0,200.0,U
17966,-61.546382800217955,15.563567389277134,200.0,200.0,U
17967,-61.54437257287915,15.55915611159279,200.0,200.0,U
17968,-61.54420614499861,15.558072317483209,200.0,200.0,U
17969,-61.546128805865926,15.559989739195554,200.0,200.0,U
17970,-61.54584550755598,15.559719861274083,200.0,200.0,U
17971,-61.546135617821996,15.559619209013624,200.0,200.0,U
17972,-61.54654002679273,15.562205801992024,200.0,200.0,U
17973,-61.545485511169474,15.560675793890187,200.0,200.0,U
17974,-61.5484396435043,15.561431408383843,200.0,200.0,U
17975,-61.54566563742884,15.559882434110419,200.0,200.0,U
17976,-61.545974765540116,15.559658780258012,200.0,200.0,U
17977,-61.54511364860748,15.559413842388176,200.0,200.0,U
17978,-61.545694304053505,15.560676302997145,200.0,200.0,U
17979,-61.54616632157041,15.559859279785423,200.0,200.0,U
17980,-61.54642483210229,15.561508042852473,200.0,200.0,U
17981,-61.546448018216104,15.560197341808196,200.0,200.0,U
17982,-61.545934805178774,15.559893586486302,200.0,200.0,U
17983,-61.54615730496959,15.560317500390656,200.0,200.0,U
17984,-61.54390692512109,15.559328757998065,200.0,200.0,U
17985,-61.54613611413408,15.558556218039277,200.0,200.0,U
17986,-61.544952580399766,15.56133483082548,200.0,200.0,U
17987,-61.543508799429446,15.559050883907918,200.0,200.0,U
17988,-61.54360726191789,15.556665758120976,200.0,200.0,U
17989,-61.54546342497968,15.559611350823454,200.0,200.0,U
17990,-61.54857847431368,15.557795084584592,200.0,200.0,U
17991,-61.54565272836384,15.560383791464556,200.0,200.0,U
17992,-61.54672684827811,15.557039180826612,200.0,200.0,U
17993,-61.545122078178224,15.558862002593331,200.0,200.0,U
17994,-61.545825686669694,15.559604530513004,200.0,200.0,U
17995,-61.54743066836091,15.557019556134701,200.0,200.0,U
17996,-61.54563351494205,15.55968043475,200.0,200.0,U
17997,-61.54668987173834,15.560869004101573,200.0,200.0,U
17998,-61.54561476430059,15.558959978610169,200.0,200.0,U
17999,-61.544350141877956,15.56152153624322,200.0,200.0,U
18000,-61.54533664513244,15.560135766761805,200.0,200.0,U
18001,-61.54622170536981,15.561918299843715,200.0,200.0,U
18002,-61.54666794745782,15.558891188241587,200.0,200.0,U
18003,-61.54640647218378,15.559009980053727,200.0,200.0,U
18004,-61.547459934181646,15.560831806578825,200.0,200.0,U
18005,-61.54639819677027,15.55961191416877,200.0,200.0,U
18006,-61.54793117543744,15.559526834266007,200.0,200.0,U
18007,-61.54492319202465,15.556902593795636,200.0,200.0,U
18008,-61.54622745784309,15.559751673654729,200.0,200.0,U
18009,-61.54497627691448,15.559392833703987,200.0,200.0,U
18010,-61.54566934595232,15.55930777516849,200.0,200.0,U
18011,-61.54563181803587,15.559526462219228,200.0,200.0,U
18012,-61.547863747823676,15.55692210081721,200.0,200.0,U
18013,-61.54579364034032,15.55952830266665,200.0,200.0,U
18014,-61.54629670930883,15.558446209204467,200.0,200.0,U
18015,-61.544537462162054,15.559649019001993,200.0,200.0,U
18016,-61.54503859151543,15.556343988541792,200.0,200.0,U
18017,-61.547938285328954,15.559201409909905,200.0,200.0,U
18018,-61.54522640565554,15.559213764430677,200.0,200.0,U
18019,-61.54644155472172,15.559670941839098,200.0,200.0,U
18020,-61.54628004583053,15.559841750327317,200.0,200.0,U
18021,-61.54596747480241,15.560204188702377,200.0,200.0,U
18022,-61.54605735617336,15.560108619939768,200.0,200.0,U
18023,-61.54527687065935,15.560345809569304,200.0,200.0,U
18024,-61.54606749638452,15.559590680777157,200.0,200.0,U
18025,-61.546241863745905,15.559836939749585,200.0,200.0,U
18026,-61.54869331128811,15.559759389515051,200.0,200.0,U
18027,-61.54632032707891,15.561966629957237,200.0,200.0,U
18028,-61.54404494866987,15.56151164708717,200.0,200.0,U
18029,-61.54534803270351,15.560598663193893,200.0,200.0,U
18030,-61.546396141766515,15.559155951510444,200.0,200.0,U
18031,-61.54859611188454,15.559609886296963,200.0,200.0,U
18032,-61.5461711932844,15.56109987883328,200.0,200.0,U
18033,-61.54708100735863,15.559682465247683,200.0,200.0,U
18034,-61.5479932459387,15.561742713073635,200.0,200.0,U
18035,-61.547016414182444,15.559354505269038,200.0,200.0,U
18036,-61.54636015080814,15.560149708559745,200.0,200.0,U
18037,-61.54649870328852,15.559434301911912,200.0,200.0,U
18038,-61.54781760268901,15.557255809604571,200.0,200.0,U
18039,-61.547573078798315,15.56072971702814,200.0,200.0,U
18040,-61.54563257327511,15.558447626830125,200.0,200.0,U
18041,-61.54686899402035,15.559704342754644,200.0,200.0,U
18042,-61.5459596475686,15.559184733724454,200.0,200.0,U
18043,-61.54502619454969,15.562076517683042,200.0,200.0,U
18044,-61.54662337725509,15.561080961006995,200.0,200.0,U
18045,-61.54624960391589,15.559818190365247,200.0,200.0,U
18046,-61.54653527490769,15.559127467348489,200.0,200.0,U
18047,-61.545018282611444,15.559298848099091,200.0,200.0,U
18048,-61.54490965308674,15.560692940944845,200.0,200.0,U
18049,-61.54712636304294,15.558595755494332,200.0,200.0,U
18050,-61.54648626708763,15.56029159160662,200.0,200.0,U
18051,-61.54726605877102,15.559074917704299,200.0,200.0,U
18052,-61.54668536767464,15.55975011989189,200.0,200.0,U
18053,-61.545643598510146,15.560155609478729,200.0,200.0,U
18054,-61.54563230182841,15.558910920597894,200.0,200.0,U
18055,-61.54538613748869,15.558248147999604,200.0,200.0,U
18056,-61.54692862185317,15.556992714048183,200.0,200.0,U
18057,-61.54659831000579,15.561970069784604,200.0,200.0,U
18058,-61.54812989704694,15.558741573677791,200.0,200.0,U
18059,-61.543847516149825,15.560259724980105,200.0,200.0,U
18060,-61.54424039437309,15.561219910174337,200.0,200.0,U
18061,-61.54603566572523,15.559864961430211,200.0,200.0,U
18062,-61.546828067887155,15.559469239345562,200.0,200.0,U
18063,-61.544010981317584,15.560999039731545,200.0,200.0,U
18064,-61.54702546095897,15.556017528221481,200.0,200.0,U
18065,-61.5453368658658,15.556958600141101,200.0,200.0,U
18066,-61.54629055839105,15.559787030004964,200.0,200.0,U
18067,-61.54753669758056,15.560898069969316,200.0,200.0,U
18068,-61.55006170346662,15.558879021365634,200.0,200.0,U
18069,-61.54475581108631,15.561413008726788,200.0,200.0,U
18070,-61.54634496339499,15.559710439082242,200.0,200.0,U
18071,-61.54632586705732,15.559797328539904,200.0,200.0,U
18072,-61.5473209499921,15.55917151027166,200.0,200.0,U
18073,-61.545035523959804,15.560590789392302,200.0,200.0,U
18074,-61.54298904077787,15.559396983420203,200.0,200.0,U
18075,-61.54682187655047,15.560811058944664,200.0,200.0,U
18076,-61.545586770372054,15.555849045928825,200.0,200.0,U
18077,-61.54631020154236,15.55956959632982,200.0,200.0,U
18078,-61.5484470461746,15.55945539069131,200.0,200.0,U
18079,-61.545140772644416,15.558546072889268,200.0,200.0,U
18080,-61.54479407556951,15.561096274539908,200.0,200.0,U
18081,-61.546224301069735,15.560088022649666,200.0,200.0,U
18082,-61.547038224097236,15.558995942752723,200.0,200.0,U
18083,-61.546405046300904,15.559805777478202,200.0,200.0,U
18084,-61.54550417358878,15.56046609179426,200.0,200.0,U
18085,-61.54624865935546,15.55972834309246,200.0,200.0,U
18086,-61.54622207405167,15.560861859784993,200.0,200.0,U
18087,-61.54705837397554,15.559078353408225,200.0,200.0,U
18088,-61.54533538865657,15.561004399472473,200.0,200.0,U
18089,-61.54762894401771,15.561429689567193,200.0,200.0,U
18090,-61.54631118152696,15.559868491138744,200.0,200.0,U
18091,-61.54633955595115,15.559697096056384,200.0,200.0,U
18092,-61.54627409370134,15.559818334987511,200.0,200.0,U
18093,-61.54634277776127,15.559792967963968,200.0,200.0,U
18094,-61.543156496425816,15.560127844252543,200.0,200.0,U
18095,-61.54564409799623,15.561632523658442,200.0,200.0,U
18096,-61.54847094239439,15.56143600983064,200.0,200.0,U
18097,-61.54674576523896,15.559260709171262,200.0,200.0,U
18098,-61.5454334157387,15.560426954334297,200.0,200.0,U
18099,-61.5455947146347,15.559972748565432,200.0,200.0,U
18100,-61.54420802327942,15.559094764574791,200.0,200.0,U
18101,-61.54754046666247,15.556094738341294,200.0,200.0,U
18102,-61.54749129225557,15.561110753047485,200.0,200.0,U
18103,-61.545680731397056,15.560338733970879,200.0,200.0,U
18104,-61.546472305253815,15.56161494066011,200.0,200.0,U
18105,-61.54698823499974,15.56224186367973,200.0,200.0,U
18106,-61.54632637154811,15.561220554862329,200.0,200.0,U
18107,-61.54567067201347,15.55880202815401,200.0,200.0,U
18108,-61.54684005849166,15.560015210790251,200.0,200.0,U
18109,-61.54550144856942,15.558159342818717,200.0,200.0,U
18110,-61.547037224107335,15.55907662476903,200.0,200.0,U
18111,-61.54661478372739,15.556954720463073,200.0,200.0,U
18112,-61.54736174907112,15.558997668952815,200.0,200.0,U
18113,-61.547358550258465,15.558829428737301,200.0,200.0,U
18114,-61.54697277793732,15.559457392483294,200.0,200.0,U
18115,-61.54597962427007,15.558992660932178,200.0,200.0,U
18116,-61.546259272134506,15.560161794646877,200.0,200.0,U
18117,-61.546681389832244,15.559841369724321,200.0,200.0,U
18118,-61.544285653909036,15.561390058054384,200.0,200.0,U
18119,-61.5456326105545,15.56043519971405,200.0,200.0,U
18120,-61.54693967698609,15.559918003350482,200.0,200.0,U
18121,-61.5457788577214,15.561526796438754,200.0,200.0,U
18122,-61.54630415529604,15.56007394980026,200.0,200.0,U
18123,-61.54832614084696,15.558791918305674,200.0,200.0,U
18124,-61.54776409113981,15.558340813747193,200.0,200.0,U
18125,-61.54632632499259,15.563545421332238,200.0,200.0,U
18126,-61.545334725553424,15.557821889142053,200.0,200.0,U
18127,-61.54694665735475,15.55980624542792,200.0,200.0,U
18128,-61.54782757512136,15.56019046817249,200.0,200.0,U
18129,-61.546958826453874,15.560643968515217,200.0,200.0,U
18130,-61.546306438406205,15.558122107166172,200.0,200.0,U
18131,-61.54601599639973,15.559696965281532,200.0,200.0,U
18132,-61.54663324049206,15.559706557491571,200.0,200.0,U
18133,-61.547032769964076,15.559791376192226,200.0,200.0,U
18134,-61.54659342396121,15.559756215198833,200.0,200.0,U
18135,-61.54637296209525,15.559747958890362,200.0,200.0,U
18136,-61.54473255220025,15.558307129289622,200.0,200.0,U
18137,-61.54708980592628,15.5597267258229,200.0,200.0,U
18138,-61.547077898429976,15.558920715859175,200.0,200.0,U
18139,-61.5444422409728,15.557521835737061,200.0,200.0,U
18140,-61.546441345709646,15.561000627407621,200.0,200.0,U
18141,-61.54778167421861,15.561039915144075,200.0,200.0,U
18142,-61.54598616311292,15.559452833143324,200.0,200.0,U
18143,-61.54709042972362,15.559647497284008,200.0,200.0,U
18144,-61.546032076226616,15.560840649107835,200.0,200.0,U
18145,-61.54614835485022,15.559423746225592,200.0,200.0,U
18146,-61.54586641140942,15.55958109319973,200.0,200.0,U
18147,-61.54515963319978,15.558886603001978,200.0,200.0,U
18148,-61.548785651326014,15.55891178473963,200.0,200.0,U
18149,-61.54892746146061,15.557520817585512,200.0,200.0,U
18150,-61.546427018618296,15.559431793225695,200.0,200.0,U
18151,-61.546194970643995,15.559309668971055,200.0,200.0,U
18152,-61.546410781061404,15.559814564806931,200.0,200.0,U
18153,-61.54577091698814,15.563046448581964,200.0,200.0,U
18154,-61.54708248833355,15.559602460409819,200.0,200.0,U
18155,-61.54661234276532,15.559992754135907,200.0,200.0,U
18156,-61.54671627817747,15.557965118328612,200.0,200.0,U
18157,-61.54765844706413,15.560471218844144,200.0,200.0,U
18158,-61.545598619817554,15.560518810981245,200.0,200.0,U
18159,-61.54675523493092,15.559083363685959,200.0,200.0,U
18160,-61.546134457029716,15.558792728352447,200.0,200.0,U
18161,-61.54688265047221,15.561138401376425,200.0,200.0,U
18162,-61.54717949968846,15.556306119223896,200.0,200.0,U
18163,-61.54680495701007,15.557750628743438,200.0,200.0,U
18164,-61.54657903221008,15.561112939541372,200.0,200.0,U
18165,-61.545887174287195,15.560519638363322,200.0,200.0,U
18166,-61.545963808731855,15.559572473352082,200.0,200.0,U
18167,-61.543964883357646,15.562324965533136,200.0,200.0,U
18168,-61.54533735694808,15.559326938791198,200.0,200.0,U
18169,-61.54637468028589,15.561166817482558,200.0,200.0,U
18170,-61.54661821725395,15.557897037683174,200.0,200.0,U
18171,-61.54698429488284,15.560360835903946,200.0,200.0,U
18172,-61.546765022511195,15.560303119412406,200.0,200.0,U
18173,-61.544774039206175,15.55812204257245,200.0,200.0,U
18174,-61.54684157466675,15.560591403929031,200.0,200.0,U
18175,-61.54635721504494,15.559998986534897,200.0,200.0,U
18176,-61.54499351015463,15.562454622088172,200.0,200.0,U
18177,-61.54660723087358,15.561262507505912,200.0,200.0,U
18178,-61.54790216234005,15.559605908256614,200.0,200.0,U
18179,-61.54557206667152,15.556898692283818,200.0,200.0,U
18180,-61.548400619245434,15.560319879142765,200.0,200.0,U
18181,-61.54583551625791,15.557997538237352,200.0,200.0,U
18182,-61.54741573071504,15.559873599630766,200.0,200.0,U
18183,-61.546418959871666,15.558893785660867,200.0,200.0,U
18184,-61.546461624941,15.559723358846977,200.0,200.0,U
18185,-61.54641777066955,15.559916234933164,200.0,200.0,U
18186,-61.546046063499894,15.560447729330196,200.0,200.0,U
18187,-61.54620522840601,15.559927269503973,200.0,200.0,U
18188,-61.546939446490406,15.558068834676266,200.0,200.0,U
18189,-61.545933128714736,15.56040171735791,200.0,200.0,U
18190,-61.54732873161351,15.560736214002526,200.0,200.0,U
18191,-61.546753143263096,15.559331000441146,200.0,200.0,U
18192,-61.54674709222169,15.558767195733905,200.0,200.0,U
18193,-61.54602208062853,15.559046564252272,200.0,200.0,U
18194,-61.55015500905268,15.559062848680018,200.0,200.0,U
18195,-61.54652049830295,15.559822273638009,200.0,200.0,U
18196,-61.54771912219853,15.558919106553663,200.0,200.0,U
18197,-61.54548688606976,15.559562505649609,200.0,200.0,U
18198,-61.54849517929772,15.560670795855373,200.0,200.0,U
18199,-61.546639780837346,15.56103436018203,200.0,200.0,U
18200,-61.54664301871543,15.560386251676476,200.0,200.0,U
18201,-61.5465453517211,15.559671220805274,200.0,200.0,U
18202,-61.54654055012761,15.560726450987518,200.0,200.0,U
18203,-61.547732651784045,15.557630051599746,200.0,200.0,U
18204,-61.54786640849902,15.56148797804574,200.0,200.0,U
18205,-61.54737280506588,15.5591656047683,200.0,200.0,U
18206,-61.546479268084745,15.55903051865116,200.0,200.0,U
18207,-61.54807895831172,15.56023334035299,200.0,200.0,U
18208,-61.54703622353997,15.558640123158014,200.0,200.0,U
18209,-61.54756897743482,15.560911022565366,200.0,200.0,U
18210,-61.54722374542585,15.562180262492134,200.0,200.0,U
18211,-61.54533376661217,15.55965114395148,200.0,200.0,U
18212,-61.54721627061689,15.558954533373754,200.0,200.0,U
18213,-61.54826919328134,15.558087751254085,200.0,200.0,U
18214,-61.54425782863313,15.562719205411385,200.0,200.0,U
18215,-61.54755127322354,15.55994040367641,200.0,200.0,U
18216,-61.545838760956684,15.55906680991843,200.0,200.0,U
18217,-61.544186208273096,15.557927268632891,200.0,200.0,U
18218,-61.546585562646776,15.560521463824225,200.0,200.0,U
18219,-61.54653468435657,15.559590889776326,200.0,200.0,U
18220,-61.546935114906034,15.561642931507125,200.0,200.0,U
18221,-61.54634589140758,15.559989549305616,200.0,200.0,U
18222,-61.54671985026966,15.558601457857867,200.0,200.0,U
18223,-61.54528408827113,15.560304106066946,200.0,200.0,U
18224,-61.546702231339616,15.558596712713541,200.0,200.0,U
18225,-61.54741445105524,15.556686383044688,200.0,200.0,U
18226,-61.5453557059475,15.559586272414773,200.0,200.0,U
18227,-61.54956663451262,15.56175246011116,200.0,200.0,U
18228,-61.54590881543602,15.560528844351667,200.0,200.0,U
18229,-61.545764020255376,15.560603136194766,200.0,200.0,U
18230,-61.54669618634261,15.560333918815695,200.0,200.0,U
18231,-61.54732608409837,15.559314869915779,200.0,200.0,U
18232,-61.547274898847796,15.55969299422785,200.0,200.0,U
18233,-61.54421212635563,15.560569184965956,200.0,200.0,U
18234,-61.54626796918341,15.560376498803226,200.0,200.0,U
18235,-61.548264479113,15.560275942970545,200.0,200.0,U
18236,-61.54588598129727,15.562698689854212,200.0,200.0,U
18237,-61.546682238256906,15.559576053584244,200.0,200.0,U
18238,-61.54703502795117,15.560934523930957,200.0,200.0,U
18239,-61.54491269210983,15.557602954441455,200.0,200.0,U
18240,-61.54574727711711,15.558873343019446,200.0,200.0,U
18241,-61.546038840061264,15.558252229407696,200.0,200.0,U
18242,-61.545158893300574,15.556130804949332,200.0,200.0,U
18243,-61.54654115383796,15.560039621575593,200.0,200.0,U
18244,-61.54671962797232,15.559181537589371,200.0,200.0,U
18245,-61.54673332779124,15.561029182807673,200.0,200.0,U
18246,-61.54761976496892,15.560514364622785,200.0,200.0,U
18247,-61.545746512362925,15.559903948411598,200.0,200.0,U
18248,-61.54537427649224,15.557270335803237,200.0,200.0,U
18249,-61.54660618051796,15.559673645995233,200.0,200.0,U
18250,-61.548615688655154,15.556290982317165,200.0,200.0,U
18251,-61.54709918641293,15.55888335510657,200.0,200.0,U
18252,-61.54610988128678,15.55922558101838,200.0,200.0,U
18253,-61.545949059927736,15.56045239976626,200.0,200.0,U
18254,-61.548316208107316,15.561231983150424,200.0,200.0,U
18255,-61.54880953964265,15.561869964627904,200.0,200.0,U
18256,-61.550485855449864,15.560495570608952,200.0,200.0,U
18257,-61.54673219063754,15.559547958173908,200.0,200.0,U
18258,-61.546770653370665,15.55955038525357,200.0,200.0,U
18259,-61.54704202572185,15.55918497252407,200.0,200.0,U
18260,-61.54453073805272,15.560787077362896,200.0,200.0,U
18261,-61.54510660220911,15.560463144690116,200.0,200.0,U
18262,-61.544754212536155,15.56217382253178,200.0,200.0,U
18263,-61.544664526217595,15.56236981731517,200.0,200.0,U
18264,-61.54724715774953,15.561080891032873,200.0,200.0,U
18265,-61.54852365551296,15.560093810827613,200.0,200.0,U
18266,-61.54637720057628,15.559968949359986,200.0,200.0,U
18267,-61.54678961738276,15.56051222304217,200.0,200.0,U
18268,-61.54801734040616,15.557858315414453,200.0,200.0,U
18269,-61.548187090952744,15.56088214420653,200.0,200.0,U
18270,-61.546787975057605,15.559538134630928,200.0,200.0,U
18271,-61.54673686241999,15.559867367736109,200.0,200.0,U
18272,-61.54699275832189,15.558674842099336,200.0,200.0,U
18273,-61.54901692251448,15.558317364109236,200.0,200.0,U
18274,-61.54700860716073,15.5593320137092,200.0,200.0,U
18275,-61.54698183219115,15.559689404997496,200.0,200.0,U
18276,-61.54749679515269,15.561225459310043,200.0,200.0,U
18277,-61.549990999440425,15.558008093564833,200.0,200.0,U
18278,-61.545119252116145,15.55898581333866,200.0,200.0,U
18279,-61.54656183052607,15.559362292559564,200.0,200.0,U
18280,-61.54736005247926,15.561042393117697,200.0,200.0,U
18281,-61.548869997042594,15.55796714400925,200.0,200.0,U
18282,-61.54589066177782,15.56004124410745,200.0,200.0,U
18283,-61.54794465046573,15.56033045546283,200.0,200.0,U
18284,-61.54581859488583,15.55655012104644,200.0,200.0,U
18285,-61.54484487087359,15.563280262128096,200.0,200.0,U
18286,-61.54596040740202,15.558092137179788,200.0,200.0,U
18287,-61.546551761269846,15.559572477720689,200.0,200.0,U
18288,-61.54594412939409,15.558183296339903,200.0,200.0,U
18289,-61.546667619955066,15.55974631275324,200.0,200.0,U
18290,-61.54672986846065,15.558741436619654,200.0,200.0,U
18291,-61.54897465475223,15.561992215957577,200.0,200.0,U
18292,-61.551300280209055,15.5622292741087,200.0,200.0,U
18293,-61.54595867348785,15.559617513811487,200.0,200.0,U
18294,-61.544938017969535,15.56200832836649,200.0,200.0,U
18295,-61.546683097547735,15.559585152192595,200.0,200.0,U
18296,-61.54510126579319,15.559129768459483,200.0,200.0,U
18297,-61.54737132849483,15.55905991821702,200.0,200.0,U
18298,-61.546223582044696,15.560638277305411,200.0,200.0,U
18299,-61.54667345573851,15.559566097604884,200.0,200.0,U
18300,-61.545950367188595,15.560108717808667,200.0,200.0,U
18301,-61.54663486840871,15.559644686799958,200.0,200.0,U
18302,-61.54808137810467,15.558942968773463,200.0,200.0,U
18303,-61.54735437925557,15.560813606615403,200.0,200.0,U
18304,-61.54604280106492,15.557497537156836,200.0,200.0,U
18305,-61.54679196290816,15.558611809089944,200.0,200.0,U
18306,-61.54785097102785,15.55751447391446,200.0,200.0,U
18307,-61.547156192702204,15.558932047947284,200.0,200.0,U
18308,-61.5487999982766,15.560864139311148,200.0,200.0,U
18309,-61.544983597765075,15.56079000235568,200.0,200.0,U
18310,-61.54616077004487,15.55952809380447,200.0,200.0,U
18311,-61.54613237826605,15.559589105248806,200.0,200.0,U
18312,-61.545458129805326,15.558045750581387,200.0,200.0,U
18313,-61.54684126883487,15.559543398643726,200.0,200.0,U
18314,-61.54708762095657,15.560697664840944,200.0,200.0,U
18315,-61.54362287374689,15.560705323734332,200.0,200.0,U
18316,-61.54558981545476,15.558047082434026,200.0,200.0,U
18317,-61.55089669314933,15.560802453270627,200.0,200.0,U
18318,-61.54729113888068,15.558809218614268,200.0,200.0,U
18319,-61.547208165271485,15.558784171716194,200.0,200.0,U
18320,-61.54824001368143,15.560337265739884,200.0,200.0,U
18321,-61.54516222242665,15.559296620854164,200.0,200.0,U
18322,-61.54859133077909,15.560562857821882,200.0,200.0,U
18323,-61.545802752902375,15.558831867983523,200.0,200.0,U
18324,-61.545390130771786,15.561779564539345,200.0,200.0,U
18325,-61.54670517916937,15.559647829258738,200.0,200.0,U
18326,-61.545941940821955,15.557805290853745,200.0,200.0,U
18327,-61.544504439927564,15.560644574179419,200.0,200.0,U
18328,-61.54713839780721,15.559312129823237,200.0,200.0,U
18329,-61.544896682552285,15.561048169536317,200.0,200.0,U
18330,-61.5460887934471,15.558854398300372,200.0,200.0,U
18331,-61.54532699165615,15.561161762092876,200.0,200.0,U
18332,-61.54692873187771,15.559643611607363,200.0,200.0,U
18333,-61.54641283635446,15.557476611307381,200.0,200.0,U
18334,-61.54493264563084,15.559311537946312,200.0,200.0,U
18335,-61.54692074341654,15.559664542814428,200.0,200.0,U
18336,-61.54759811712578,15.560296976973422,200.0,200.0,U
18337,-61.54628138521706,15.559990204961077,200.0,200.0,U
18338,-61.54671157540069,15.55966577191664,200.0,200.0,U
18339,-61.545482851284405,15.557795323744715,200.0,200.0,U
18340,-61.54789607697829,15.560409235554097,200.0,200.0,U
18341,-61.54382129213652,15.558189202998582,200.0,200.0,U
18342,-61.54526648491479,15.557529326134294,200.0,200.0,U
18343,-61.54716907157551,15.560018064328856,200.0,200.0,U
18344,-61.546985893667866,15.560102261644614,200.0,200.0,U
18345,-61.54742717143324,15.558977548020911,200.0,200.0,U
18346,-61.54694827737736,15.55869363320545,200.0,200.0,U
18347,-61.546583990638425,15.560033834285019,200.0,200.0,U
18348,-61.543682414886646,15.557758558132099,200.0,200.0,U
18349,-61.546795603071665,15.559590533647885,200.0,200.0,U
18350,-61.55002699420472,15.560757254352525,200.0,200.0,U
18351,-61.549147871620065,15.561317015478885,200.0,200.0,U
18352,-61.54599805053942,15.55894410694867,200.0,200.0,U
18353,-61.54398807707687,15.557791562964802,200.0,200.0,U
18354,-61.54672265782365,15.55973981347882,200.0,200.0,U
18355,-61.54831298387615,15.55931707340492,200.0,200.0,U
18356,-61.54718733696481,15.559742016696468,200.0,200.0,U
18357,-61.546031179343686,15.558117317722711,200.0,200.0,U
18358,-61.54666124061491,15.55907215785731,200.0,200.0,U
18359,-61.547939579517006,15.55898461328265,200.0,200.0,U
18360,-61.54589929080329,15.560216852914023,200.0,200.0,U
18361,-61.545429577890985,15.557882991551848,200.0,200.0,U
18362,-61.54883454880395,15.55920301757132,200.0,200.0,U
18363,-61.54772968477028,15.56147418470621,200.0,200.0,U
18364,-61.546015739540415,15.561125645860832,200.0,200.0,U
18365,-61.54741786493378,15.559614452367912,200.0,200.0,U
18366,-61.54677432071684,15.559632984617977,200.0,200.0,U
18367,-61.546179079737584,15.559665528962165,200.0,200.0,U
18368,-61.54692086155688,15.559433318061417,200.0,200.0,U
18369,-61.54686267363543,15.5596659546414,200.0,200.0,U
18370,-61.54535863514968,15.559153497513002,200.0,200.0,U
18371,-61.54741893201177,15.56016479128959,200.0,200.0,U
18372,-61.54473076742271,15.561520063606464,200.0,200.0,U
18373,-61.54631077756619,15.558089222030452,200.0,200.0,U
18374,-61.54282960210013,15.55872172761958,200.0,200.0,U
18375,-61.54681653427927,15.559627677476342,200.0,200.0,U
18376,-61.54746598322537,15.559892394418126,200.0,200.0,U
18377,-61.54502685141605,15.562223086140985,200.0,200.0,U
18378,-61.54725561899438,15.55894206530239,200.0,200.0,U
18379,-61.5471527103501,15.558059277806086,200.0,200.0,U
18380,-61.54558776170475,15.558850046942666,200.0,200.0,U
18381,-61.546524055244944,15.560720934201528,200.0,200.0,U
18382,-61.545831496872424,15.559262362527543,200.0,200.0,U
18383,-61.54966044839033,15.559257527621819,200.0,200.0,U
18384,-61.545989146213735,15.560854138955944,200.0,200.0,U
18385,-61.54784238254724,15.559536906543384,200.0,200.0,U
18386,-61.54637292324687,15.561060381839159,200.0,200.0,U
18387,-61.54585498741885,15.55736325636856,200.0,200.0,U
18388,-61.547523363234255,15.56226038926093,200.0,200.0,U
18389,-61.54481133342547,15.558118512109942,200.0,200.0,U
18390,-61.546629819945174,15.559458328851623,200.0,200.0,U
18391,-61.544784834685565,15.558887465288961,200.0,200.0,U
18392,-61.54706428077537,15.559413697770127,200.0,200.0,U
18393,-61.546780103450764,15.560112970285838,200.0,200.0,U
18394,-61.54629487565982,15.559886497438688,200.0,200.0,U
18395,-61.54422258720108,15.559546175331255,200.0,200.0,U
18396,-61.546984043651165,15.559412876860776,200.0,200.0,U
18397,-61.54682930122293,15.559206517021423,200.0,200.0,U
18398,-61.545122322662195,15.560307492757474,200.0,200.0,U
18399,-61.5490121629849,15.557574095509098,200.0,200.0,U
18400,-61.54786941372337,15.561222414035944,200.0,200.0,U
18401,-61.54663427006681,15.560015558261432,200.0,200.0,U
18402,-61.5481389830681,15.560051915583783,200.0,200.0,U
18403,-61.546783798933525,15.559578761288146,200.0,200.0,U
18404,-61.5470708715861,15.559641625039944,200.0,200.0,U
18405,-61.54772043518657,15.560304300800238,200.0,200.0,U
18406,-61.54691856288058,15.559613966862866,200.0,200.0,U
18407,-61.54435956754695,15.560971852244753,200.0,200.0,U
18408,-61.54614179426786,15.559168009493611,200.0,200.0,U
18409,-61.54553806411634,15.56046184462613,200.0,200.0,U
18410,-61.54778211630683,15.5610695816295,200.0,200.0,U
18411,-61.54741297937789,15.561521581620273,200.0,200.0,U
18412,-61.54712274961369,15.559631806270094,200.0,200.0,U
18413,-61.54547367430782,15.56098895416871,200.0,200.0,U
18414,-61.54914686178624,15.560708991056366,200.0,200.0,U
18415,-61.54590851692762,15.560068987668444,200.0,200.0,U
18416,-61.546654906904095,15.55932280900857,200.0,200.0,U
18417,-61.546270773203894,15.559676642019834,200.0,200.0,U
18418,-61.54710770553227,15.55966879166839,200.0,200.0,U
18419,-61.5469748535316,15.559480166045766,200.0,200.0,U
18420,-61.549852895767785,15.561769667939167,200.0,200.0,U
18421,-61.54784881310233,15.558726288225023,200.0,200.0,U
18422,-61.54813275645095,15.559384593402932,200.0,200.0,U
18423,-61.54499041832028,15.556280197520667,200.0,200.0,U
18424,-61.5472339778064,15.557262900234301,200.0,200.0,U
18425,-61.54619964632896,15.559777080254184,200.0,200.0,U
18426,-61.54730116656887,15.559716020418259,200.0,200.0,U
18427,-61.547598442331406,15.560520691629637,200.0,200.0,U
18428,-61.54506047142034,15.558293684415416,200.0,200.0,U
18429,-61.54678418201357,15.563826858388177,200.0,200.0,U
18430,-61.54688815150385,15.559544160791253,200.0,200.0,U
18431,-61.54934574823836,15.559256266601736,200.0,200.0,U
18432,-61.543681386231846,15.561396706088134,200.0,200.0,U
18433,-61.54506068285515,15.560526455351305,200.0,200.0,U
18434,-61.54721042582496,15.56174317163287,200.0,200.0,U
18435,-61.55073139839128,15.558671387398864,200.0,200.0,U
18436,-61.5434358666733,15.559833386703412,200.0,200.0,U
18437,-61.54662861203921,15.558459283469709,200.0,200.0,U
18438,-61.54653084330799,15.562293292124041,200.0,200.0,U
18439,-61.545914391891905,15.560386622098015,200.0,200.0,U
18440,-61.545872099944916,15.557284954346972,200.0,200.0,U
18441,-61.54751047282778,15.560203918299608,200.0,200.0,U
18442,-61.54738182102824,15.559605150843753,200.0,200.0,U
18443,-61.54607746393674,15.557997075457402,200.0,200.0,U
18444,-61.545020104478986,15.559124735491393,200.0,200.0,U
18445,-61.547088718120314,15.558962009235273,200.0,200.0,U
18446,-61.54808678160109,15.55909929628368,200.0,200.0,U
18447,-61.54685442106992,15.558661619862194,200.0,200.0,U
18448,-61.54611100838192,15.559002856150606,200.0,200.0,U
18449,-61.54697328022498,15.559507705845318,200.0,200.0,U
18450,-61.549579732528876,15.56039818719446,200.0,200.0,U
18451,-61.54513963923478,15.559220742519395,200.0,200.0,U
18452,-61.54733577934424,15.558730311724686,200.0,200.0,U
18453,-61.543074273173126,15.564460139587517,200.0,200.0,U
18454,-61.54662513838452,15.559783647524233,200.0,200.0,U
18455,-61.546816507268545,15.55985558747123,200.0,200.0,U
18456,-61.54509334798843,15.558260951670944,200.0,200.0,U
18457,-61.54535378647986,15.55754227620004,200.0,200.0,U
18458,-61.54649394352356,15.560521764987811,200.0,200.0,U
18459,-61.54696935984658,15.560342907696166,200.0,200.0,U
18460,-61.547178672906774,15.560177421293954,200.0,200.0,U
18461,-61.54723919397702,15.560078965343301,200.0,200.0,U
18462,-61.547004305902384,15.559242275171666,200.0,200.0,U
18463,-61.54500512208039,15.561438372752404,200.0,200.0,U
18464,-61.54846858706638,15.559471728813412,200.0,200.0,U
18465,-61.54661160340365,15.560833743506153,200.0,200.0,U
18466,-61.54785117179134,15.559556719121403,200.0,200.0,U
18467,-61.546856264826474,15.559731901820534,200.0,200.0,U
18468,-61.54741684926563,15.559510403145492,200.0,200.0,U
18469,-61.54562657331903,15.559849473942833,200.0,200.0,U
18470,-61.5467360153792,15.560506437175269,200.0,200.0,U
18471,-61.54872380099351,15.560943611081209,200.0,200.0,U
18472,-61.54755457076979,15.560974544321205,200.0,200.0,U
18473,-61.54739781364491,15.560692184600377,200.0,200.0,U
18474,-61.547651560521864,15.559859099252483,200.0,200.0,U
18475,-61.548197000565246,15.55752433532551,200.0,200.0,U
18476,-61.54251385378981,15.559364119740238,200.0,200.0,U
18477,-61.54471153419145,15.558024159920068,200.0,200.0,U
18478,-61.54792528592119,15.55900084984216,200.0,200.0,U
18479,-61.544971155009065,15.558032988187895,200.0,200.0,U
18480,-61.54807445193796,15.56047758196221,200.0,200.0,U
18481,-61.54548824430163,15.561923600263812,200.0,200.0,U
18482,-61.547571717048285,15.558786030152465,200.0,200.0,U
18483,-61.54746305876164,15.558584869050561,200.0,200.0,U
18484,-61.54669573878846,15.55982470413429,200.0,200.0,U
18485,-61.5476973160128,15.557212777355009,200.0,200.0,U
18486,-61.548362916570554,15.561039718563226,200.0,200.0,U
18487,-61.54560678475235,15.55899015881416,200.0,200.0,U
18488,-61.54642683273646,15.557596586046268,200.0,200.0,U
18489,-61.54586292513631,15.56139525883387,200.0,200.0,U
18490,-61.54669249855744,15.559045631197302,200.0,200.0,U
18491,-61.547147751805255,15.558778283096267,200.0,200.0,U
18492,-61.54668777389708,15.55963335212922,200.0,200.0,U
18493,-61.54703379867613,15.559368912890406,200.0,200.0,U
18494,-61.548018045965776,15.560981488328764,200.0,200.0,U
18495,-61.54515920158826,15.558924508095538,200.0,200.0,U
18496,-61.547542347759155,15.561160856622676,200.0,200.0,U
18497,-61.5459732306185,15.561514570338675,200.0,200.0,U
18498,-61.546966401257784,15.563012886436134,200.0,200.0,U
18499,-61.54698767439062,15.558831955025969,200.0,200.0,U
18500,-61.546493462294066,15.557554361489723,200.0,200.0,U
18501,-61.547392562401086,15.560047376257632,200.0,200.0,U
18502,-61.54741025186447,15.55818718014025,200.0,200.0,U
18503,-61.54732433312977,15.560397386034857,200.0,200.0,U
18504,-61.54838898510252,15.55819003006541,200.0,200.0,U
18505,-61.54672115975927,15.559240067926552,200.0,200.0,U
18506,-61.54695603674302,15.557550824382925,200.0,200.0,U
18507,-61.54816865335489,15.559265905282665,200.0,200.0,U
18508,-61.545290564603036,15.560395783651206,200.0,200.0,U
18509,-61.54698419851127,15.558820829913557,200.0,200.0,U
18510,-61.54605122431177,15.55892685430878,200.0,200.0,U
18511,-61.54734364050701,15.556663082097277,200.0,200.0,U
18512,-61.54699105622785,15.559158965429557,200.0,200.0,U
18513,-61.548784984111755,15.558229058315234,200.0,200.0,U
18514,-61.54746706024,15.560533591328804,200.0,200.0,U
18515,-61.55013100158552,15.559930822956824,200.0,200.0,U
18516,-61.54724506270877,15.558836863632369,200.0,200.0,U
18517,-61.547015404611855,15.55941428152488,200.0,200.0,U
18518,-61.551557312326075,15.562499646046174,200.0,200.0,U
18519,-61.54713115108359,15.559656290872296,200.0,200.0,U
18520,-61.547515654489374,15.559620648365277,200.0,200.0,U
18521,-61.5473346407514,15.559444697562908,200.0,200.0,U
18522,-61.54593143034979,15.560119443192312,200.0,200.0,U
18523,-61.546637586501575,15.558550547834358,200.0,200.0,U
18524,-61.54711811124513,15.558664427386164,200.0,200.0,U
18525,-61.54698553682039,15.559592091968263,200.0,200.0,U
18526,-61.54786464522988,15.560007847784123,200.0,200.0,U
18527,-61.54734910967205,15.560828209299668,200.0,200.0,U
18528,-61.545566161095515,15.557922828310591,200.0,200.0,U
18529,-61.54711359312749,15.559202283141746,200.0,200.0,U
18530,-61.547048777926115,15.562538294189807,200.0,200.0,U
18531,-61.54705413917249,15.559356146609682,200.0,200.0,U
18532,-61.5444380137395,15.558428669245238,200.0,200.0,U
18533,-61.546000794933214,15.560293483560326,200.0,200.0,U
18534,-61.551742263320904,15.556883576026898,200.0,200.0,U
18535,-61.546953053201584,15.559547566657379,200.0,200.0,U
18536,-61.54649377991354,15.559259236855066,200.0,200.0,U
18537,-61.54776035665634,15.559182283152172,200.0,200.0,U
18538,-61.547078067322126,15.559609447608858,200.0,200.0,U
18539,-61.54601618607674,15.560660608061978,200.0,200.0,U
18540,-61.546144016634415,15.55894180781648,200.0,200.0,U
18541,-61.547290946074575,15.559593211052439,200.0,200.0,U
18542,-61.54716522053687,15.562180836834743,200.0,200.0,U
18543,-61.54704939232051,15.559057577082921,200.0,200.0,U
18544,-61.54666111726485,15.56172768118769,200.0,200.0,U
18545,-61.54891724555036,15.559296259968812,200.0,200.0,U
18546,-61.54609225970282,15.558742503757824,200.0,200.0,U
18547,-61.54816878042688,15.560242844372578,200.0,200.0,U
18548,-61.54619436625809,15.559929248079014,200.0,200.0,U
18549,-61.546319411556055,15.56043086627636,200.0,200.0,U
18550,-61.54717468616253,15.559247222396388,200.0,200.0,U
18551,-61.54692883477733,15.559046377584497,200.0,200.0,U
18552,-61.546433651435386,15.559469549698187,200.0,200.0,U
18553,-61.55011471388204,15.555564589684325,200.0,200.0,U
18554,-61.54564305126529,15.557149340432023,200.0,200.0,U
18555,-61.5467890882499,15.559400109136316,200.0,200.0,U
18556,-61.54643281132813,15.558220626010964,200.0,200.0,U
18557,-61.550595471074544,15.559167633431164,200.0,200.0,U
18558,-61.55028045202568,15.558051263595154,200.0,200.0,U
18559,-61.54735320458667,15.56041044530792,200.0,200.0,U
18560,-61.54758317559708,15.559209129015834,200.0,200.0,U
18561,-61.54642546150003,15.559250836477979,200.0,200.0,U
18562,-61.54677623225727,15.560316073467702,200.0,200.0,U
18563,-61.54796903741766,15.560295521804681,200.0,200.0,U
18564,-61.548366613264456,15.55877793576224,200.0,200.0,U
18565,-61.5469821301769,15.559170432182256,200.0,200.0,U
18566,-61.5476316626416,15.55910099647643,200.0,200.0,U
18567,-61.54837181781945,15.559217356314221,200.0,200.0,U
18568,-61.547126194157485,15.559494812626282,200.0,200.0,U
18569,-61.54988717782223,15.560867582126331,200.0,200.0,U
18570,-61.54551401315584,15.562070034155962,200.0,200.0,U
18571,-61.54710117961374,15.55959250248937,200.0,200.0,U
18572,-61.54712427010197,15.559456550911797,200.0,200.0,U
18573,-61.5470532864343,15.559390936124178,200.0,200.0,U
18574,-61.548199391487316,15.560235732650362,200.0,200.0,U
18575,-61.54627191564942,15.55951507546527,200.0,200.0,U
18576,-61.547870471306,15.558953547805276,200.0,200.0,U
18577,-61.54991331907937,15.560633374734097,200.0,200.0,U
18578,-61.548089261542465,15.555639163523109,200.0,200.0,U
18579,-61.54603747761754,15.560955229852494,200.0,200.0,U
18580,-61.54500422688675,15.561442254575532,200.0,200.0,U
18581,-61.54691485493111,15.55911090963323,200.0,200.0,U
18582,-61.54741822638409,15.557011012384937,200.0,200.0,U
18583,-61.54935249530677,15.556440165000481,200.0,200.0,U
18584,-61.54677538408274,15.559616581428207,200.0,200.0,U
18585,-61.547182197883885,15.55940363731217,200.0,200.0,U
18586,-61.54813476703921,15.560526059875254,200.0,200.0,U
18587,-61.54715801237347,15.55942245346868,200.0,200.0,U
18588,-61.547189482502134,15.559239086750248,200.0,200.0,U
18589,-61.54702371997492,15.561198125456082,200.0,200.0,U
18590,-61.54608645722343,15.562705391223554,200.0,200.0,U
18591,-61.54719161580231,15.559575528993644,200.0,200.0,U
18592,-61.546941340925294,15.55937790303322,200.0,200.0,U
18593,-61.550289425057215,15.558870278979631,200.0,200.0,U
18594,-61.546128831281564,15.55798110166337,200.0,200.0,U
18595,-61.54670598182284,15.558118816601517,200.0,200.0,U
18596,-61.5483562984353,15.558468304574948,200.0,200.0,U
18597,-61.54673516952404,15.55605740712359,200.0,200.0,U
18598,-61.54471565910468,15.559023270119475,200.0,200.0,U
18599,-61.54729956728278,15.561965800315937,200.0,200.0,U
18600,-61.54682471959144,15.56097601940952,200.0,200.0,U
18601,-61.5478435206522,15.558017717029236,200.0,200.0,U
18602,-61.54902610420446,15.557587217376195,200.0,200.0,U
18603,-61.545571928602584,15.561727323901575,200.0,200.0,U
18604,-61.545553364265714,15.558660943018241,200.0,200.0,U
18605,-61.54795472966805,15.55902120740096,200.0,200.0,U
18606,-61.54589619779076,15.55822757643235,200.0,200.0,U
18607,-61.546987211173075,15.558920083240428,200.0,200.0,U
18608,-61.54763805200856,15.559893965100677,200.0,200.0,U
18609,-61.547270145844756,15.559579281987226,200.0,200.0,U
18610,-61.54638597139409,15.561260638448552,200.0,200.0,U
18611,-61.54650930913816,15.556311261115072,200.0,200.0,U
18612,-61.545949678440984,15.557617635347283,200.0,200.0,U
18613,-61.54623600386172,15.559136479875256,200.0,200.0,U
18614,-61.547295996845044,15.559646048846112,200.0,200.0,U
18615,-61.54608482963115,15.561635032435078,200.0,200.0,U
18616,-61.54632491748785,15.559178544798979,200.0,200.0,U
18617,-61.546325330048184,15.559080838373031,200.0,200.0,U
18618,-61.54725261898466,15.56015632501329,200.0,200.0,U
18619,-61.54883409485494,15.55967389561815,200.0,200.0,U
18620,-61.54543695109763,15.557988459116658,200.0,200.0,U
18621,-61.549347849475645,15.559705157763323,200.0,200.0,U
18622,-61.54773255344171,15.557437668551922,200.0,200.0,U
18623,-61.54717946172513,15.559434720927802,200.0,200.0,U
18624,-61.54634382628028,15.559105416776946,200.0,200.0,U
18625,-61.54757946143456,15.5596059378418,200.0,200.0,U
18626,-61.54914490674508,15.558050802608491,200.0,200.0,U
18627,-61.5462171402375,15.560274258074998,200.0,200.0,U
18628,-61.54606868862432,15.562467279768207,200.0,200.0,U
18629,-61.54844928783726,15.558027395170962,200.0,200.0,U
18630,-61.547599841795694,15.559518837424061,200.0,200.0,U
18631,-61.549290145558174,15.560508282399804,200.0,200.0,U
18632,-61.548764124658554,15.5622742860564,200.0,200.0,U
18633,-61.54669201799121,15.557369388230603,200.0,200.0,U
18634,-61.54984967581077,15.560673598855816,200.0,200.0,U
18635,-61.547699041127935,15.559406094490075,200.0,200.0,U
18636,-61.54710263351091,15.558126148370603,200.0,200.0,U
18637,-61.54702117639031,15.559933734374711,200.0,200.0,U
18638,-61.54394245912122,15.557314794657842,200.0,200.0,U
18639,-61.54690403009033,15.56067217858093,200.0,200.0,U
18640,-61.54539125648454,15.561139706642074,200.0,200.0,U
18641,-61.548632160890435,15.557176612060346,200.0,200.0,U
18642,-61.54772508302955,15.558502165278139,200.0,200.0,U
18643,-61.54813977151985,15.559231850779433,200.0,200.0,U
18644,-61.54743569932208,15.559034784120884,200.0,200.0,U
18645,-61.54717810168089,15.55957480583556,200.0,200.0,U
18646,-61.545593873106405,15.560712886783058,200.0,200.0,U
18647,-61.54819547623004,15.559355327570621,200.0,200.0,U
18648,-61.54723704616873,15.559430384170842,200.0,200.0,U
18649,-61.54683724508217,15.559049255689496,200.0,200.0,U
18650,-61.54791949524877,15.55884931388659,200.0,200.0,U
18651,-61.5460952097152,15.558478983540075,200.0,200.0,U
18652,-61.54678583414398,15.556015182966474,200.0,200.0,U
18653,-61.54803741911865,15.557560352816667,200.0,200.0,U
18654,-61.54729244627323,15.559721777701682,200.0,200.0,U
18655,-61.54721292665053,15.557938692806834,200.0,200.0,U
18656,-61.54897635547898,15.557980738887325,200.0,200.0,U
18657,-61.54819852197504,15.559927582387509,200.0,200.0,U
18658,-61.55029571652241,15.55961153115525,200.0,200.0,U
18659,-61.54523011771097,15.561314527611499,200.0,200.0,U
18660,-61.546981648425785,15.559923328953007,200.0,200.0,U
18661,-61.547152444219726,15.559704403024844,200.0,200.0,U
18662,-61.54936676278247,15.559613565510338,200.0,200.0,U
18663,-61.54964986202976,15.560013996281201,200.0,200.0,U
18664,-61.547528527788046,15.55832242552717,200.0,200.0,U
18665,-61.54648527844372,15.559469886082903,200.0,200.0,U
18666,-61.54737773592279,15.560054296138173,200.0,200.0,U
18667,-61.54609042211498,15.56118682278725,200.0,200.0,U
18668,-61.54880298152344,15.559941310855526,200.0,200.0,U
18669,-61.54523787515938,15.558177362248577,200.0,200.0,U
18670,-61.54693065176299,15.559521389702864,200.0,200.0,U
18671,-61.54767886500624,15.558158866260243,200.0,200.0,U
18672,-61.547217529978624,15.561646008348031,200.0,200.0,U
18673,-61.54840180239066,15.558245641862438,200.0,200.0,U
18674,-61.54673889222677,15.559111458557917,200.0,200.0,U
19329,-61.54792943844294,15.558868738020108,200.0,200.0,U
19330,-61.548356958173024,15.559564521598496,200.0,200.0,U
19331,-61.54887259797519,15.560262646238009,200.0,200.0,U
19332,-61.54754530173391,15.55843726957729,200.0,200.0,U
19333,-61.54856563166764,15.557250101265337,200.0,200.0,U
19334,-61.54887282088556,15.559656465681856,200.0,200.0,U
19335,-61.54866888795099,15.558923203902223,200.0,200.0,U
19336,-61.54350551265713,15.558874133736657,200.0,200.0,U
19337,-61.549936174039175,15.558880523562701,200.0,200.0,U
19338,-61.54768273606413,15.559381080147368,200.0,200.0,U
19339,-61.54912203229125,15.558805930814934,200.0,200.0,U
19340,-61.55030356795991,15.558478419025187,200.0,200.0,U
19341,-61.5486811375231,15.556948436602179,200.0,200.0,U
19342,-61.54837958970173,15.559760205485885,200.0,200.0,U
19343,-61.54750378105868,15.559686639392208,200.0,200.0,U
19344,-61.55224360365899,15.555843176210312,200.0,200.0,U
19345,-61.54666678116195,15.559072332161037,200.0,200.0,U
19346,-61.547643289338176,15.55886307466883,200.0,200.0,U
19347,-61.548406198219105,15.561107985607752,200.0,200.0,U
19348,-61.54683276970162,15.55721697713283,200.0,200.0,U
19349,-61.5488937259723,15.557932391101094,200.0,200.0,U
19350,-61.54981474949623,15.558039637867086,200.0,200.0,U
19351,-61.548635392559575,15.556391556893482,200.0,200.0,U
19352,-61.54834390780361,15.558395871235682,200.0,200.0,U
19353,-61.54834442375807,15.559324974892668,200.0,200.0,U
19354,-61.544130177167,15.560624735701715,200.0,200.0,U
19355,-61.54632735753092,15.561228564219041,200.0,200.0,U
19356,-61.5489732551528,15.5582068036859,200.0,200.0,U
19357,-61.54658996982958,15.559262955449054,200.0,200.0,U
19358,-61.54795766635767,15.559199478157979,200.0,200.0,U
19359,-61.54833267718883,15.560428055228064,200.0,200.0,U
19360,-61.54805320124127,15.559838178597033,200.0,200.0,U
19361,-61.54869657568997,15.56038323812664,200.0,200.0,U
19362,-61.54912837836551,15.55793123194975,200.0,200.0,U
19363,-61.54794478610164,15.556884781886254,200.0,200.0,U
19364,-61.54777182745029,15.558906469739968,200.0,200.0,U
19365,-61.548142254196954,15.558280129967596,200.0,200.0,U
19366,-61.54746999452165,15.558583539294155,200.0,200.0,U
19367,-61.548531304078786,15.558281985218601,200.0,200.0,U
19368,-61.54728654615179,15.557298816291791,200.0,200.0,U
19369,-61.548024556769946,15.559755871883468,200.0,200.0,U
19370,-61.54811745600687,15.559474412265628,200.0,200.0,U
19371,-61.54738774623597,15.560152383412085,200.0,200.0,U
19372,-61.54804679484994,15.556225943713443,200.0,200.0,U
19373,-61.548287805992636,15.557015082669333,200.0,200.0,U
19374,-61.55035806790373,15.558144229699801,200.0,200.0,U
19375,-61.54621780415039,15.5606253904795,200.0,200.0,U
19376,-61.548366290306895,15.559202277653593,200.0,200.0,U
19377,-61.54848909302878,15.558334756506758,200.0,200.0,U
19378,-61.549496900926265,15.555892991567536,200.0,200.0,U
19379,-61.54806335999493,15.558386091319418,200.0,200.0,U
19380,-61.54875992486947,15.558043722871934,200.0,200.0,U
19381,-61.54890816351853,15.557876218601272,200.0,200.0,U
19382,-61.55027485592654,15.558610605762585,200.0,200.0,U
19383,-61.546244130031795,15.558782846333512,200.0,200.0,U
19384,-61.54847081627047,15.55893243350003,200.0,200.0,U
19385,-61.54858683702234,15.559409850580876,200.0,200.0,U
19386,-61.548572073094405,15.554582530030398,200.0,200.0,U
19387,-61.548383693068025,15.559311353882885,200.0,200.0,U
19388,-61.544145275634,15.55875985456776,200.0,200.0,U
19389,-61.547699863863606,15.555777142170122,200.0,200.0,U
19390,-61.54942129112847,15.55961903702737,200.0,200.0,U
19391,-61.54955286273571,15.560242498840447,200.0,200.0,U
19392,-61.548488774926916,15.559273268927535,200.0,200.0,U
19393,-61.54843906479158,15.558237896427423,200.0,200.0,U
19394,-61.54811739261292,15.560030584745112,200.0,200.0,U
19395,-61.55010696957206,15.55864673839393,200.0,200.0,U
19396,-61.54854402660572,15.55904501040109,200.0,200.0,U
19397,-61.54722430322768,15.561229973336369,200.0,200.0,U
19398,-61.54858660822793,15.557820699960319,200.0,200.0,U
19399,-61.54868912966907,15.559087417226488,200.0,200.0,U
19400,-61.54791168772666,15.559045403157635,200.0,200.0,U
19401,-61.54908605890369,15.559233838313377,200.0,200.0,U
19402,-61.54941500936009,15.559591837249299,200.0,200.0,U
19403,-61.54806076955524,15.558461310706493,200.0,200.0,U
19404,-61.54701347940294,15.559200206312676,200.0,200.0,U
19405,-61.54853297619917,15.558940861705615,200.0,200.0,U
19406,-61.54712081561257,15.563251390629121,200.0,200.0,U
19407,-61.54705551884862,15.559130742746198,200.0,200.0,U
19408,-61.54634031756735,15.559001186642472,200.0,200.0,U
19409,-61.547425759816285,15.559027352969846,200.0,200.0,U
19410,-61.548646473321114,15.55897767695901,200.0,200.0,U
19411,-61.54881375616541,15.55853224428881,200.0,200.0,U
19412,-61.55018113318382,15.559775313431357,200.0,200.0,U
19413,-61.54748217355867,15.561457160877017,200.0,200.0,U
19414,-61.547593608931784,15.558662964295072,200.0,200.0,U
19415,-61.547877485380674,15.558515806875558,200.0,200.0,U
19416,-61.54987919912966,15.558688296604805,200.0,200.0,U
19417,-61.549228319422134,15.558792994574315,200.0,200.0,U
19418,-61.54829010955961,15.55930664634434,200.0,200.0,U
19419,-61.54780273299729,15.55858339744355,200.0,200.0,U
19420,-61.546485038196494,15.557975965008833,200.0,200.0,U
19421,-61.54820460975901,15.559667005015164,200.0,200.0,U
19422,-61.54733801140806,15.55954087850037,200.0,200.0,U
19423,-61.54850703098411,15.558883342373054,200.0,200.0,U
19424,-61.54913693428388,15.557590666262692,200.0,200.0,U
19425,-61.54734510727073,15.558868274011495,200.0,200.0,U
19426,-61.54824072875892,15.556876695951917,200.0,200.0,U
19427,-61.54611081444911,15.557947787871486,200.0,200.0,U
19428,-61.54995700541262,15.559102420339245,200.0,200.0,U
19429,-61.54945445286631,15.557509083955162,200.0,200.0,U
19430,-61.545091789632544,15.557606072425312,200.0,200.0,U
19431,-61.55073095763488,15.561445198100595,200.0,200.0,U
19432,-61.54934754478742,15.5589030506851,200.0,200.0,U
19433,-61.54792420623244,15.559786080774453,200.0,200.0,U
19434,-61.547490967624654,15.558269285792134,200.0,200.0,U
19435,-61.54903679844614,15.558536770388654,200.0,200.0,U
19436,-61.54761796668243,15.559790561805318,200.0,200.0,U
19437,-61.54911416182407,15.557212622689994,200.0,200.0,U
19438,-61.5462073741686,15.558197555717166,200.0,200.0,U
19439,-61.54765604022622,15.55857426310646,200.0,200.0,U
19440,-61.54841179868382,15.561338371670075,200.0,200.0,U
19441,-61.54970183294359,15.556153516043159,200.0,200.0,U
19442,-61.54790336336588,15.560571446366621,200.0,200.0,U
19443,-61.54891730240713,15.560420116237664,200.0,200.0,U
19444,-61.54852620574162,15.557640527419665,200.0,200.0,U
19445,-61.54791517023175,15.558277842251192,200.0,200.0,U
19446,-61.54754100054551,15.558417978899291,200.0,200.0,U
19447,-61.55031640858489,15.55742207443827,200.0,200.0,U
19448,-61.54891497934928,15.558868267155495,200.0,200.0,U
19449,-61.549375512258386,15.558688436286783,200.0,200.0,U
19450,-61.54763473804027,15.558010903784306,200.0,200.0,U
19451,-61.54734996686626,15.55946658476007,200.0,200.0,U
19452,-61.5488393955352,15.557086816456485,200.0,200.0,U
19453,-61.54791230672424,15.559678846459473,200.0,200.0,U
19454,-61.548825215853554,15.559375108023147,200.0,200.0,U
19455,-61.55019893680811,15.56019099797461,200.0,200.0,U
19456,-61.55170148953066,15.558992305991534,200.0,200.0,U
19457,-61.5489381148875,15.558776688698472,200.0,200.0,U
19458,-61.549462814154154,15.560485255132372,200.0,200.0,U
19459,-61.54736124601383,15.558000941167288,200.0,200.0,U
19460,-61.54631593444909,15.559831354765512,200.0,200.0,U
19461,-61.54790595660283,15.558842011578076,200.0,200.0,U
19462,-61.547694171944556,15.5606380869337,200.0,200.0,U
19463,-61.54577682848458,15.558190544511685,200.0,200.0,U
19464,-61.54785014917739,15.558949666771747,200.0,200.0,U
19465,-61.550939286082794,15.555760294373489,200.0,200.0,U
19466,-61.55032978776868,15.560103499843851,200.0,200.0,U
19467,-61.54843138245706,15.559453402110508,200.0,200.0,U
19468,-61.54522808403403,15.560252142569823,200.0,200.0,U
19469,-61.54592110465747,15.559898440099149,200.0,200.0,U
19470,-61.55176613823792,15.556550539274097,200.0,200.0,U
19471,-61.54871067372317,15.559483183540314,200.0,200.0,U
19472,-61.5484130744905,15.558997328063018,200.0,200.0,U
19473,-61.54681479705505,15.558565422288602,200.0,200.0,U
19474,-61.548772031963,15.559123427505961,200.0,200.0,U
19475,-61.54764121775951,15.56009985078708,200.0,200.0,U
19476,-61.546838910672356,15.56053775448243,200.0,200.0,U
19477,-61.54532042582373,15.559384528602438,200.0,200.0,U
19478,-61.5484464933004,15.559353165387648,200.0,200.0,U
19479,-61.54663191761665,15.559520371380275,200.0,200.0,U
19480,-61.548849919629,15.559555556913534,200.0,200.0,U
19481,-61.55044081369773,15.557932230073797,200.0,200.0,U
19482,-61.548439347272016,15.558738223672126,200.0,200.0,U
19483,-61.54984492700446,15.556235740439437,200.0,200.0,U
19484,-61.54867941508915,15.558877682676911,200.0,200.0,U
19485,-61.547389133582186,15.561507843849562,200.0,200.0,U
19486,-61.54866460164687,15.558360018327724,200.0,200.0,U
19487,-61.54860241797457,15.558960683817274,200.0,200.0,U
19488,-61.5477287773994,15.560064858031351,200.0,200.0,U
19489,-61.54979737255135,15.5568826094395,200.0,200.0,U
19490,-61.54945287485089,15.557420370112979,200.0,200.0,U
19491,-61.54983161448574,15.559165407931111,200.0,200.0,U
19492,-61.54715593773,15.558449123397136,200.0,200.0,U
19493,-61.54805790054813,15.559097887833934,200.0,200.0,U
19494,-61.548383305023904,15.558852815447862,200.0,200.0,U
19495,-61.54725580526746,15.559895887592422,200.0,200.0,U
19496,-61.54892130581875,15.558879647043206,200.0,200.0,U
19497,-61.549915974288616,15.55748336200847,200.0,200.0,U
19498,-61.548653164844254,15.558995974450548,200.0,200.0,U
19499,-61.54671266633978,15.556001387213819,200.0,200.0,U
19500,-61.548080204845554,15.558986480757891,200.0,200.0,U
19501,-61.55021437349318,15.557886141253489,200.0,200.0,U
19502,-61.54950366247657,15.559583178667994,200.0,200.0,U
19503,-61.54781464911783,15.558940967284586,200.0,200.0,U
19504,-61.54481846441472,15.560570113253084,200.0,200.0,U
19505,-61.54726346982363,15.557063697165104,200.0,200.0,U
19506,-61.54937960836025,15.561144199651814,200.0,200.0,U
19507,-61.54939452954994,15.56034521832441,200.0,200.0,U
19508,-61.547278623291575,15.559631980738885,200.0,200.0,U
19509,-61.55183740859771,15.559540512377861,200.0,200.0,U
19510,-61.548527763151675,15.55938370806025,200.0,200.0,U
19511,-61.550377509435855,15.558292218743524,200.0,200.0,U
19512,-61.54649847318354,15.559503089426642,200.0,200.0,U
19513,-61.54765238717607,15.558238880505277,200.0,200.0,U
19514,-61.54930759987565,15.55867304158496,200.0,200.0,U
19515,-61.54643813518432,15.559406807764633,200.0,200.0,U
19516,-61.54737245950961,15.558395088507831,200.0,200.0,U
19517,-61.55273655223248,15.557934431590626,200.0,200.0,U
19518,-61.55011375903833,15.560395415155583,200.0,200.0,U
19519,-61.54942090745171,15.5593200601695,200.0,200.0,U
19520,-61.547626449301994,15.55873987534953,200.0,200.0,U
19521,-61.54870908927504,15.558863126995421,200.0,200.0,U
19522,-61.54710797137299,15.559505369894927,200.0,200.0,U
19523,-61.54914704896702,15.559389804643851,200.0,200.0,U
19524,-61.54904733816952,15.558985875162946,200.0,200.0,U
19525,-61.54918425035548,15.558531590849663,200.0,200.0,U
19526,-61.54695867567752,15.557694059457903,200.0,200.0,U
19527,-61.5490474309309,15.559896038214404,200.0,200.0,U
19528,-61.548420477075176,15.558233237628054,200.0,200.0,U
19529,-61.547188343440936,15.55891506145779,200.0,200.0,U
19530,-61.548512342866914,15.559125179267989,200.0,200.0,U
19531,-61.54772251729544,15.558933303796431,200.0,200.0,U
19532,-61.5504091711469,15.560598896938655,200.0,200.0,U
19533,-61.548694332568,15.55862800927377,200.0,200.0,U
19534,-61.548794007142384,15.561846447835313,200.0,200.0,U
19535,-61.549295683715776,15.558840722674816,200.0,200.0,U
19536,-61.54528060324881,15.559400576034221,200.0,200.0,U
19537,-61.548687065425085,15.558931450053954,200.0,200.0,U
19538,-61.54777683192825,15.557386657283777,200.0,200.0,U
19539,-61.54844523245543,15.559136676910597,200.0,200.0,U
19540,-61.548400900097405,15.559298873837339,200.0,200.0,U
19541,-61.54838569820078,15.558150326814852,200.0,200.0,U
19542,-61.548637109077255,15.55952123943625,200.0,200.0,U
19543,-61.546752160301565,15.560284580017713,200.0,200.0,U
19544,-61.552132415754635,15.560609977624088,200.0,200.0,U
19545,-61.54764134286147,15.558175025783159,200.0,200.0,U
19546,-61.546706108932526,15.559073360434814,200.0,200.0,U
19547,-61.54829900294771,15.558572966670225,200.0,200.0,U
19548,-61.54893027786542,15.55818903362323,200.0,200.0,U
19549,-61.54852789854744,15.558704597288575,200.0,200.0,U
19550,-61.55063451152429,15.559491099714862,200.0,200.0,U
19551,-61.55032326656682,15.559485808449086,200.0,200.0,U
19552,-61.549136070267075,15.560436184649209,200.0,200.0,U
19553,-61.55063906238575,15.558408136179143,200.0,200.0,U
19554,-61.552505285521505,15.55934625467461,200.0,200.0,U
19555,-61.54617448906878,15.559120996035894,200.0,200.0,U
19556,-61.54812152094473,15.560397791516284,200.0,200.0,U
19557,-61.54916223396201,15.558660178124516,200.0,200.0,U
19558,-61.548505623589186,15.560201682369533,200.0,200.0,U
19559,-61.54853469657856,15.5591794610364,200.0,200.0,U
19560,-61.54873305370765,15.558824462143315,200.0,200.0,U
19561,-61.54797944351179,15.560231796622213,200.0,200.0,U
19562,-61.546327379064145,15.560167250943476,200.0,200.0,U
19563,-61.55044973933038,15.56069423607322,200.0,200.0,U
19564,-61.548492736200835,15.558662227641053,200.0,200.0,U
19565,-61.547676727105475,15.559235498543552,200.0,200.0,U
19566,-61.54927021315798,15.558857994445082,200.0,200.0,U
19567,-61.548345232863554,15.556395511162487,200.0,200.0,U
19568,-61.549593108179856,15.555871012685689,200.0,200.0,U
19569,-61.5502120535218,15.561175105585235,200.0,200.0,U
19570,-61.54809635006097,15.556502940776152,200.0,200.0,U
19571,-61.54877999913032,15.558809340507942,200.0,200.0,U
19572,-61.54854142339811,15.559940495257099,200.0,200.0,U
19573,-61.54704985781691,15.560214394191648,200.0,200.0,U
19574,-61.55013128395644,15.55807593345681,200.0,200.0,U
19575,-61.55059756456639,15.558363941704561,200.0,200.0,U
19576,-61.54494139896226,15.55989237962728,200.0,200.0,U
19577,-61.54825133310136,15.55836681762344,200.0,200.0,U
19578,-61.54818889155614,15.555880225614834,200.0,200.0,U
19579,-61.547655440337074,15.55907016773254,200.0,200.0,U
19580,-61.54885689018619,15.559113268444012,200.0,200.0,U
19581,-61.547564566971644,15.558502819840186,200.0,200.0,U
19582,-61.5489491678853,15.55850751319459,200.0,200.0,U
19583,-61.54903829396362,15.558705570002072,200.0,200.0,U
19584,-61.54862511685179,15.559433147321794,200.0,200.0,U
19585,-61.54857849662087,15.558242552828212,200.0,200.0,U
19586,-61.54876014561924,15.558783780977418,200.0,200.0,U
19587,-61.549904946385844,15.558315324837698,200.0,200.0,U
19588,-61.547230885520904,15.559707479854447,200.0,200.0,U
19589,-61.54890901610899,15.559009441418462,200.0,200.0,U
19590,-61.547836033584794,15.558333634681297,200.0,200.0,U
19591,-61.55080856902118,15.559078727169945,200.0,200.0,U
19592,-61.55388710244672,15.559620623684987,200.0,200.0,U
19593,-61.5486365128977,15.55608258488277,200.0,200.0,U
19594,-61.54899059887469,15.55862466986026,200.0,200.0,U
19595,-61.549074183365164,15.55925790480639,200.0,200.0,U
19596,-61.54781059932954,15.559494513425046,200.0,200.0,U
19597,-61.54920382186749,15.558117385165234,200.0,200.0,U
19598,-61.54789997272938,15.561248891296174,200.0,200.0,U
19599,-61.5482023524859,15.557612147105571,200.0,200.0,U
19600,-61.5493149032411,15.559572858158761,200.0,200.0,U
19601,-61.548712618613344,15.559071142375172,200.0,200.0,U
19602,-61.5487179726972,15.560153521181563,200.0,200.0,U
19603,-61.54731060718696,15.560840989531933,200.0,200.0,U
19604,-61.54864631309818,15.558873362186636,200.0,200.0,U
19605,-61.548784226397515,15.55957852686583,200.0,200.0,U
19606,-61.54813312606641,15.55816906288112,200.0,200.0,U
19607,-61.54687172873432,15.55969333003615,200.0,200.0,U
19608,-61.55095668778347,15.559531226326737,200.0,200.0,U
19609,-61.54809273971001,15.559341564304622,200.0,200.0,U
19610,-61.5489671770784,15.559160407520974,200.0,200.0,U
19611,-61.54886550614772,15.558785856649594,200.0,200.0,U
19612,-61.55067841828922,15.559414851512855,200.0,200.0,U
19613,-61.54833659175871,15.558488738922062,200.0,200.0,U
19614,-61.548980966287814,15.558689564401034,200.0,200.0,U
19615,-61.548533683522336,15.55867230829135,200.0,200.0,U
19616,-61.54963551205633,15.559452698913665,200.0,200.0,U
19617,-61.55123262943801,15.557385097506916,200.0,200.0,U
19618,-61.548297802153286,15.556371018659526,200.0,200.0,U
19619,-61.54902809362407,15.558402833729374,200.0,200.0,U
19620,-61.548926102271984,15.558782951867883,200.0,200.0,U
19621,-61.54824639113007,15.558450248250473,200.0,200.0,U
19622,-61.54774853095164,15.556514063692141,200.0,200.0,U
19623,-61.54881307430821,15.558791058438093,200.0,200.0,U
19624,-61.547950662326706,15.558040133884784,200.0,200.0,U
19625,-61.546266322514505,15.558619796282375,200.0,200.0,U
19626,-61.54916340615409,15.559281909712631,200.0,200.0,U
19627,-61.549051320227356,15.55868501263184,200.0,200.0,U
19628,-61.548619959347334,15.55759575638067,200.0,200.0,U
19629,-61.547864474830675,15.557728499148343,200.0,200.0,U
19630,-61.54789133228306,15.558491405799767,200.0,200.0,U
19631,-61.55035195936724,15.55599248469825,200.0,200.0,U
19632,-61.54874714617001,15.558446663711292,200.0,200.0,U
19633,-61.54972443505107,15.558507117175198,200.0,200.0,U
19634,-61.54868817878658,15.557249096553297,200.0,200.0,U
19635,-61.54824503606288,15.559224291822714,200.0,200.0,U
19636,-61.54825050236561,15.558612889049385,200.0,200.0,U
19637,-61.54825355387535,15.55841742462928,200.0,200.0,U
19638,-61.548740361676856,15.55839187816884,200.0,200.0,U
19639,-61.547249241787775,15.558416978234863,200.0,200.0,U
19640,-61.5496566654962,15.559438551116216,200.0,200.0,U
19641,-61.547842408006744,15.559558631800302,200.0,200.0,U
19642,-61.54940835705614,15.559136650232306,200.0,200.0,U
19643,-61.54888905681959,15.558602888709656,200.0,200.0,U
19644,-61.551439822896036,15.559561666844779,200.0,200.0,U
19645,-61.550868300470675,15.557372748946529,200.0,200.0,U
19646,-61.5473202817874,15.556775597297456,200.0,200.0,U
19647,-61.548714946839,15.558045679250407,200.0,200.0,U
19648,-61.5488622926165,15.559717707099997,200.0,200.0,U
19649,-61.54886571412348,15.558170732549204,200.0,200.0,U
19650,-61.55218953250076,15.559539928442776,200.0,200.0,U
19651,-61.55089998412171,15.558049728842859,200.0,200.0,U
19652,-61.54907787918174,15.559037961855152,200.0,200.0,U
19653,-61.54847232684158,15.556071185372355,200.0,200.0,U
19654,-61.54835933465082,15.55716695458818,200.0,200.0,U
19655,-61.54882652759495,15.559151794469686,200.0,200.0,U
19656,-61.54959765915977,15.55940213911183,200.0,200.0,U
19657,-61.54890586319575,15.557259373669977,200.0,200.0,U
19658,-61.548548432835496,15.560988893262673,200.0,200.0,U
19659,-61.54845870504014,15.55775477647872,200.0,200.0,U
19660,-61.5463717398395,15.5587483436231,200.0,200.0,U
19661,-61.54795368222516,15.558029016897853,200.0,200.0,U
19662,-61.54809394631571,15.563071594343493,200.0,200.0,U
19663,-61.547578643227865,15.558819068984594,200.0,200.0,U
19664,-61.549782638856755,15.559743441657425,200.0,200.0,U
19665,-61.55013822228264,15.557129141512249,200.0,200.0,U
19666,-61.549776762248655,15.558585355490367,200.0,200.0,U
19667,-61.54901249925979,15.558511022205725,200.0,200.0,U
19668,-61.54860894699965,15.56020774195107,200.0,200.0,U
19669,-61.54773478503454,15.558378741659117,200.0,200.0,U
19670,-61.54867918247957,15.557740677713353,200.0,200.0,U
19671,-61.548418504796416,15.558336503145469,200.0,200.0,U
19672,-61.54795132420811,15.55806287718509,200.0,200.0,U
19673,-61.55005240906552,15.557206536743408,200.0,200.0,U
19674,-61.54963755393851,15.559780729770248,200.0,200.0,U
19675,-61.54865519454648,15.557644268001177,200.0,200.0,U
19676,-61.546922358188404,15.557228342342487,200.0,200.0,U
19677,-61.547373967678055,15.557404907160848,200.0,200.0,U
19678,-61.54916117505391,15.559125129007594,200.0,200.0,U
19679,-61.55080830700287,15.560253123549321,200.0,200.0,U
19680,-61.550256591970914,15.557462004029453,200.0,200.0,U
19681,-61.54694836648483,15.558154698355809,200.0,200.0,U
19682,-61.5508866677562,15.558357857881282,200.0,200.0,U
19683,-61.548862253528014,15.558636375773494,200.0,200.0,U
19684,-61.5491342966044,15.55763971219785,200.0,200.0,U
19685,-61.54926653532628,15.55909318259414,200.0,200.0,U
19686,-61.54825313661641,15.559236719560078,200.0,200.0,U
19687,-61.548365682759986,15.56211455488775,200.0,200.0,U
19688,-61.5494072688696,15.558325474243322,200.0,200.0,U
19689,-61.5489659812361,15.558738581008411,200.0,200.0,U
19690,-61.54748590639593,15.555004352377729,200.0,200.0,U
19691,-61.551026030180985,15.561139454750212,200.0,200.0,U
19692,-61.54942306554104,15.558162419857823,200.0,200.0,U
19693,-61.5482749710396,15.559857380245774,200.0,200.0,U
19694,-61.548384682109536,15.558896918607369,200.0,200.0,U
19695,-61.55005909226638,15.557985998233752,200.0,200.0,U
19696,-61.54833058514315,15.558816225607904,200.0,200.0,U
19697,-61.548641065096376,15.558528662745804,200.0,200.0,U
19698,-61.55426421348886,15.554871827828501,200.0,200.0,U
19699,-61.54808994057199,15.557822231947853,200.0,200.0,U
19700,-61.548825398047015,15.558556640845056,200.0,200.0,U
19701,-61.548793381712024,15.558680853447948,200.0,200.0,U
19702,-61.547937118652776,15.559412027205086,200.0,200.0,U
19703,-61.54983226256774,15.559892373357345,200.0,200.0,U
19704,-61.54651913785185,15.559817511665695,200.0,200.0,U
19705,-61.55174087511399,15.559927267095167,200.0,200.0,U
19706,-61.54914529468951,15.558573759447029,200.0,200.0,U
19707,-61.54849072908304,15.556862306527975,200.0,200.0,U
19708,-61.54960904664753,15.559281687722793,200.0,200.0,U
19709,-61.54983991987161,15.558528536714915,200.0,200.0,U
19710,-61.5498724029789,15.558854153789705,200.0,200.0,U
19711,-61.54870483516731,15.556645165650224,200.0,200.0,U
19712,-61.54525733870629,15.558614473704775,200.0,200.0,U
19713,-61.548102642776485,15.560886164099832,200.0,200.0,U
19714,-61.54745042195998,15.55748591169623,200.0,200.0,U
19715,-61.549549518361154,15.558828444813054,200.0,200.0,U
19716,-61.54886959144722,15.558930707571472,200.0,200.0,U
19717,-61.55018637947101,15.556975406736145,200.0,200.0,U
19718,-61.548940982730926,15.558889610424616,200.0,200.0,U
19719,-61.552840623799916,15.55493123752117,200.0,200.0,U
19720,-61.547434083100725,15.561273660442177,200.0,200.0,U
19721,-61.54866818047988,15.558624936219747,200.0,200.0,U
19722,-61.548164073271096,15.558102164634581,200.0,200.0,U
19723,-61.547229739196645,15.559773704331988,200.0,200.0,U
19724,-61.54907092606845,15.558723452769883,200.0,200.0,U
19725,-61.54913390853878,15.5597684032767,200.0,200.0,U
19726,-61.54846384156252,15.557240419884225,200.0,200.0,U
19727,-61.545404813357116,15.558506416238302,200.0,200.0,U
19728,-61.548336255786886,15.558532383449087,200.0,200.0,U
19729,-61.545281069645476,15.55871836357737,200.0,200.0,U
19730,-61.548903473609876,15.558861220225689,200.0,200.0,U
19731,-61.54893870204371,15.558661144552575,200.0,200.0,U
19732,-61.54948914180039,15.558400718382991,200.0,200.0,U
19733,-61.551441436955436,15.56095616364389,200.0,200.0,U
19734,-61.54933350582739,15.558462544308624,200.0,200.0,U
19735,-61.54987101273359,15.55786443870977,200.0,200.0,U
19736,-61.54834050799022,15.56035170912056,200.0,200.0,U
19737,-61.54746524312558,15.559320256066467,200.0,200.0,U
19738,-61.549260503793555,15.55747683481232,200.0,200.0,U
19739,-61.54907782437345,15.558785201105092,200.0,200.0,U
19740,-61.54885807078645,15.559426981638287,200.0,200.0,U
19741,-61.547664158932285,15.557786887248293,200.0,200.0,U
19742,-61.54834874101882,15.55693385122133,200.0,200.0,U
19743,-61.547658414134034,15.555806702784523,200.0,200.0,U
19744,-61.54924289506246,15.559107672346437,200.0,200.0,U
19745,-61.55064051714428,15.558966015501642,200.0,200.0,U
19746,-61.54933457670562,15.555908502188247,200.0,200.0,U
19747,-61.54797001580567,15.5574082369148,200.0,200.0,U
19748,-61.548280563749685,15.558541477217489,200.0,200.0,U
19749,-61.55109649172762,15.557029960027945,200.0,200.0,U
19750,-61.55024210769071,15.558229206873937,200.0,200.0,U
19751,-61.55038721985631,15.561142331247186,200.0,200.0,U
19752,-61.55277512374183,15.557041173791468,200.0,200.0,U
19753,-61.54956337654822,15.558679377991808,200.0,200.0,U
19754,-61.54926547444286,15.558660408707105,200.0,200.0,U
19755,-61.55352549506447,15.558271943309435,200.0,200.0,U
19756,-61.54931754856847,15.559636854296775,200.0,200.0,U
19757,-61.54677665219192,15.55838871437252,200.0,200.0,U
19758,-61.54803180443873,15.557962357634848,200.0,200.0,U
19759,-61.548424414436354,15.555377762314425,200.0,200.0,U
19760,-61.5505791112289,15.557459319513134,200.0,200.0,U
19761,-61.54796337029204,15.559380370755628,200.0,200.0,U
19762,-61.54976972542408,15.559849105072846,200.0,200.0,U
19763,-61.550912213214936,15.559266249129124,200.0,200.0,U
19764,-61.548899685651826,15.55888117837904,200.0,200.0,U
19765,-61.54923488768406,15.558564553243777,200.0,200.0,U
19766,-61.54738813624544,15.559028467907249,200.0,200.0,U
19767,-61.54911422749423,15.558660192987956,200.0,200.0,U
19768,-61.54810886981977,15.55832761363598,200.0,200.0,U
19769,-61.54739632161243,15.559865667062539,200.0,200.0,U
19770,-61.54755762672248,15.558408485364032,200.0,200.0,U
19771,-61.55144549705996,15.55807871723815,200.0,200.0,U
19772,-61.549129020496046,15.558392446166753,200.0,200.0,U
19773,-61.54863889842622,15.558750279666684,200.0,200.0,U
19774,-61.550830553229346,15.557233600064809,200.0,200.0,U
19775,-61.54938454258837,15.557493950979655,200.0,200.0,U
19776,-61.54903834768543,15.55818695824097,200.0,200.0,U
19777,-61.54912509779169,15.55868282304182,200.0,200.0,U
19778,-61.55001693446911,15.558728786131974,200.0,200.0,U
19779,-61.54779695194932,15.558951894864302,200.0,200.0,U
19780,-61.548087424813666,15.559013791977062,200.0,200.0,U
19781,-61.5486305535989,15.560128421448564,200.0,200.0,U
19782,-61.550355504031465,15.558645361617907,200.0,200.0,U
19783,-61.54897087382481,15.556731681007514,200.0,200.0,U
19784,-61.55043526686324,15.557958461728814,200.0,200.0,U
19785,-61.548707499690515,15.555141763604038,200.0,200.0,U
19786,-61.54910012745573,15.558650209453814,200.0,200.0,U
19787,-61.54872754105184,15.558654796137882,200.0,200.0,U
19788,-61.54898713237343,15.559737291296978,200.0,200.0,U
19789,-61.549037472562,15.559216833048382,200.0,200.0,U
19790,-61.54885397003668,15.559467732835332,200.0,200.0,U
19791,-61.54954398437833,15.56043749593038,200.0,200.0,U
19792,-61.547165264656385,15.559121850662486,200.0,200.0,U
19793,-61.5486732466322,15.55678503557284,200.0,200.0,U
19794,-61.549874586995145,15.560835007392328,200.0,200.0,U
19795,-61.54981131520478,15.558274053620883,200.0,200.0,U
19796,-61.5493526466312,15.558115277173245,200.0,200.0,U
19797,-61.54860261514634,15.559066084928242,200.0,200.0,U
19798,-61.54733756719288,15.560291110474346,200.0,200.0,U
19799,-61.549527188483815,15.556760342579564,200.0,200.0,U
19800,-61.54916064134728,15.558748221594051,200.0,200.0,U
19801,-61.548828506605105,15.558784175153184,200.0,200.0,U
19802,-61.549300938400414,15.558720473986206,200.0,200.0,U
19803,-61.54555376071626,15.557353337051373,200.0,200.0,U
19804,-61.549251157397734,15.558660136243057,200.0,200.0,U
19805,-61.54841564541278,15.556163792076136,200.0,200.0,U
19806,-61.54839682517474,15.562375889754327,200.0,200.0,U
19807,-61.551471909821025,15.559978630578541,200.0,200.0,U
19808,-61.54957586130022,15.558531950790238,200.0,200.0,U
19809,-61.550700281413405,15.560310278925833,200.0,200.0,U
19810,-61.54822548813468,15.558008860981872,200.0,200.0,U
19811,-61.54931598518215,15.559120878950713,200.0,200.0,U
19812,-61.5493947289239,15.55921971978935,200.0,200.0,U
19813,-61.5490913465589,15.558643453225622,200.0,200.0,U
19814,-61.54953773073523,15.558289398963987,200.0,200.0,U
19815,-61.54896486312507,15.558575129366568,200.0,200.0,U
19816,-61.550321725697195,15.558470595148842,200.0,200.0,U
19817,-61.54908958550098,15.55715732529267,200.0,200.0,U
19818,-61.550637840567965,15.559473954633669,200.0,200.0,U
19819,-61.548896001738605,15.558527469698102,200.0,200.0,U
19820,-61.54927068231735,15.55823624576517,200.0,200.0,U
19821,-61.54927552624802,15.558685630213516,200.0,200.0,U
19822,-61.548109315762794,15.559248674383314,200.0,200.0,U
19823,-61.54809401491829,15.557153679632748,200.0,200.0,U
19824,-61.54829084956895,15.558791734740302,200.0,200.0,U
19825,-61.54870876966395,15.556903164802412,200.0,200.0,U
19826,-61.548615583414154,15.561995140952613,200.0,200.0,U
19827,-61.54857944281206,15.561295294593195,200.0,200.0,U
19828,-61.54849868733774,15.558808102550987,200.0,200.0,U
19829,-61.54865435460686,15.558421265420261,200.0,200.0,U
19830,-61.54874692828105,15.55797453505877,200.0,200.0,U
19831,-61.54842758034563,15.560269905521647,200.0,200.0,U
19832,-61.54923594455964,15.558666378968036,200.0,200.0,U
19833,-61.5507181987486,15.558002971896299,200.0,200.0,U
19834,-61.54584886443036,15.560493442873295,200.0,200.0,U
19835,-61.54522487386303,15.559805785925104,200.0,200.0,U
19836,-61.54695284880533,15.55974181615276,200.0,200.0,U
19837,-61.54867825913567,15.555464746809507,200.0,200.0,U
19838,-61.546560619040626,15.55972092356533,200.0,200.0,U
19839,-61.54931867403296,15.55826624014815,200.0,200.0,U
19840,-61.54826998827689,15.55895296153345,200.0,200.0,U
19841,-61.55106304781418,15.558948881858106,200.0,200.0,U
19842,-61.55121168766245,15.558517562880544,200.0,200.0,U
19843,-61.551087462475266,15.556334797633346,200.0,200.0,U
19844,-61.5477184385522,15.56022864677709,200.0,200.0,U
19845,-61.54940476698411,15.55820535837664,200.0,200.0,U
19846,-61.5481662470513,15.55784311652359,200.0,200.0,U
19847,-61.54896277841025,15.559761982827917,200.0,200.0,U
19848,-61.549596836829046,15.558543611763582,200.0,200.0,U
19849,-61.549860107557485,15.559089799665097,200.0,200.0,U
19850,-61.54773770631946,15.559851222845515,200.0,200.0,U
19851,-61.55152721328797,15.557878353508128,200.0,200.0,U
19852,-61.54869874825192,15.559497384705402,200.0,200.0,U
19853,-61.54829097587601,15.558954462094082,200.0,200.0,U
19854,-61.54922374694907,15.558663381079661,200.0,200.0,U
19855,-61.54837976087206,15.557230686480965,200.0,200.0,U
19856,-61.549306182282805,15.558657323131678,200.0,200.0,U
19857,-61.5510009760153,15.558559351267215,200.0,200.0,U
19858,-61.548977573895236,15.559264417987993,200.0,200.0,U
19859,-61.54731939447167,15.556141400493303,200.0,200.0,U
19860,-61.548961255856376,15.558864365084588,200.0,200.0,U
19861,-61.54866474862808,15.559953837140828,200.0,200.0,U
19862,-61.54930449532915,15.557861218607213,200.0,200.0,U
19863,-61.54917771239126,15.558629616446252,200.0,200.0,U
19864,-61.54912618541531,15.558586718499678,200.0,200.0,U
19865,-61.54759368407502,15.559516803147323,200.0,200.0,U
19866,-61.54772113171758,15.559588250349911,200.0,200.0,U
19867,-61.55019489063703,15.557880489048529,200.0,200.0,U
19868,-61.55076286678909,15.556734211757258,200.0,200.0,U
19869,-61.54977173776623,15.557949865806652,200.0,200.0,U
19870,-61.548680885632784,15.556085128665197,200.0,200.0,U
19871,-61.55237133447433,15.557928468701219,200.0,200.0,U
19872,-61.55081156611516,15.55962070164301,200.0,200.0,U
19873,-61.54917825066275,15.562744642751369,200.0,200.0,U
19874,-61.54903695289741,15.557684761908513,200.0,200.0,U
19875,-61.54929333421156,15.55860133477021,200.0,200.0,U
19876,-61.54992594603987,15.557845719363378,200.0,200.0,U
19877,-61.551515812967324,15.559783144078239,200.0,200.0,U
19878,-61.55060991251354,15.560678444964351,200.0,200.0,U
19879,-61.547304754499905,15.559141593514944,200.0,200.0,U
19880,-61.54818818883125,15.560073555736256,200.0,200.0,U
19881,-61.5500055376603,15.559749516422368,200.0,200.0,U
19882,-61.54948338777799,15.559948829220636,200.0,200.0,U
19883,-61.54932974420192,15.55882148747928,200.0,200.0,U
19884,-61.549365681047824,15.5587964118364,200.0,200.0,U
19885,-61.54889073995268,15.558408139264936,200.0,200.0,U
19886,-61.5514055747189,15.558620060584158,200.0,200.0,U
19887,-61.54944415117169,15.557781297621053,200.0,200.0,U
19888,-61.54902925662551,15.557591836252925,200.0,200.0,U
19889,-61.55107405810652,15.559355486216022,200.0,200.0,U
19890,-61.54896510691791,15.558604579842026,200.0,200.0,U
19891,-61.548575500971246,15.558389754918737,200.0,200.0,U
19892,-61.548691437396485,15.560168311972745,200.0,200.0,U
19893,-61.54932912842291,15.560220166070968,200.0,200.0,U
19894,-61.55211903930028,15.561321208211039,200.0,200.0,U
19895,-61.54963239291446,15.558187369150614,200.0,200.0,U
19896,-61.54700759253591,15.559512105009127,200.0,200.0,U
19897,-61.5494057809029,15.561488250330012,200.0,200.0,U
19898,-61.54933879348918,15.558120406080796,200.0,200.0,U
19899,-61.547316791659725,15.558414599913167,200.0,200.0,U
19900,-61.549208885557185,15.558635218584653,200.0,200.0,U
19901,-61.54692360096949,15.559038338850586,200.0,200.0,U
19902,-61.549280590377286,15.558352268605043,200.0,200.0,U
19903,-61.54935260672182,15.558606535450117,200.0,200.0,U
19904,-61.54931050816072,15.558564140718497,200.0,200.0,U
19905,-61.54734413229169,15.557897155900779,200.0,200.0,U
19906,-61.54650621651343,15.558671296106146,200.0,200.0,U
19907,-61.5508692977176,15.560145667119738,200.0,200.0,U
19908,-61.54938137954081,15.558884122698718,200.0,200.0,U
19909,-61.54971867232335,15.558816085443208,200.0,200.0,U
19910,-61.54612823915968,15.562837760099093,200.0,200.0,U
19911,-61.549325078824296,15.558555914017036,200.0,200.0,U
19912,-61.54533803730143,15.558377151502265,200.0,200.0,U
19913,-61.54818280887951,15.557208081692384,200.0,200.0,U
19914,-61.55153121903082,15.558162201536375,200.0,200.0,U
19915,-61.54767145873021,15.559688635528119,200.0,200.0,U
19916,-61.54862111251319,15.55796711208881,200.0,200.0,U
19917,-61.549480858391995,15.557989225544759,200.0,200.0,U
19918,-61.55131747948727,15.555522689803784,200.0,200.0,U
19919,-61.54875680018025,15.560761408729764,200.0,200.0,U
19920,-61.54968979876769,15.558443298933067,200.0,200.0,U
19921,-61.55037946524745,15.558152345120481,200.0,200.0,U
19922,-61.548143480773746,15.557667477012204,200.0,200.0,U
19923,-61.548642426866365,15.558335374128596,200.0,200.0,U
19924,-61.54972294844502,15.557972930303732,200.0,200.0,U
19925,-61.548918865802875,15.560847895208662,200.0,200.0,U
19926,-61.551217677121365,15.557692273386198,200.0,200.0,U
19927,-61.55183702254088,15.557588627789292,200.0,200.0,U
19928,-61.54835547145504,15.558967029320652,200.0,200.0,U
19929,-61.54916613826945,15.557988259185867,200.0,200.0,U
19930,-61.548797238664356,15.558395975154708,200.0,200.0,U
19931,-61.55088256942205,15.558504512996814,200.0,200.0,U
19932,-61.55001586441597,15.558071317805052,200.0,200.0,U
19933,-61.5477685276843,15.559312466239732,200.0,200.0,U
19934,-61.55183677390744,15.561804114513627,200.0,200.0,U
19935,-61.54901684963647,15.557914958356388,200.0,200.0,U
19936,-61.547636777909176,15.558561145118716,200.0,200.0,U
19937,-61.54946966033693,15.55877438063019,200.0,200.0,U
19938,-61.548621416641566,15.559699027233098,200.0,200.0,U
19939,-61.54626915883757,15.558804241499068,200.0,200.0,U
19940,-61.55084205050342,15.558012991442334,200.0,200.0,U
19941,-61.549076851170625,15.558462139529606,200.0,200.0,U
19942,-61.54955340760819,15.560020472343421,200.0,200.0,U
19943,-61.54872536567123,15.557743399421922,200.0,200.0,U
19944,-61.548377065488744,15.557272837392109,200.0,200.0,U
19945,-61.549547693027854,15.556764739265983,200.0,200.0,U
19946,-61.551589556606885,15.557986786846834,200.0,200.0,U
19947,-61.547012523810736,15.560036339273656,200.0,200.0,U
19948,-61.55131764916667,15.559813210028727,200.0,200.0,U
20649,-61.55105211651419,15.558427000219812,200.0,200.0,U
20650,-61.54807127177174,15.55526044385362,200.0,200.0,U
20651,-61.549693290200594,15.557995377336123,200.0,200.0,U
20652,-61.55144515988028,15.55892970228482,200.0,200.0,U
20653,-61.55050542705182,15.558009041318275,200.0,200.0,U
20654,-61.550339428960996,15.558631421323383,200.0,200.0,U
20655,-61.55332831982185,15.559082001727685,200.0,200.0,U
20656,-61.55131721238956,15.557906142568253,200.0,200.0,U
20657,-61.55070813272225,15.558021729389441,200.0,200.0,U
20658,-61.55115068563615,15.558098930812418,200.0,200.0,U
20659,-61.55063880520911,15.558889731435759,200.0,200.0,U
20660,-61.55020622474558,15.557600440946624,200.0,200.0,U
20661,-61.55167859859606,15.558305379129514,200.0,200.0,U
20662,-61.55014855653489,15.558044559203546,200.0,200.0,U
20663,-61.550122710606125,15.555944946368204,200.0,200.0,U
20664,-61.55212618569804,15.556569258952758,200.0,200.0,U
20665,-61.551321762364154,15.555714224322388,200.0,200.0,U
20666,-61.54789126336303,15.55892974982521,200.0,200.0,U
20667,-61.55010495993634,15.560614517771103,200.0,200.0,U
20668,-61.55199060000644,15.556993950253588,200.0,200.0,U
20669,-61.5499192125113,15.55723968433484,200.0,200.0,U
20670,-61.55085877752896,15.558441574059337,200.0,200.0,U
20671,-61.55065281239429,15.558104514260046,200.0,200.0,U
20672,-61.55082253745157,15.558265873029713,200.0,200.0,U
20673,-61.5501449586993,15.558612306223118,200.0,200.0,U
20674,-61.5501809190464,15.558389340047082,200.0,200.0,U
20675,-61.551606900913846,15.557202424746622,200.0,200.0,U
20676,-61.5505112723712,15.558087875871381,200.0,200.0,U
20677,-61.55308183483979,15.557844841281508,200.0,200.0,U
20678,-61.55277873309643,15.559424255576443,200.0,200.0,U
20679,-61.550876052069064,15.55875614747069,200.0,200.0,U
20680,-61.553343001325125,15.559558276402296,200.0,200.0,U
20681,-61.55061357739249,15.55961248890306,200.0,200.0,U
20682,-61.54873610402878,15.558939413186835,200.0,200.0,U
20683,-61.55150640499374,15.556645454645722,200.0,200.0,U
20684,-61.54622212067961,15.559924383254623,200.0,200.0,U
20685,-61.55246429561535,15.559534665566687,200.0,200.0,U
20686,-61.54925161438486,15.55914513107561,200.0,200.0,U
20687,-61.551640923751336,15.558646914590277,200.0,200.0,U
20688,-61.55214627417597,15.560171142054974,200.0,200.0,U
20689,-61.55087968185971,15.556165983288155,200.0,200.0,U
20690,-61.548587914292085,15.559304307011296,200.0,200.0,U
20691,-61.55112997071933,15.558469562218848,200.0,200.0,U
20692,-61.54849233869899,15.558551360445154,200.0,200.0,U
20693,-61.55063833510238,15.55795696064264,200.0,200.0,U
20694,-61.54988915243187,15.558436862224603,200.0,200.0,U
20695,-61.55395527027698,15.559302678476742,200.0,200.0,U
20696,-61.5475770800331,15.5568186696549,200.0,200.0,U
20697,-61.55032415194222,15.557937118988221,200.0,200.0,U
20698,-61.551656326331965,15.558494325660599,200.0,200.0,U
20699,-61.55060506153594,15.557800143967267,200.0,200.0,U
20700,-61.54836837437511,15.557260561136669,200.0,200.0,U
20701,-61.55152556209712,15.558522255182273,200.0,200.0,U
20702,-61.55063706110889,15.557911356242517,200.0,200.0,U
20703,-61.55365581044755,15.560330780300056,200.0,200.0,U
20704,-61.5481935575573,15.560570907463408,200.0,200.0,U
20705,-61.549628686178934,15.558563540507356,200.0,200.0,U
20706,-61.54995318405296,15.558136158047763,200.0,200.0,U
20707,-61.54938357046369,15.557229781256554,200.0,200.0,U
20708,-61.55068361024531,15.557746433367033,200.0,200.0,U
20709,-61.55001817764689,15.557452539529214,200.0,200.0,U
20710,-61.54867550683916,15.557501028141331,200.0,200.0,U
20711,-61.55230876000858,15.558376362842086,200.0,200.0,U
20712,-61.55039197926853,15.557855037552333,200.0,200.0,U
20713,-61.55098827092267,15.55854391589597,200.0,200.0,U
20714,-61.55095941058631,15.557603312282179,200.0,200.0,U
20715,-61.550350350921875,15.556920473196477,200.0,200.0,U
20716,-61.54955173313376,15.553010712675178,200.0,200.0,U
20717,-61.55204636412315,15.558823099679056,200.0,200.0,U
20718,-61.55107491092642,15.557510832395472,200.0,200.0,U
20719,-61.551310581510144,15.55994235512262,200.0,200.0,U
20720,-61.55104182775963,15.557657752396766,200.0,200.0,U
20721,-61.551119218980666,15.556873362665344,200.0,200.0,U
20722,-61.54796718914531,15.556393337168098,200.0,200.0,U
20723,-61.55018057677851,15.562051319459309,200.0,200.0,U
20724,-61.55091413569296,15.558046981495863,200.0,200.0,U
20725,-61.55188935580755,15.557287735317026,200.0,200.0,U
20726,-61.55102353327999,15.558529155453035,200.0,200.0,U
20727,-61.55064248891419,15.559304402425866,200.0,200.0,U
20728,-61.55068076133719,15.557403596689548,200.0,200.0,U
20729,-61.55103450000908,15.55860576611402,200.0,200.0,U
20730,-61.550857925019976,15.559516659465327,200.0,200.0,U
20731,-61.55220196657976,15.557278563217924,200.0,200.0,U
20732,-61.549614062893184,15.559098753936116,200.0,200.0,U
20733,-61.551516916748184,15.560255419614663,200.0,200.0,U
20734,-61.550057297375844,15.55944750080268,200.0,200.0,U
20735,-61.549571004629804,15.557860344333788,200.0,200.0,U
20736,-61.55100767540009,15.55772125710019,200.0,200.0,U
20737,-61.55141227847586,15.5580800887627,200.0,200.0,U
20738,-61.548339035065844,15.557895048224673,200.0,200.0,U
20739,-61.54864269269738,15.558224825560131,200.0,200.0,U
20740,-61.55132607283601,15.558203337993254,200.0,200.0,U
20741,-61.54991007615795,15.558816227824925,200.0,200.0,U
20742,-61.55041286823625,15.557660563237588,200.0,200.0,U
20743,-61.5485746109722,15.559006160709977,200.0,200.0,U
20744,-61.55280647397617,15.557560562632341,200.0,200.0,U
20745,-61.54951101627938,15.556609502890424,200.0,200.0,U
20746,-61.55267047153814,15.558712668171257,200.0,200.0,U
20747,-61.55107766339719,15.557681517493338,200.0,200.0,U
20748,-61.551061146399114,15.557861546301037,200.0,200.0,U
20749,-61.553142204068855,15.559443697918644,200.0,200.0,U
20750,-61.55100188602557,15.560543608526649,200.0,200.0,U
20751,-61.55204702734841,15.55733714358373,200.0,200.0,U
20752,-61.551450698469786,15.554787147106321,200.0,200.0,U
20753,-61.55189131610138,15.559045532393434,200.0,200.0,U
20754,-61.553434401251955,15.559367715119784,200.0,200.0,U
20755,-61.55123630891767,15.558964052572364,200.0,200.0,U
20756,-61.55063466227094,15.555598942325247,200.0,200.0,U
20757,-61.54898696377046,15.556058314788997,200.0,200.0,U
20758,-61.552578572997334,15.560517620113066,200.0,200.0,U
20759,-61.555323601543265,15.556836673768473,200.0,200.0,U
20760,-61.55114586645638,15.555989478197333,200.0,200.0,U
20761,-61.551019098518246,15.558176325902771,200.0,200.0,U
20762,-61.551398072198545,15.55843046293209,200.0,200.0,U
20763,-61.55277035660028,15.55697512795835,200.0,200.0,U
20764,-61.5507807914462,15.558383683909996,200.0,200.0,U
20765,-61.549307006019625,15.557351256253042,200.0,200.0,U
20766,-61.55057935939245,15.556704050162732,200.0,200.0,U
20767,-61.55331936226488,15.55794323919158,200.0,200.0,U
20768,-61.55096036264102,15.556598375080885,200.0,200.0,U
20769,-61.55122649530074,15.558459286793113,200.0,200.0,U
20770,-61.55138512391332,15.558797970095247,200.0,200.0,U
20771,-61.552108913329086,15.558931495814818,200.0,200.0,U
20772,-61.548192001743686,15.556882351898436,200.0,200.0,U
20773,-61.55076109219167,15.5580559927281,200.0,200.0,U
20774,-61.54644796701941,15.557937529566223,200.0,200.0,U
20775,-61.550959273379874,15.558060709599118,200.0,200.0,U
20776,-61.55139091809585,15.559819520352729,200.0,200.0,U
20777,-61.55513942370568,15.559475628764936,200.0,200.0,U
20778,-61.55212121827257,15.557798128302679,200.0,200.0,U
20779,-61.549626690119126,15.56169452315467,200.0,200.0,U
20780,-61.54958046445913,15.55643502598668,200.0,200.0,U
20781,-61.54980401247126,15.558532896105076,200.0,200.0,U
20782,-61.55147193805838,15.557875987337122,200.0,200.0,U
20783,-61.550612632659124,15.559940337740128,200.0,200.0,U
20784,-61.55052618424093,15.55818823462605,200.0,200.0,U
20785,-61.55187700250179,15.556360047363645,200.0,200.0,U
20786,-61.54894589771624,15.558278777114158,200.0,200.0,U
20787,-61.54958467812712,15.559126472423477,200.0,200.0,U
20788,-61.551428853190814,15.557270826219556,200.0,200.0,U
20789,-61.55330191792476,15.561336783885354,200.0,200.0,U
20790,-61.55308495018925,15.558106793799311,200.0,200.0,U
20791,-61.54956006655902,15.557795781672318,200.0,200.0,U
20792,-61.550083769938205,15.558657453724464,200.0,200.0,U
20793,-61.55078461616549,15.55742871074577,200.0,200.0,U
20794,-61.55047612314297,15.559134669467376,200.0,200.0,U
20795,-61.55078539741365,15.55989620943558,200.0,200.0,U
20796,-61.55033602682212,15.558041416298277,200.0,200.0,U
20797,-61.54899887398409,15.56048116202378,200.0,200.0,U
20798,-61.55070258907706,15.558482021690198,200.0,200.0,U
20799,-61.55116528418276,15.558209727163932,200.0,200.0,U
20800,-61.55074897002988,15.55809024543895,200.0,200.0,U
20801,-61.55146781917418,15.56012604907087,200.0,200.0,U
20802,-61.55125656921624,15.55529182939205,200.0,200.0,U
20803,-61.55059326257093,15.554887457303302,200.0,200.0,U
20804,-61.550836971923225,15.55891734161332,200.0,200.0,U
20805,-61.55129416762401,15.558104326609724,200.0,200.0,U
20806,-61.55009133394023,15.555128424790647,200.0,200.0,U
20807,-61.54966536173827,15.557846629479037,200.0,200.0,U
20808,-61.5513508846342,15.55828177371933,200.0,200.0,U
20809,-61.552468125749385,15.55833511574087,200.0,200.0,U
20810,-61.550867810737,15.557911348120506,200.0,200.0,U
20811,-61.551333889386335,15.557963464273891,200.0,200.0,U
20812,-61.55323005926122,15.559270411578261,200.0,200.0,U
20813,-61.55007724681746,15.559082594855747,200.0,200.0,U
20814,-61.550968292752046,15.558795355188565,200.0,200.0,U
20815,-61.55098874526779,15.557748756885806,200.0,200.0,U
20816,-61.55022475982588,15.558808568852003,200.0,200.0,U
20817,-61.548152575447645,15.558430734629676,200.0,200.0,U
20818,-61.55006347735802,15.556905592198252,200.0,200.0,U
20819,-61.550199561989466,15.5572892957977,200.0,200.0,U
20820,-61.55209237464502,15.558419341317794,200.0,200.0,U
20821,-61.55057032581205,15.557992476047723,200.0,200.0,U
20822,-61.55117717983864,15.558308850317685,200.0,200.0,U
20823,-61.547745519324,15.56071445681053,200.0,200.0,U
20824,-61.55315453024761,15.556155634384368,200.0,200.0,U
20825,-61.55149287259616,15.558152927439902,200.0,200.0,U
20826,-61.551149610243954,15.558487838861526,200.0,200.0,U
20827,-61.550578800191694,15.559385332903188,200.0,200.0,U
20828,-61.55193534901409,15.558724585883361,200.0,200.0,U
20829,-61.55106308846292,15.55768088122887,200.0,200.0,U
20830,-61.55095152386288,15.558077194666813,200.0,200.0,U
20831,-61.55100738269229,15.557763873578072,200.0,200.0,U
20832,-61.55100811590298,15.558036267696735,200.0,200.0,U
20833,-61.55117141142343,15.557615276422903,200.0,200.0,U
20834,-61.550152393454056,15.557433063265629,200.0,200.0,U
20835,-61.55200281185747,15.558838341390762,200.0,200.0,U
20836,-61.551613223441585,15.559272934348234,200.0,200.0,U
20837,-61.55089550653071,15.559128221108795,200.0,200.0,U
20838,-61.54957409502406,15.55879796635123,200.0,200.0,U
20839,-61.55070345464572,15.558018726867033,200.0,200.0,U
20840,-61.55147151222276,15.558906346742763,200.0,200.0,U
20841,-61.549082142688725,15.558702851427123,200.0,200.0,U
20842,-61.550798284519246,15.557506058274804,200.0,200.0,U
20843,-61.55016051024618,15.557837942119606,200.0,200.0,U
20844,-61.5506737795167,15.555505344531836,200.0,200.0,U
20845,-61.54968985463623,15.556481832549725,200.0,200.0,U
20846,-61.54787661744578,15.55876057711567,200.0,200.0,U
20847,-61.551181879002606,15.559135172668046,200.0,200.0,U
20848,-61.55086481945161,15.557356380881256,200.0,200.0,U
20849,-61.55123193373881,15.558285410173067,200.0,200.0,U
20850,-61.54976372507418,15.559811611932044,200.0,200.0,U
20851,-61.55053199779942,15.561947380178438,200.0,200.0,U
20852,-61.55050959128665,15.557325294342414,200.0,200.0,U
20853,-61.551000598765775,15.557991106031704,200.0,200.0,U
20854,-61.55162894510933,15.559225448459776,200.0,200.0,U
20855,-61.549068670049664,15.558402606374807,200.0,200.0,U
20856,-61.55042867327692,15.55804677070397,200.0,200.0,U
20857,-61.551548890048146,15.558354040294537,200.0,200.0,U
20858,-61.551392741929625,15.558139402209294,200.0,200.0,U
20859,-61.55000538384131,15.558280420026358,200.0,200.0,U
20860,-61.54915574141173,15.558242071231595,200.0,200.0,U
20861,-61.55099679194735,15.558508062427956,200.0,200.0,U
20862,-61.54856571989435,15.559768648496188,200.0,200.0,U
20863,-61.551470549987805,15.556846674219607,200.0,200.0,U
20864,-61.55270026891968,15.557856103173568,200.0,200.0,U
20865,-61.55032628578566,15.56150469801896,200.0,200.0,U
20866,-61.55066317559208,15.55901639226761,200.0,200.0,U
20867,-61.55485463215747,15.55664330158309,200.0,200.0,U
20868,-61.55094973767595,15.55811245833086,200.0,200.0,U
20869,-61.55154866609818,15.557786725367164,200.0,200.0,U
20870,-61.550964098129704,15.557967784332861,200.0,200.0,U
20871,-61.55072904842299,15.55845843393876,200.0,200.0,U
20872,-61.54870539578216,15.557625280177824,200.0,200.0,U
20873,-61.55011834560114,15.556841672895874,200.0,200.0,U
20874,-61.551208867603144,15.56241887832171,200.0,200.0,U
20875,-61.55078208241526,15.558350861195319,200.0,200.0,U
20876,-61.55029345236569,15.55705670273072,200.0,200.0,U
20877,-61.55010829329565,15.55668713161948,200.0,200.0,U
20878,-61.55105670352355,15.557866671311553,200.0,200.0,U
20879,-61.54807554024617,15.55680320134947,200.0,200.0,U
20880,-61.55097486965129,15.557986550372428,200.0,200.0,U
20881,-61.550851783806756,15.556962590928567,200.0,200.0,U
20882,-61.55255535803875,15.557885444144654,200.0,200.0,U
20883,-61.54969820543676,15.561839580277326,200.0,200.0,U
20884,-61.552659630212176,15.556989457518378,200.0,200.0,U
20885,-61.551448092213526,15.558510536005771,200.0,200.0,U
20886,-61.55008906055924,15.557402659997805,200.0,200.0,U
20887,-61.5510810029458,15.555587428700447,200.0,200.0,U
20888,-61.549288424395804,15.559738448912864,200.0,200.0,U
20889,-61.54888170926702,15.55855709770647,200.0,200.0,U
20890,-61.55153951406563,15.557719294214179,200.0,200.0,U
20891,-61.5509299257341,15.555694624516049,200.0,200.0,U
20892,-61.55083952614643,15.558473329030631,200.0,200.0,U
20893,-61.551011219266826,15.556572846395873,200.0,200.0,U
20894,-61.54967562784008,15.558402409763197,200.0,200.0,U
20895,-61.55058368496548,15.558837585106671,200.0,200.0,U
20896,-61.55330711320119,15.557490814153459,200.0,200.0,U
20897,-61.55032643595284,15.558099062130998,200.0,200.0,U
20898,-61.55210015161699,15.558464570125146,200.0,200.0,U
20899,-61.55100737037514,15.557806620230501,200.0,200.0,U
20900,-61.55118573998308,15.558419269695268,200.0,200.0,U
20901,-61.551823867434315,15.56161832811866,200.0,200.0,U
20902,-61.54890145373824,15.559113691485214,200.0,200.0,U
20903,-61.55148978630717,15.558943939167966,200.0,200.0,U
20904,-61.55102877684364,15.557388759795645,200.0,200.0,U
20905,-61.55098267549091,15.557324905301883,200.0,200.0,U
20906,-61.5510392271453,15.557866619049507,200.0,200.0,U
20907,-61.553635564521784,15.556716681940895,200.0,200.0,U
20908,-61.552210511010294,15.556754519810044,200.0,200.0,U
20909,-61.55191450343594,15.557958192622763,200.0,200.0,U
20910,-61.552490651125105,15.558304382105089,200.0,200.0,U
20911,-61.552841609311365,15.55309698827417,200.0,200.0,U
20912,-61.55087717652873,15.55841941344089,200.0,200.0,U
20913,-61.55219235518468,15.557909877020716,200.0,200.0,U
20914,-61.55086789589313,15.557850141126716,200.0,200.0,U
20915,-61.5500811495558,15.557223198423303,200.0,200.0,U
20916,-61.5510392174486,15.557720420912556,200.0,200.0,U
20917,-61.55118556774395,15.557864451149262,200.0,200.0,U
20918,-61.550135534649755,15.558222116055541,200.0,200.0,U
20919,-61.55284807108954,15.559496333816854,200.0,200.0,U
20920,-61.550609450786794,15.558370515291935,200.0,200.0,U
20921,-61.55358494691957,15.556803413751426,200.0,200.0,U
20922,-61.553261211546754,15.555169309359465,200.0,200.0,U
20923,-61.55068279173605,15.557305553504513,200.0,200.0,U
20924,-61.551365132872505,15.557841327054714,200.0,200.0,U
20925,-61.550605174605806,15.557708761386705,200.0,200.0,U
20926,-61.55126190355303,15.559787011232183,200.0,200.0,U
20927,-61.55143319437087,15.557896987663062,200.0,200.0,U
20928,-61.551068081385274,15.55711980638205,200.0,200.0,U
20929,-61.551074623998716,15.557824074608614,200.0,200.0,U
20930,-61.55230130657404,15.561477732112172,200.0,200.0,U
20931,-61.55141745328741,15.558003242979474,200.0,200.0,U
20932,-61.55099893658453,15.558288346239525,200.0,200.0,U
20933,-61.55083019100231,15.55809578839965,200.0,200.0,U
20934,-61.550464435403,15.558815601214064,200.0,200.0,U
20935,-61.55064266087594,15.557479282043392,200.0,200.0,U
20936,-61.55152855745735,15.556755018607195,200.0,200.0,U
20937,-61.55577082166437,15.556175012252602,200.0,200.0,U
20938,-61.55113062711564,15.55793388568192,200.0,200.0,U
20939,-61.55261267200232,15.558848149245625,200.0,200.0,U
20940,-61.54971119054996,15.55826434521576,200.0,200.0,U
20941,-61.55087029455883,15.559160361420915,200.0,200.0,U
20942,-61.551947948361466,15.556580609966481,200.0,200.0,U
20943,-61.54883968197756,15.55740216225316,200.0,200.0,U
20944,-61.55080942180355,15.557994206767017,200.0,200.0,U
20945,-61.551378984697685,15.558506876704845,200.0,200.0,U
20946,-61.55070651901626,15.561257567335584,200.0,200.0,U
20947,-61.55088261264218,15.557024764195296,200.0,200.0,U
20948,-61.55114192888861,15.557920951113282,200.0,200.0,U
20949,-61.551677131009335,15.557344114902751,200.0,200.0,U
20950,-61.551861218678106,15.556653152606954,200.0,200.0,U
20951,-61.550424663079504,15.559131930174019,200.0,200.0,U
20952,-61.55163715742507,15.558319006559929,200.0,200.0,U
20953,-61.550522206273165,15.556794629378562,200.0,200.0,U
20954,-61.551613668723085,15.558070334445016,200.0,200.0,U
20955,-61.5511966205345,15.5578504245254,200.0,200.0,U
20956,-61.551083665632014,15.557794203641553,200.0,200.0,U
20957,-61.5511136992817,15.558159980611649,200.0,200.0,U
20958,-61.552132881099034,15.556773091116025,200.0,200.0,U
20959,-61.55134192270989,15.558070792586193,200.0,200.0,U
20960,-61.54594282986165,15.559308867783374,200.0,200.0,U
20961,-61.551228202355354,15.55772920946749,200.0,200.0,U
20962,-61.55083693965608,15.557972034429477,200.0,200.0,U
20963,-61.5512752247943,15.558275843130668,200.0,200.0,U
20964,-61.550921160618394,15.557866498612833,200.0,200.0,U
20965,-61.55085325424803,15.558308914748986,200.0,200.0,U
20966,-61.548279335651365,15.556399155254448,200.0,200.0,U
20967,-61.55117591816726,15.557744082239651,200.0,200.0,U
20968,-61.55093886934826,15.556377174751232,200.0,200.0,U
20969,-61.55111423026507,15.558080406416225,200.0,200.0,U
20970,-61.55217102873881,15.557942766442606,200.0,200.0,U
20971,-61.55077888870614,15.559836046997583,200.0,200.0,U
20972,-61.550734805270565,15.558132953202444,200.0,200.0,U
20973,-61.549605333332266,15.55785044311978,200.0,200.0,U
20974,-61.55061276302836,15.558007387654742,200.0,200.0,U
20975,-61.551605284429435,15.558241547290452,200.0,200.0,U
20976,-61.55169110343669,15.557396448149479,200.0,200.0,U
20977,-61.55143786321515,15.557411569213809,200.0,200.0,U
20978,-61.55080712432881,15.558217519322826,200.0,200.0,U
20979,-61.55112256612384,15.55750074444926,200.0,200.0,U
20980,-61.55067990922658,15.556051644366487,200.0,200.0,U
20981,-61.552242227783665,15.55824741753798,200.0,200.0,U
20982,-61.550060001549944,15.55659031822898,200.0,200.0,U
20983,-61.54931369518066,15.559267788507634,200.0,200.0,U
20984,-61.55367943489393,15.55624013580646,200.0,200.0,U
20985,-61.55106627499609,15.557978015540797,200.0,200.0,U
20986,-61.5507756473174,15.559894135866996,200.0,200.0,U
20987,-61.55091653534387,15.557960123167154,200.0,200.0,U
20988,-61.55355182408396,15.55823668146493,200.0,200.0,U
20989,-61.55193882158914,15.556317045364096,200.0,200.0,U
20990,-61.5491739917957,15.560706723238457,200.0,200.0,U
20991,-61.55124456525642,15.557278291065426,200.0,200.0,U
20992,-61.550665308642074,15.557711939506458,200.0,200.0,U
20993,-61.552069650654744,15.558419349222067,200.0,200.0,U
20994,-61.54943419565497,15.55752809629475,200.0,200.0,U
20995,-61.54993954284549,15.558007087198432,200.0,200.0,U
20996,-61.55063067861187,15.558934595144736,200.0,200.0,U
20997,-61.54962718668899,15.560512452259365,200.0,200.0,U
20998,-61.547354321489266,15.558209734604828,200.0,200.0,U
20999,-61.5506024216066,15.558153540693471,200.0,200.0,U
21000,-61.54990996358159,15.55745456428314,200.0,200.0,U
21001,-61.550161156103094,15.557300940351073,200.0,200.0,U
21002,-61.55185740423493,15.557765045519206,200.0,200.0,U
21003,-61.54920594422508,15.555101769896218,200.0,200.0,U
21004,-61.55264656964791,15.5587677934613,200.0,200.0,U
21005,-61.55008349622696,15.558407966888716,200.0,200.0,U
21006,-61.5560716043659,15.557840435224168,200.0,200.0,U
21007,-61.55124404149564,15.557895140447162,200.0,200.0,U
21008,-61.55130345874977,15.55791752068142,200.0,200.0,U
21009,-61.54811757672275,15.55805961868896,200.0,200.0,U
21010,-61.5518305549948,15.557048585971263,200.0,200.0,U
21011,-61.55200562228991,15.558172536281614,200.0,200.0,U
21012,-61.55116813114899,15.557902946851716,200.0,200.0,U
21013,-61.549928031451266,15.556578690859817,200.0,200.0,U
21014,-61.5527558341316,15.561682955617808,200.0,200.0,U
21015,-61.55164490947878,15.556762065638535,200.0,200.0,U
21016,-61.55161804662853,15.555815903672856,200.0,200.0,U
21017,-61.551317334437016,15.557526645102463,200.0,200.0,U
21018,-61.55071335554091,15.558501842620526,200.0,200.0,U
21019,-61.5499250811637,15.556829903238524,200.0,200.0,U
21020,-61.55167013052487,15.557949928369112,200.0,200.0,U
21021,-61.54905289057323,15.55747174491726,200.0,200.0,U
21022,-61.549750850228364,15.556346364609444,200.0,200.0,U
21023,-61.549637562679024,15.554307079975487,200.0,200.0,U
21024,-61.552140923933855,15.557492850345628,200.0,200.0,U
21025,-61.55138178255096,15.558451637667417,200.0,200.0,U
21026,-61.5513244230605,15.557444382091479,200.0,200.0,U
21027,-61.5495903950722,15.556223797657385,200.0,200.0,U
21028,-61.54884367964682,15.554561421046074,200.0,200.0,U
21029,-61.55158848775919,15.559743125333501,200.0,200.0,U
21030,-61.552725438165496,15.557112316208238,200.0,200.0,U
21031,-61.55172883983461,15.557892246633083,200.0,200.0,U
21032,-61.55060898084484,15.557809537988636,200.0,200.0,U
21033,-61.55040253787091,15.55866101291983,200.0,200.0,U
21034,-61.55377221099654,15.555669851187167,200.0,200.0,U
21035,-61.5512193373906,15.55725611656518,200.0,200.0,U
21036,-61.55079301354026,15.557871076787062,200.0,200.0,U
21037,-61.550952277502674,15.55764083378183,200.0,200.0,U
21038,-61.55109786984074,15.557876286363545,200.0,200.0,U
21039,-61.552760465862185,15.557424396966544,200.0,200.0,U
21040,-61.551278534202986,15.557440589258656,200.0,200.0,U
21041,-61.549551442522386,15.557772857675019,200.0,200.0,U
21042,-61.55156477331707,15.557693203973738,200.0,200.0,U
21043,-61.55040714048097,15.557801282651967,200.0,200.0,U
21044,-61.551356559485406,15.557719732180084,200.0,200.0,U
21045,-61.553283681284654,15.555513519813724,200.0,200.0,U
21046,-61.54902939100248,15.557717248304,200.0,200.0,U
21047,-61.54903078517836,15.556657561394694,200.0,200.0,U
21048,-61.55121177084158,15.558043307536934,200.0,200.0,U
21049,-61.55338491147201,15.558286971392285,200.0,200.0,U
21050,-61.551214079677706,15.556222516038789,200.0,200.0,U
21051,-61.55155939727752,15.558344021803125,200.0,200.0,U
21052,-61.551588037636854,15.553856767336365,200.0,200.0,U
21053,-61.55064065386079,15.558331312787573,200.0,200.0,U
21054,-61.55207707794307,15.556510107973168,200.0,200.0,U
21055,-61.551489640981174,15.560550065238225,200.0,200.0,U
21056,-61.55200582872415,15.556655525189758,200.0,200.0,U
21057,-61.55120373938326,15.55800047342612,200.0,200.0,U
21058,-61.552112695625624,15.560321348346271,200.0,200.0,U
21059,-61.549556472671426,15.55790782836587,200.0,200.0,U
21060,-61.54849918577123,15.555461701018713,200.0,200.0,U
21061,-61.54983456941317,15.55801571139668,200.0,200.0,U
21062,-61.55124574809833,15.560367341048417,200.0,200.0,U
21063,-61.550732739268796,15.557786969274847,200.0,200.0,U
21064,-61.550451872151015,15.55895465255375,200.0,200.0,U
21065,-61.55109991787308,15.558628662707651,200.0,200.0,U
21066,-61.551684100391945,15.557790477329378,200.0,200.0,U
21067,-61.55163165227592,15.557249087326568,200.0,200.0,U
21068,-61.548952469900044,15.557672396389965,200.0,200.0,U
21069,-61.5515596989211,15.558205945110748,200.0,200.0,U
21070,-61.548250592016466,15.558305379206914,200.0,200.0,U
21071,-61.552832286343076,15.55796006905116,200.0,200.0,U
21072,-61.551918749735975,15.557616493588865,200.0,200.0,U
21073,-61.55228780670815,15.560093516184837,200.0,200.0,U
21074,-61.55142063086567,15.558952833314203,200.0,200.0,U
21075,-61.55123476751459,15.56013056835476,200.0,200.0,U
21076,-61.54950527352958,15.558198829472095,200.0,200.0,U
21077,-61.55087089644668,15.556727991094164,200.0,200.0,U
21078,-61.5501169708524,15.55686986781486,200.0,200.0,U
21079,-61.55080487684544,15.557128555984256,200.0,200.0,U
21080,-61.55094740812746,15.555348903216347,200.0,200.0,U
21081,-61.55169191772836,15.557692018183586,200.0,200.0,U
21082,-61.55144061711204,15.55733115372529,200.0,200.0,U
21083,-61.55125189113627,15.556173376092655,200.0,200.0,U
21084,-61.5511859742467,15.557428222644859,200.0,200.0,U
21085,-61.549323724620194,15.55600477371675,200.0,200.0,U
21086,-61.550021011496185,15.553481446069618,200.0,200.0,U
21087,-61.554785401176865,15.558933566557368,200.0,200.0,U
21088,-61.55068844191537,15.557671816195846,200.0,200.0,U
21089,-61.55137473880069,15.5585721087629,200.0,200.0,U
21090,-61.551497658152634,15.557814711392684,200.0,200.0,U
21091,-61.549827895543494,15.557160349622878,200.0,200.0,U
21092,-61.54973503601487,15.553447362004462,200.0,200.0,U
21093,-61.550712733953496,15.556680720286009,200.0,200.0,U
21094,-61.550753539155316,15.555927891919044,200.0,200.0,U
21095,-61.55147294165114,15.55779674937911,200.0,200.0,U
21096,-61.551423274753944,15.555125016072523,200.0,200.0,U
21097,-61.5509321319041,15.557710676481477,200.0,200.0,U
21098,-61.55184657670958,15.557316869125847,200.0,200.0,U
21099,-61.55095379408493,15.556208600335816,200.0,200.0,U
21100,-61.55193691436548,15.55776081517274,200.0,200.0,U
21101,-61.551359744920816,15.557729698924586,200.0,200.0,U
21102,-61.550684512139725,15.55794544537646,200.0,200.0,U
21103,-61.551664500412315,15.55725373937862,200.0,200.0,U
21104,-61.55414517614283,15.552863510256651,200.0,200.0,U
21105,-61.55429480706541,15.557648256202924,200.0,200.0,U
21106,-61.55077317472806,15.558077236380813,200.0,200.0,U
21107,-61.553898451921455,15.55628900360055,200.0,200.0,U
21108,-61.5492205377745,15.5567131705897,200.0,200.0,U
21109,-61.55284725103281,15.555488126529525,200.0,200.0,U
21110,-61.55074956703134,15.557078435516752,200.0,200.0,U
21111,-61.55150731470973,15.553230348599351,200.0,200.0,U
21112,-61.550683381092725,15.557803136533705,200.0,200.0,U
21113,-61.55097159896024,15.553957236928726,200.0,200.0,U
21114,-61.55056942911808,15.558510609103823,200.0,200.0,U
21115,-61.552193959079645,15.556456505936355,200.0,200.0,U
21116,-61.55174529480091,15.56089958312296,200.0,200.0,U
21117,-61.55077283721727,15.558087362918332,200.0,200.0,U
21118,-61.5510537054764,15.557908866580322,200.0,200.0,U
21119,-61.54803807829353,15.554074641092475,200.0,200.0,U
21120,-61.551323943656485,15.557464878876559,200.0,200.0,U
21121,-61.552053390477646,15.557205667989544,200.0,200.0,U
21122,-61.55211359754894,15.556146753636469,200.0,200.0,U
21123,-61.55193405293233,15.555747111365896,200.0,200.0,U
21124,-61.54817549593982,15.557614530144871,200.0,200.0,U
21125,-61.551065842372445,15.557960715983308,200.0,200.0,U
21126,-61.55190876633701,15.557488721974494,200.0,200.0,U
21127,-61.54919261123377,15.561703653481716,200.0,200.0,U
21128,-61.548653354233345,15.55641437748906,200.0,200.0,U
21129,-61.55205852691108,15.558204749299305,200.0,200.0,U
21130,-61.55259960490145,15.56024501647569,200.0,200.0,U
21131,-61.55436434403659,15.555757350628841,200.0,200.0,U
21132,-61.54799364997615,15.555138740195813,200.0,200.0,U
21133,-61.551547621413114,15.55908715143756,200.0,200.0,U
21134,-61.55354546273552,15.557311953760253,200.0,200.0,U
21135,-61.552271684266096,15.55743440086227,200.0,200.0,U
21136,-61.552905068183954,15.556818526134135,200.0,200.0,U
21137,-61.55222376461881,15.558231000455509,200.0,200.0,U
21138,-61.553551429507756,15.55732590349133,200.0,200.0,U
21139,-61.55138193201856,15.557890215272092,200.0,200.0,U
21140,-61.552149725324696,15.556351030958249,200.0,200.0,U
21141,-61.551854196080576,15.560294514686927,200.0,200.0,U
21142,-61.55241675261006,15.558241811994376,200.0,200.0,U
21143,-61.55204731704772,15.557314783943244,200.0,200.0,U
21144,-61.551914017586775,15.556306242387675,200.0,200.0,U
21145,-61.55123728980066,15.557333985022415,200.0,200.0,U
21146,-61.554353545024675,15.558805130898245,200.0,200.0,U
21147,-61.55058431677389,15.557682196424079,200.0,200.0,U
21148,-61.55040853073308,15.5588173341806,200.0,200.0,U
21149,-61.55315451483985,15.558264285017216,200.0,200.0,U
21150,-61.552443698165604,15.557912605140405,200.0,200.0,U
21151,-61.55145153078636,15.557733623626111,200.0,200.0,U
21152,-61.55302117776226,15.559474136352668,200.0,200.0,U
21153,-61.551267849809975,15.558215104297467,200.0,200.0,U
21154,-61.551216927571815,15.556852670920946,200.0,200.0,U
21155,-61.55152949653604,15.557826169600657,200.0,200.0,U
21156,-61.55341865440896,15.557287453104806,200.0,200.0,U
21157,-61.551571481315285,15.557320566009857,200.0,200.0,U
21158,-61.55151728944396,15.55776326746508,200.0,200.0,U
21159,-61.55105918639872,15.553748019893117,200.0,200.0,U
21160,-61.551324596250986,15.557365603725488,200.0,200.0,U
21161,-61.55255850353843,15.557775123206895,200.0,200.0,U
21162,-61.5520185132417,15.558017596677788,200.0,200.0,U
21163,-61.54804513503203,15.559377524095055,200.0,200.0,U
21164,-61.55217638432186,15.556723290845218,200.0,200.0,U
21165,-61.551692093017614,15.557553595995296,200.0,200.0,U
21166,-61.55011439530285,15.55841991805314,200.0,200.0,U
21167,-61.551462290955754,15.5582056979237,200.0,200.0,U
21168,-61.54954315353731,15.558320655129652,200.0,200.0,U
21169,-61.55338869758165,15.55551271849534,200.0,200.0,U
21170,-61.54991326447796,15.557501047693766,200.0,200.0,U
21171,-61.54981144492805,15.55694450265625,200.0,200.0,U
21172,-61.55209318551218,15.557823961859839,200.0,200.0,U
21173,-61.552506026285386,15.557523100154656,200.0,200.0,U
21174,-61.55198980957833,15.557384191138269,200.0,200.0,U
21175,-61.55036270850225,15.559296289001109,200.0,200.0,U
21176,-61.55163469595047,15.556817409290925,200.0,200.0,U
21177,-61.552165152812655,15.556786576159341,200.0,200.0,U
21178,-61.54997159217117,15.557358859476048,200.0,200.0,U
21179,-61.55143119695454,15.555948012202819,200.0,200.0,U
21180,-61.54814775342873,15.555342544299444,200.0,200.0,U
21181,-61.55202577978287,15.558683528694178,200.0,200.0,U
21182,-61.552792081644256,15.558036444263335,200.0,200.0,U
21183,-61.55185036204405,15.556950683688335,200.0,200.0,U
21184,-61.55298436757121,15.556661765261847,200.0,200.0,U
21185,-61.550564542813994,15.55359261292795,200.0,200.0,U
21186,-61.552242789124854,15.557926803677201,200.0,200.0,U
21187,-61.54882626237695,15.55646911067445,200.0,200.0,U
21188,-61.55032398204084,15.55829040426362,200.0,200.0,U
21189,-61.55339828992151,15.559020738370707,200.0,200.0,U
21190,-61.5513214007641,15.556844001069576,200.0,200.0,U
21191,-61.55089230270905,15.558548465905371,200.0,200.0,U
21192,-61.55202478650254,15.55826937188679,200.0,200.0,U
21193,-61.551401505089856,15.557082417910621,200.0,200.0,U
21194,-61.551567138590144,15.55774894023619,200.0,200.0,U
21195,-61.55303469736854,15.558465698824545,200.0,200.0,U
21196,-61.5519227180404,15.557892208291197,200.0,200.0,U
21197,-61.55166317646616,15.557737555550311,200.0,200.0,U
21198,-61.551504314236546,15.557810787775955,200.0,200.0,U
21199,-61.549847659974304,15.556407555991141,200.0,200.0,U
21200,-61.55208228192267,15.555731022468251,200.0,200.0,U
21201,-61.550097466019864,15.557236728627819,200.0,200.0,U
21202,-61.55145417993288,15.555712904128185,200.0,200.0,U
21203,-61.55204659303484,15.557973077108715,200.0,200.0,U
21204,-61.55163100189027,15.558003231541425,200.0,200.0,U
21205,-61.55195142007407,15.5556314977959,200.0,200.0,U
21206,-61.55226995701113,15.560289358550758,200.0,200.0,U
21207,-61.55246675094289,15.557098003011873,200.0,200.0,U
21208,-61.55201733428483,15.558273237452388,200.0,200.0,U
21209,-61.551252414934886,15.55742115995343,200.0,200.0,U
21210,-61.55085514899038,15.559126242449585,200.0,200.0,U
21211,-61.550973574611206,15.556614647532175,200.0,200.0,U
21212,-61.55119961522631,15.557368500031734,200.0,200.0,U
21213,-61.55358636509881,15.554902674108275,200.0,200.0,U
21214,-61.55169321123261,15.557627188457714,200.0,200.0,U
21215,-61.552891525201,15.55675902648129,200.0,200.0,U
21216,-61.55080204720729,15.55481836224743,200.0,200.0,U
21217,-61.552320344462586,15.55794950769184,200.0,200.0,U
21218,-61.54728480181912,15.56076804301381,200.0,200.0,U
21219,-61.55076838063766,15.559443201303079,200.0,200.0,U
21220,-61.55289407186724,15.556772851589445,200.0,200.0,U
21221,-61.55180830683223,15.558900031260183,200.0,200.0,U
21222,-61.551626647894956,15.557612446734753,200.0,200.0,U
21223,-61.552249637324266,15.55739540318042,200.0,200.0,U
21224,-61.550946230488826,15.557495016534665,200.0,200.0,U
21225,-61.5525598380496,15.559790337428675,200.0,200.0,U
21226,-61.54874004733117,15.558875784640977,200.0,200.0,U
21227,-61.55184227878571,15.558671335894125,200.0,200.0,U
21228,-61.550765296306096,15.554854114368851,200.0,200.0,U
21229,-61.55242655332339,15.557900431144514,200.0,200.0,U
21230,-61.55189171219781,15.557856894995519,200.0,200.0,U
21231,-61.551582516244075,15.557662003728021,200.0,200.0,U
21232,-61.55124792751722,15.559211016635146,200.0,200.0,U
21233,-61.55481385459767,15.55680606846658,200.0,200.0,U
21234,-61.55212390097567,15.55599076241029,200.0,200.0,U
21235,-61.55048573068678,15.55652472058702,200.0,200.0,U
21236,-61.549341053488504,15.55546850622389,200.0,200.0,U
21237,-61.55105878061385,15.55827693508846,200.0,200.0,U
21238,-61.552520059177326,15.559316742261148,200.0,200.0,U
21239,-61.55311335352604,15.55634965009488,200.0,200.0,U
21240,-61.54965035536988,15.558471379711449,200.0,200.0,U
21241,-61.55113115936078,15.55806072463188,200.0,200.0,U
21242,-61.55170060584515,15.559720461255326,200.0,200.0,U
21243,-61.552383206494234,15.558988883542998,200.0,200.0,U
21244,-61.55180146019524,15.558176360326637,200.0,200.0,U
21245,-61.55145286158508,15.558336484316305,200.0,200.0,U
21246,-61.54984769923809,15.557311975653596,200.0,200.0,U
21247,-61.5522929107794,15.558971232933159,200.0,200.0,U
21248,-61.55344445406995,15.557651460887548,200.0,200.0,U
21249,-61.551849088198516,15.55841398702426,200.0,200.0,U
21250,-61.55264598209681,15.557930863954546,200.0,200.0,U
21251,-61.55176934439925,15.557743258268186,200.0,200.0,U
21252,-61.55173184677989,15.559937122980429,200.0,200.0,U
21253,-61.55514272781033,15.560432283278073,200.0,200.0,U
21254,-61.549598721166,15.558048523293992,200.0,200.0,U
21255,-61.55185173707053,15.556266964790918,200.0,200.0,U
21256,-61.55067933374007,15.559999703897176,200.0,200.0,U
21257,-61.5509591275489,15.557082137825848,200.0,200.0,U
21258,-61.55255972866666,15.557450213553155,200.0,200.0,U
21259,-61.55115514748063,15.555044347588371,200.0,200.0,U
21260,-61.55039925220169,15.559414731714336,200.0,200.0,U
21261,-61.551996888140074,15.557748575313612,200.0,200.0,U
21262,-61.55156629143533,15.557874400773104,200.0,200.0,U
21263,-61.55291422659129,15.55988546037495,200.0,200.0,U
21264,-61.55210709935082,15.557639068910525,200.0,200.0,U
21265,-61.551281209369535,15.557649889843931,200.0,200.0,U
21266,-61.55205041454243,15.556775199782845,200.0,200.0,U
21267,-61.55166845827464,15.553960173646763,200.0,200.0,U
21268,-61.550520490979004,15.560093036901467,200.0,200.0,U
21269,-61.54999773997704,15.556147180861965,200.0,200.0,U
21270,-61.55209117432311,15.5558840953451,200.0,200.0,U
21271,-61.55183356244253,15.555558650441041,200.0,200.0,U
21272,-61.54963228230631,15.558690871709876,200.0,200.0,U
21273,-61.55351149155051,15.557518800571643,200.0,200.0,U
21274,-61.551996667579175,15.557960353275545,200.0,200.0,U
21275,-61.55317566319268,15.559159925428057,200.0,200.0,U
21276,-61.55182401849674,15.556988006654423,200.0,200.0,U
21277,-61.552785976735194,15.558397300258635,200.0,200.0,U
21278,-61.551842085978535,15.555410390471028,200.0,200.0,U
21279,-61.55207293169371,15.557726958176962,200.0,200.0,U
21280,-61.551047536796936,15.556222236127757,200.0,200.0,U
21281,-61.551729526409126,15.55769076508447,200.0,200.0,U
21282,-61.553832793697005,15.556642882127328,200.0,200.0,U
21283,-61.553042138780604,15.554252193379124,200.0,200.0,U
21284,-61.55166926041656,15.556083654051914,200.0,200.0,U
21285,-61.55062085468429,15.558913174020828,200.0,200.0,U
21286,-61.552275827256146,15.554708837641606,200.0,200.0,U
21287,-61.55201964259695,15.559435142142357,200.0,200.0,U
21288,-61.55237487859617,15.555059676246824,200.0,200.0,U
21289,-61.550377465468365,15.558951644319164,200.0,200.0,U
21290,-61.5522902040944,15.558504815251505,200.0,200.0,U
21291,-61.549884591594065,15.559014979031389,200.0,200.0,U
21292,-61.5527465188142,15.559028269918842,200.0,200.0,U
21293,-61.55100358692021,15.556112448582189,200.0,200.0,U
21294,-61.5508353164151,15.557045806873967,200.0,200.0,U
21295,-61.551695460536514,15.557742144161546,200.0,200.0,U
21296,-61.55178732133772,15.556822039159067,200.0,200.0,U
21297,-61.55222466840871,15.557114875366944,200.0,200.0,U
21298,-61.55056763701001,15.555889674276196,200.0,200.0,U
21299,-61.55159930180589,15.558388723182965,200.0,200.0,U
21300,-61.55280705500706,15.55967864279746,200.0,200.0,U
21301,-61.55171146348752,15.557857505621207,200.0,200.0,U
21302,-61.55224266570411,15.557051188273633,200.0,200.0,U
21303,-61.55350621212094,15.55871437890967,200.0,200.0,U
21304,-61.55258556958589,15.55489068072737,200.0,200.0,U
21305,-61.55158982137762,15.557130499118001,200.0,200.0,U
21306,-61.55238221320354,15.558065769849247,200.0,200.0,U
21307,-61.55304491505477,15.558406655407861,200.0,200.0,U
21308,-61.55359464985979,15.556611461771967,200.0,200.0,U
21309,-61.55204148277643,15.559619162025614,200.0,200.0,U
21310,-61.55014819968759,15.557660641326997,200.0,200.0,U
21311,-61.551804070106996,15.557713210045907,200.0,200.0,U
21312,-61.55392396985486,15.557797209756048,200.0,200.0,U
21313,-61.55180486097202,15.557676720603384,200.0,200.0,U
21314,-61.55111354250503,15.558523220226387,200.0,200.0,U
21315,-61.55223574114702,15.557691966167976,200.0,200.0,U
21316,-61.552007507899724,15.557219943742545,200.0,200.0,U
21317,-61.55208912527392,15.557031922496268,200.0,200.0,U
21318,-61.55183839393907,15.557967851456393,200.0,200.0,U
21319,-61.55235177862075,15.559175363811443,200.0,200.0,U
21320,-61.55388888783831,15.556952036749957,200.0,200.0,U
21321,-61.55152043012155,15.558646088970693,200.0,200.0,U
21322,-61.55033429843507,15.557819505786666,200.0,200.0,U
21323,-61.55210356753026,15.556833954347217,200.0,200.0,U
21324,-61.5522855279148,15.55661959311342,200.0,200.0,U
21325,-61.54855052830825,15.554919593751457,200.0,200.0,U
21326,-61.55121596488357,15.557493459613672,200.0,200.0,U
21327,-61.551774171816334,15.55783182844295,200.0,200.0,U
21328,-61.55065467359518,15.555066262424965,200.0,200.0,U
21329,-61.552094620634186,15.55808484816366,200.0,200.0,U
21330,-61.552132344810055,15.557941079534869,200.0,200.0,U
21331,-61.553584059375424,15.558879650953688,200.0,200.0,U
21332,-61.55206815995914,15.557801969713433,200.0,200.0,U
21333,-61.551547492129565,15.557689024456824,200.0,200.0,U
21334,-61.55199223476979,15.557226530816072,200.0,200.0,U
21335,-61.55206741696437,15.557005169899062,200.0,200.0,U
21336,-61.5537447443174,15.556965325401626,200.0,200.0,U
21337,-61.55325848582626,15.556043951850638,200.0,200.0,U
21338,-61.552526016053385,15.559231073403962,200.0,200.0,U
21339,-61.55174233677163,15.558233889468413,200.0,200.0,U
21340,-61.55106734242161,15.555517463766726,200.0,200.0,U
21341,-61.550598989356374,15.558867593646056,200.0,200.0,U
21342,-61.54939953636354,15.558732917674703,200.0,200.0,U
21343,-61.55242828492715,15.557715687166201,200.0,200.0,U
21344,-61.55172230848323,15.559463727580534,200.0,200.0,U
21345,-61.55179604524959,15.55750911773722,200.0,200.0,U
21346,-61.55211584342791,15.556575234367788,200.0,200.0,U
21347,-61.54866651559371,15.555964928107942,200.0,200.0,U
21348,-61.55273549215196,15.557708243509937,200.0,200.0,U
21349,-61.551771782605144,15.55739319796078,200.0,200.0,U
21350,-61.55179303047088,15.557718248939056,200.0,200.0,U
21351,-61.5496001626089,15.560595108240351,200.0,200.0,U
21352,-61.55127594402649,15.559095262731974,200.0,200.0,U
21353,-61.54866674845467,15.557758497425334,200.0,200.0,U
21354,-61.550859324620895,15.556323146946351,200.0,200.0,U
21355,-61.55066696309711,15.558567637827895,200.0,200.0,U
21356,-61.553372837284265,15.558920986428673,200.0,200.0,U
21357,-61.552368353847335,15.557138904279359,200.0,200.0,U
21358,-61.552066673604486,15.556786945150382,200.0,200.0,U
21359,-61.55170977452312,15.559070211424372,200.0,200.0,U
21360,-61.55211064773752,15.557656062039227,200.0,200.0,U
21361,-61.55144270030032,15.558306205909899,200.0,200.0,U
21362,-61.5488488062512,15.556048594642695,200.0,200.0,U
21363,-61.552945220035745,15.557961796680518,200.0,200.0,U
21364,-61.551639257404496,15.55809069236818,200.0,200.0,U
21365,-61.550065680045776,15.557439732931334,200.0,200.0,U
21366,-61.55173969765537,15.557407482916314,200.0,200.0,U
21367,-61.549851889913825,15.558461884369851,200.0,200.0,U
21368,-61.552034013421355,15.557564016719004,200.0,200.0,U
21369,-61.551272802747874,15.557378948046683,200.0,200.0,U
21370,-61.551694216640385,15.556287798072903,200.0,200.0,U
21371,-61.55227960821013,15.556811076240272,200.0,200.0,U
21372,-61.552016873287286,15.557778567901273,200.0,200.0,U
21373,-61.550972145518905,15.558388832504567,200.0,200.0,U
21374,-61.55206404229137,15.557513396081653,200.0,200.0,U
21375,-61.55167868427542,15.557684272236145,200.0,200.0,U
21376,-61.552101088740834,15.557330978951006,200.0,200.0,U
21377,-61.551363507802144,15.558219583141083,200.0,200.0,U
21378,-61.54970762055559,15.558742333136959,200.0,200.0,U
21379,-61.55223117987382,15.55777914124376,200.0,200.0,U
21380,-61.553847345204936,15.558190102933008,200.0,200.0,U
21381,-61.55235529647679,15.55727639567251,200.0,200.0,U
21382,-61.553089226514366,15.557552390894863,200.0,200.0,U
21383,-61.550706734342775,15.557911768972195,200.0,200.0,U
21384,-61.55077469202096,15.558438901320923,200.0,200.0,U
21385,-61.55397505476228,15.553410430852736,200.0,200.0,U
21386,-61.55150134023453,15.560235841823529,200.0,200.0,U
21387,-61.55192765237003,15.557637423183369,200.0,200.0,U
21388,-61.54962936747084,15.557671083028113,200.0,200.0,U
21389,-61.55044493926121,15.557913755029176,200.0,200.0,U
21390,-61.54995167331651,15.555783212182996,200.0,200.0,U
21391,-61.55483635643318,15.556745800113468,200.0,200.0,U
21392,-61.55123306551747,15.557710595036076,200.0,200.0,U
21393,-61.5494573332016,15.554372040082884,200.0,200.0,U
21394,-61.552133048427855,15.557848815113388,200.0,200.0,U
21395,-61.55053281929086,15.556655910441538,200.0,200.0,U
21396,-61.5493237475962,15.556445899350178,200.0,200.0,U
21397,-61.55219782009681,15.558676117370949,200.0,200.0,U
21398,-61.55181722475537,15.557075437448557,200.0,200.0,U
21399,-61.55121108434849,15.556756165029332,200.0,200.0,U
21400,-61.55199953642423,15.557659012148461,200.0,200.0,U
21401,-61.55141022337849,15.55804793188568,200.0,200.0,U
21402,-61.55146439475171,15.558278058956441,200.0,200.0,U
21403,-61.552206822584914,15.555152452333006,200.0,200.0,U
21404,-61.55499245944107,15.559456245835886,200.0,200.0,U
21405,-61.55386984555481,15.558536993351064,200.0,200.0,U
21406,-61.5522151196033,15.558362470711467,200.0,200.0,U
21407,-61.552132647389556,15.557494578440922,200.0,200.0,U
21408,-61.55394006997044,15.558011058025013,200.0,200.0,U
21409,-61.55293202637223,15.557407779350878,200.0,200.0,U
21410,-61.5526859412024,15.5600565596496,200.0,200.0,U
21411,-61.55064612986898,15.55596213294949,200.0,200.0,U
21412,-61.55193955708265,15.557878022058475,200.0,200.0,U
21413,-61.551539018758206,15.558088791318642,200.0,200.0,U
21414,-61.55165935237366,15.559754949430603,200.0,200.0,U
21415,-61.5518963064928,15.55711130858606,200.0,200.0,U
21416,-61.55296978541553,15.557511495513697,200.0,200.0,U
21417,-61.55122302324712,15.556938384663907,200.0,200.0,U
21418,-61.552051550310594,15.557464443427714,200.0,200.0,U
21419,-61.551508425243654,15.556457199063606,200.0,200.0,U
21420,-61.55191308962894,15.557395288065358,200.0,200.0,U
21421,-61.55363786244668,15.555817978555732,200.0,200.0,U
21422,-61.55129194863391,15.5573003336961,200.0,200.0,U
21423,-61.55208943050971,15.557871692804351,200.0,200.0,U
21424,-61.55138157382802,15.557766579782236,200.0,200.0,U
21425,-61.55285610231812,15.55798892860808,200.0,200.0,U
21426,-61.55384754543222,15.557655947691165,200.0,200.0,U
21427,-61.553327377007086,15.557040464187383,200.0,200.0,U
21428,-61.549746964886836,15.557424506427942,200.0,200.0,U
21429,-61.55258568236029,15.558926172248132,200.0,200.0,U
21430,-61.55248574930161,15.557379182449107,200.0,200.0,U
21431,-61.55408894215508,15.55250312225958,200.0,200.0,U
21432,-61.55263770959375,15.557866394738468,200.0,200.0,U
21433,-61.55075043437423,15.557432056277797,200.0,200.0,U
21434,-61.55267138169751,15.558207561422524,200.0,200.0,U
21435,-61.551473917355096,15.555110472361047,200.0,200.0,U
21436,-61.5549222594478,15.55762112708748,200.0,200.0,U
21437,-61.55158660596927,15.55783457598117,200.0,200.0,U
21438,-61.55095177584257,15.557838734206287,200.0,200.0,U
21439,-61.55109698659185,15.557162341791816,200.0,200.0,U
21440,-61.550944683872316,15.558200310672218,200.0,200.0,U
21441,-61.552603763659214,15.555999776671998,200.0,200.0,U
21442,-61.552172324440384,15.55768604266438,200.0,200.0,U
21443,-61.55286581173991,15.559405003157556,200.0,200.0,U
21444,-61.55255410553922,15.55826181117231,200.0,200.0,U
21445,-61.55255817590996,15.557860619701243,200.0,200.0,U
21446,-61.55172019903532,15.55699122694624,200.0,200.0,U
21447,-61.55239290290061,15.557533992687103,200.0,200.0,U
21448,-61.55152041796233,15.557348539163376,200.0,200.0,U
21449,-61.55168889476083,15.558845170307663,200.0,200.0,U
21450,-61.552514258685406,15.557473967999037,200.0,200.0,U
21451,-61.55178357993823,15.558191644984825,200.0,200.0,U
21452,-61.54961856657394,15.556416960097255,200.0,200.0,U
21453,-61.55106966061114,15.555296916243778,200.0,200.0,U
21454,-61.55327081561892,15.556101037222211,200.0,200.0,U
21455,-61.55277402156718,15.55855299320795,200.0,200.0,U
21456,-61.555143558966435,15.558665913609861,200.0,200.0,U
21457,-61.55218327302142,15.55744954629727,200.0,200.0,U
21458,-61.55277994505988,15.556051511650347,200.0,200.0,U
21459,-61.5524800517408,15.558706364738663,200.0,200.0,U
21460,-61.5519111516298,15.55751724572771,200.0,200.0,U
21461,-61.55318532730943,15.556823423505659,200.0,200.0,U
21462,-61.55159741217486,15.557922152132805,200.0,200.0,U
21463,-61.55093531122112,15.555474556821897,200.0,200.0,U
21464,-61.55192184376149,15.557788748816202,200.0,200.0,U
21465,-61.55235428982549,15.558575288762077,200.0,200.0,U
21466,-61.549427171857154,15.556979056843284,200.0,200.0,U
21467,-61.55087093572183,15.557867823847763,200.0,200.0,U
21468,-61.553526291843816,15.556836268649311,200.0,200.0,U
21469,-61.55328205873834,15.55941622915328,200.0,200.0,U
21470,-61.55216101906117,15.557500227201555,200.0,200.0,U
21471,-61.55244497846611,15.556900556152751,200.0,200.0,U
21472,-61.55162588222829,15.553050198823762,200.0,200.0,U
21473,-61.55231344830053,15.55680200828675,200.0,200.0,U
21474,-61.552261558888986,15.557167427589295,200.0,200.0,U
21475,-61.55252198926869,15.557582616726243,200.0,200.0,U
21476,-61.55273594036632,15.557448739382615,200.0,200.0,U
21477,-61.55033520719636,15.558576107009182,200.0,200.0,U
21478,-61.550006652478636,15.556202032732282,200.0,200.0,U
21479,-61.55276259516889,15.556722865831233,200.0,200.0,U
21480,-61.552051286518825,15.555925383637353,200.0,200.0,U
21481,-61.55433976586943,15.558775143332593,200.0,200.0,U
21482,-61.55211264444384,15.557610004572215,200.0,200.0,U
21483,-61.551349710049536,15.557985955179602,200.0,200.0,U
21484,-61.55271441578696,15.55735371109631,200.0,200.0,U
21485,-61.55519629057017,15.557650390765948,200.0,200.0,U
21486,-61.55351847971404,15.556706296529311,200.0,200.0,U
21487,-61.55104104155739,15.558594692467441,200.0,200.0,U
21488,-61.552070888122216,15.55663176085352,200.0,200.0,U
21489,-61.55217902792718,15.557728039418306,200.0,200.0,U
21490,-61.55073857597919,15.556292424948968,200.0,200.0,U
21491,-61.549071070634504,15.558897037287617,200.0,200.0,U
21492,-61.551236250014476,15.557520833604626,200.0,200.0,U
21493,-61.552365446097504,15.557440644683137,200.0,200.0,U
21494,-61.551722737583574,15.557002059663287,200.0,200.0,U
21495,-61.551175237120866,15.558215097251578,200.0,200.0,U
21496,-61.55173660999503,15.557908036376821,200.0,200.0,U
21497,-61.55181860994062,15.55781751106361,200.0,200.0,U
21498,-61.5519863507467,15.558141230392344,200.0,200.0,U
21499,-61.55314385893283,15.558282287611824,200.0,200.0,U
21500,-61.551991044756484,15.557231847344939,200.0,200.0,U
21501,-61.55202499218442,15.557677146880089,200.0,200.0,U
21502,-61.5536238139001,15.55781182276543,200.0,200.0,U
21503,-61.552176124712545,15.557511776597542,200.0,200.0,U
21504,-61.55199958292422,15.557611289716624,200.0,200.0,U
21505,-61.551967845915726,15.55744156548776,200.0,200.0,U
21506,-61.55016632543119,15.555540182560417,200.0,200.0,U
21507,-61.54963167745511,15.55815212574246,200.0,200.0,U
21508,-61.55224853910326,15.5578837986957,200.0,200.0,U
21509,-61.55531239396408,15.557874173960188,200.0,200.0,U
21510,-61.55207307499579,15.5566895966781,200.0,200.0,U
21511,-61.55213848569936,15.557454037274983,200.0,200.0,U
21512,-61.551258654020224,15.557228950462061,200.0,200.0,U
21513,-61.55186064469167,15.557304082346912,200.0,200.0,U
21514,-61.552964518251876,15.558519422988722,200.0,200.0,U
21515,-61.55203346026461,15.55780281898355,200.0,200.0,U
21516,-61.55278201216745,15.558045343655031,200.0,200.0,U
21517,-61.55494825679548,15.558798283664688,200.0,200.0,U
21518,-61.55269152301046,15.558295375211191,200.0,200.0,U
21519,-61.549758233307486,15.56085366932599,200.0,200.0,U
21520,-61.55174041905714,15.557852534518979,200.0,200.0,U
21521,-61.55232105571482,15.557853847625067,200.0,200.0,U
21522,-61.55248253068865,15.55947916160589,200.0,200.0,U
21523,-61.55099573021981,15.559162748939965,200.0,200.0,U
21524,-61.55246401538226,15.557032772857934,200.0,200.0,U
21525,-61.55200055688291,15.557300181611037,200.0,200.0,U
21526,-61.5522064825641,15.557365955591337,200.0,200.0,U
21527,-61.55532472493601,15.557200628614126,200.0,200.0,U
21528,-61.55090804280187,15.556559232818444,200.0,200.0,U
21529,-61.550978491730085,15.556902531976867,200.0,200.0,U
21530,-61.55125993537972,15.558205770468154,200.0,200.0,U
21531,-61.55081663542064,15.558476967403138,200.0,200.0,U
21532,-61.550371969813945,15.5596538737705,200.0,200.0,U
21533,-61.55389692650164,15.557512657363938,200.0,200.0,U
21534,-61.55053662277444,15.556255631491613,200.0,200.0,U
21535,-61.55062000842474,15.559950061087033,200.0,200.0,U
21536,-61.55176153408308,15.558405240067831,200.0,200.0,U
21537,-61.55353828063728,15.555670736650981,200.0,200.0,U
21538,-61.55182749273119,15.559175296104167,200.0,200.0,U
21539,-61.5522016943248,15.557477164047452,200.0,200.0,U
21540,-61.549910700048926,15.552713313650559,200.0,200.0,U
21541,-61.554335579891244,15.555708994442233,200.0,200.0,U
21542,-61.55404985537645,15.556723119525056,200.0,200.0,U
21543,-61.55152174447287,15.55690964860699,200.0,200.0,U
21544,-61.552605394342145,15.557877126724676,200.0,200.0,U
21545,-61.552282391322265,15.557355903174162,200.0,200.0,U
21546,-61.549254677126626,15.556590559172667,200.0,200.0,U
21547,-61.549793476591795,15.55930246930924,200.0,200.0,U
21548,-61.55333844143805,15.554330313348231,200.0,200.0,U
21549,-61.55363945858915,15.55731100162104,200.0,200.0,U
21550,-61.55356493108463,15.557812557220753,200.0,200.0,U
21551,-61.551430718483545,15.557291014874334,200.0,200.0,U
21552,-61.55220101435277,15.557528823611888,200.0,200.0,U
21553,-61.55323817524179,15.55824029093355,200.0,200.0,U
21554,-61.55206664244481,15.556847481099114,200.0,200.0,U
21555,-61.552935970726026,15.557346339924537,200.0,200.0,U
21556,-61.552487664704955,15.557699462370545,200.0,200.0,U
21557,-61.55301251002935,15.557888406841975,200.0,200.0,U
21558,-61.55193198014666,15.557599210021715,200.0,200.0,U
21559,-61.54771340684942,15.558375926750342,200.0,200.0,U
21560,-61.551428915662804,15.556984652142367,200.0,200.0,U
21561,-61.552755988522286,15.557780817916546,200.0,200.0,U
21562,-61.55243363064367,15.557396484285105,200.0,200.0,U
21563,-61.5509126236563,15.557740305636624,200.0,200.0,U
21564,-61.552546546232406,15.557491795696249,200.0,200.0,U
21565,-61.551881151362004,15.556413186238093,200.0,200.0,U
21566,-61.55392808860517,15.559219291763448,200.0,200.0,U
21567,-61.55235906004248,15.55843719149509,200.0,200.0,U
21568,-61.55057195078514,15.557533422149717,200.0,200.0,U
21569,-61.55128268899708,15.556763801059487,200.0,200.0,U
21570,-61.55257243611638,15.558116461775821,200.0,200.0,U
21571,-61.556641420619094,15.556101220810815,200.0,200.0,U
21572,-61.55191340139889,15.560013787816985,200.0,200.0,U
21573,-61.55132540367831,15.558341646507767,200.0,200.0,U
21574,-61.55286475687329,15.555818357954177,200.0,200.0,U
21575,-61.552392598491856,15.556824903891819,200.0,200.0,U
21576,-61.55375316694848,15.558552383102235,200.0,200.0,U
21577,-61.55227852386019,15.557454033289401,200.0,200.0,U
21578,-61.552267841117036,15.557512452651318,200.0,200.0,U
21579,-61.55319883267552,15.558557166308802,200.0,200.0,U
21580,-61.5526826432529,15.555967820678216,200.0,200.0,U
21581,-61.55263281561047,15.557614372605812,200.0,200.0,U
21582,-61.55275009483726,15.557382117152242,200.0,200.0,U
21583,-61.55131439448803,15.557224339126495,200.0,200.0,U
21584,-61.55189971067204,15.555958313594024,200.0,200.0,U
21585,-61.553346355890845,15.557740621439613,200.0,200.0,U
21586,-61.55416013376397,15.556609586691321,200.0,200.0,U
21587,-61.555554539944936,15.555678432297597,200.0,200.0,U
21588,-61.55270348992101,15.55699878222979,200.0,200.0,U
21589,-61.55137438874676,15.556577702537203,200.0,200.0,U
21590,-61.55102050797163,15.55650388845605,200.0,200.0,U
21591,-61.55301873280215,15.55776970653036,200.0,200.0,U
21592,-61.549207066479354,15.558300746644573,200.0,200.0,U
21593,-61.55054080481515,15.556265631991792,200.0,200.0,U
21594,-61.55312544581255,15.558145690608118,200.0,200.0,U
21595,-61.550955729656856,15.558290135469614,200.0,200.0,U
21596,-61.55212215078334,15.557557110067311,200.0,200.0,U
21597,-61.55164453250585,15.557989276134812,200.0,200.0,U
21598,-61.55311929634534,15.558568351127438,200.0,200.0,U
21599,-61.55531184430746,15.560141595827739,200.0,200.0,U
21600,-61.552825949480436,15.557597475457742,200.0,200.0,U
21601,-61.55390163047993,15.559926707384541,200.0,200.0,U
21602,-61.55230496674463,15.557132527482256,200.0,200.0,U
21603,-61.55258987756489,15.557961113471364,200.0,200.0,U
21604,-61.55448270777995,15.557754455669915,200.0,200.0,U
21605,-61.5522856086039,15.560326921547507,200.0,200.0,U
21606,-61.55624166704378,15.557179278989661,200.0,200.0,U
21607,-61.551894982457746,15.557291502664617,200.0,200.0,U
21608,-61.55305382145128,15.557951865205506,200.0,200.0,U
21609,-61.55232674262887,15.557454673318766,200.0,200.0,U
21610,-61.550374349571086,15.557289821268327,200.0,200.0,U
21611,-61.55225602302241,15.557695268168905,200.0,200.0,U
21612,-61.55307518826794,15.55736083165043,200.0,200.0,U
21613,-61.551961788678796,15.559336324063317,200.0,200.0,U
21614,-61.550817118204435,15.558496959676544,200.0,200.0,U
21615,-61.55274942730536,15.558003604298456,200.0,200.0,U
21616,-61.55369751136775,15.558714093311586,200.0,200.0,U
21617,-61.55209870725221,15.556020274898852,200.0,200.0,U
21618,-61.551350951792365,15.556674020716402,200.0,200.0,U
21619,-61.553516846982184,15.55761061943687,200.0,200.0,U
21620,-61.551113203951566,15.55535351867001,200.0,200.0,U
21621,-61.54907377995983,15.556176306417665,200.0,200.0,U
21622,-61.5514832126631,15.556706637030192,200.0,200.0,U
21623,-61.55338088651692,15.557295425325842,200.0,200.0,U
21624,-61.55234803784009,15.557779949452188,200.0,200.0,U
21625,-61.55232150722439,15.557528188244257,200.0,200.0,U
21626,-61.55291042418871,15.557395364382634,200.0,200.0,U
21627,-61.55373187527325,15.558480219633404,200.0,200.0,U
21628,-61.55223774679459,15.55821746774011,200.0,200.0,U
21629,-61.5520361358161,15.558036284318018,200.0,200.0,U
21630,-61.55338541106826,15.55668678572128,200.0,200.0,U
21631,-61.55232071295192,15.557482094393992,200.0,200.0,U
21632,-61.550805988163646,15.558672979806573,200.0,200.0,U
21633,-61.55241157272788,15.557371332626564,200.0,200.0,U
21634,-61.55273677775653,15.55748984451236,200.0,200.0,U
21635,-61.5509454853782,15.558611678899975,200.0,200.0,U
21636,-61.55223625426519,15.554626637911491,200.0,200.0,U
21637,-61.55160442617451,15.555555891976894,200.0,200.0,U
21638,-61.55423259845777,15.556215955670169,200.0,200.0,U
21639,-61.552270718133656,15.557311955671976,200.0,200.0,U
21640,-61.55190185304975,15.55649312495469,200.0,200.0,U
21641,-61.55094866465504,15.557678660474606,200.0,200.0,U
21642,-61.552587487061615,15.558230471080456,200.0,200.0,U
21643,-61.554025396548106,15.557282922241955,200.0,200.0,U
21644,-61.552269182538524,15.557818112981604,200.0,200.0,U
21645,-61.552811192691415,15.55805435003905,200.0,200.0,U
21646,-61.55207659233865,15.556359441434992,200.0,200.0,U
21647,-61.54912894781397,15.555348296608674,200.0,200.0,U
21648,-61.55221331681053,15.557527277987308,200.0,200.0,U
21649,-61.552522535561025,15.557862763250956,200.0,200.0,U
21650,-61.55207301175612,15.557595451256452,200.0,200.0,U
21651,-61.55322971167705,15.558482357794636,200.0,200.0,U
21652,-61.550953834900625,15.558774527404525,200.0,200.0,U
21653,-61.55569730877443,15.557758984503119,200.0,200.0,U
21654,-61.549330024972065,15.557877697305262,200.0,200.0,U
21655,-61.55244739756197,15.55869178645313,200.0,200.0,U
21656,-61.55034397488856,15.559006640348793,200.0,200.0,U
21657,-61.5518280068251,15.558014190936639,200.0,200.0,U
21658,-61.55169204637876,15.558835989709205,200.0,200.0,U
21659,-61.55238913890966,15.557463982352562,200.0,200.0,U
21660,-61.54949697067882,15.556846530664101,200.0,200.0,U
21661,-61.55506327326847,15.55579834151667,200.0,200.0,U
21662,-61.553014958218405,15.557271868790782,200.0,200.0,U
21663,-61.550870352169404,15.556625824398285,200.0,200.0,U
21664,-61.55172111797315,15.558065615337942,200.0,200.0,U
21665,-61.555986442223,15.558617098396784,200.0,200.0,U
21666,-61.55236769903061,15.557477076248576,200.0,200.0,U
21667,-61.55379980118598,15.558052950509515,200.0,200.0,U
21668,-61.552431381033536,15.557516541681933,200.0,200.0,U
21669,-61.551877477151606,15.555405221954535,200.0,200.0,U
21670,-61.552399302582145,15.557443801294312,200.0,200.0,U
21671,-61.554784591615636,15.55860068702761,200.0,200.0,U
21672,-61.55272845900291,15.557463765216122,200.0,200.0,U
21673,-61.552508190883266,15.557598597786704,200.0,200.0,U
21674,-61.55268226450393,15.557043863457155,200.0,200.0,U
21675,-61.55435901199217,15.557193889348053,200.0,200.0,U
21676,-61.55244725738156,15.55672995646712,200.0,200.0,U
21677,-61.55277635932223,15.557857124674104,200.0,200.0,U
21678,-61.553966154530386,15.556108926352982,200.0,200.0,U
21679,-61.55218690097741,15.55712881180264,200.0,200.0,U
21680,-61.55272334832361,15.559753483360812,200.0,200.0,U
21681,-61.552832663416325,15.55656056209012,200.0,200.0,U
21682,-61.55006789357954,15.556904853172684,200.0,200.0,U
21683,-61.55176718070015,15.55739842939768,200.0,200.0,U
21684,-61.55309596572189,15.558392481602194,200.0,200.0,U
21685,-61.55305823573042,15.555873617080074,200.0,200.0,U
21686,-61.55255681985144,15.557746536882187,200.0,200.0,U
21687,-61.552262522709924,15.557867073238839,200.0,200.0,U
21688,-61.5526958203508,15.556239828775794,200.0,200.0,U
21689,-61.5534615199841,15.559465007172127,200.0,200.0,U
21690,-61.551707978513335,15.555842813994625,200.0,200.0,U
21691,-61.552460050149925,15.557365377752427,200.0,200.0,U
21692,-61.55069245946012,15.55682776302188,200.0,200.0,U
21693,-61.55326068600268,15.557734872595914,200.0,200.0,U
21694,-61.55356372249482,15.556401453703772,200.0,200.0,U
21695,-61.55207165997161,15.557166907569165,200.0,200.0,U
21696,-61.55523928688516,15.556789279347191,200.0,200.0,U
21697,-61.55330714453842,15.558078340516419,200.0,200.0,U
21698,-61.551532730161135,15.556826052426304,200.0,200.0,U
21699,-61.55082549312729,15.554775783273964,200.0,200.0,U
21700,-61.55142969798345,15.556782601787829,200.0,200.0,U
21701,-61.551241035052094,15.556504053673189,200.0,200.0,U
21702,-61.55731074620091,15.557169991490419,200.0,200.0,U
21703,-61.55290604346464,15.55782601139628,200.0,200.0,U
21704,-61.55190527841221,15.560130886147915,200.0,200.0,U
21705,-61.55272130000715,15.557424020530656,200.0,200.0,U
21706,-61.552401067153816,15.55705390878517,200.0,200.0,U
21707,-61.55231552550592,15.557807913777847,200.0,200.0,U
21708,-61.551478408236086,15.557857842521257,200.0,200.0,U
21709,-61.55527601910362,15.55853767457624,200.0,200.0,U
21710,-61.55249139605504,15.557427880610817,200.0,200.0,U
21711,-61.55381628874826,15.556800875246108,200.0,200.0,U
21712,-61.55304381862256,15.55862203035082,200.0,200.0,U
21713,-61.55254329212826,15.556503904401259,200.0,200.0,U
21714,-61.551116539198524,15.55869696161636,200.0,200.0,U
21715,-61.55320172220858,15.55770203551845,200.0,200.0,U
21716,-61.552931057854245,15.558151501385948,200.0,200.0,U
21717,-61.5523188091008,15.557617990972894,200.0,200.0,U
21718,-61.551028889083675,15.55893536939369,200.0,200.0,U
21719,-61.551846583110866,15.555996972583308,200.0,200.0,U
21720,-61.55231874799862,15.557922294197015,200.0,200.0,U
21721,-61.555516365847836,15.557993892724562,200.0,200.0,U
21722,-61.55157875613192,15.55833469126272,200.0,200.0,U
21723,-61.553792381534265,15.55647110621291,200.0,200.0,U
21724,-61.55413918904905,15.557707513321704,200.0,200.0,U
21725,-61.549880985943716,15.555661844785371,200.0,200.0,U
21726,-61.55073808890981,15.559547900019195,200.0,200.0,U
21727,-61.55249536516453,15.557381563403942,200.0,200.0,U
21728,-61.552041699515485,15.555336469072623,200.0,200.0,U
21729,-61.55325887568368,15.556538348004684,200.0,200.0,U
21730,-61.55235297744314,15.558792649554235,200.0,200.0,U
21731,-61.54944237194609,15.556894883035154,200.0,200.0,U
21732,-61.55325907860479,15.559868198040974,200.0,200.0,U
21733,-61.54991608506841,15.557864255565875,200.0,200.0,U
21734,-61.55249550665446,15.55740286458482,200.0,200.0,U
21735,-61.54984019673804,15.558174706945406,200.0,200.0,U
21736,-61.552391952078935,15.557578938724706,200.0,200.0,U
21737,-61.55307133160014,15.557584782907298,200.0,200.0,U
21738,-61.554594693143294,15.559289759101237,200.0,200.0,U
21739,-61.55077259080634,15.556833792039024,200.0,200.0,U
21740,-61.55237501810826,15.55935449530681,200.0,200.0,U
21741,-61.552596878709394,15.557175782733024,200.0,200.0,U
21742,-61.55398327987789,15.556208363038806,200.0,200.0,U
21743,-61.5519715339425,15.559738361441653,200.0,200.0,U
21744,-61.55014796826771,15.557939682530415,200.0,200.0,U
21745,-61.5525293660094,15.55742155325621,200.0,200.0,U
21746,-61.553209491003564,15.558804499992094,200.0,200.0,U
21747,-61.55327434855999,15.555391272035411,200.0,200.0,U
21748,-61.55183091569006,15.557484072338355,200.0,200.0,U
21749,-61.552811359029945,15.55726750931304,200.0,200.0,U
21750,-61.55181933543043,15.558096012846116,200.0,200.0,U
21751,-61.55289982863765,15.557707158339568,200.0,200.0,U
21752,-61.55192529521095,15.557477119023643,200.0,200.0,U
21753,-61.54895972369695,15.55809769257952,200.0,200.0,U
21754,-61.551197752136844,15.558305735777498,200.0,200.0,U
21755,-61.55226736770197,15.557089397530207,200.0,200.0,U
21756,-61.55175708988234,15.555891646970462,200.0,200.0,U
21757,-61.55327901385408,15.560052700403608,200.0,200.0,U
21758,-61.55227932353903,15.558088738627932,200.0,200.0,U
21759,-61.553418757082405,15.558545673799555,200.0,200.0,U
21760,-61.55328145694449,15.556320170940488,200.0,200.0,U
21761,-61.55332141189888,15.557681751740507,200.0,200.0,U
21762,-61.552784889127125,15.55976823807262,200.0,200.0,U
21763,-61.551330100587606,15.554919134636735,200.0,200.0,U
21764,-61.55422755459239,15.554260068186597,200.0,200.0,U
21765,-61.55209893335304,15.559313486726413,200.0,200.0,U
21766,-61.55152721347597,15.55578878919217,200.0,200.0,U
21767,-61.55230857233989,15.556911688307702,200.0,200.0,U
21768,-61.55362596584959,15.5555051531592,200.0,200.0,U
21769,-61.55322710426241,15.558493799477715,200.0,200.0,U
21770,-61.551915146969954,15.556719322576734,200.0,200.0,U
21771,-61.552707258423986,15.557311803824033,200.0,200.0,U
21772,-61.5522277912926,15.557681160429569,200.0,200.0,U
21773,-61.55179789954061,15.55802128362163,200.0,200.0,U
21774,-61.550360312960684,15.5549289466675,200.0,200.0,U
21775,-61.55255283100631,15.557366511229155,200.0,200.0,U
21776,-61.551232271434806,15.557772319669978,200.0,200.0,U
21777,-61.55608744525099,15.558793107286041,200.0,200.0,U
21778,-61.55370376565319,15.559938013698613,200.0,200.0,U
21779,-61.55360518097342,15.558680648449894,200.0,200.0,U
21780,-61.55251984738339,15.556765658959062,200.0,200.0,U
21781,-61.55181720019233,15.556785575912377,200.0,200.0,U
21782,-61.55227508516658,15.557086247836079,200.0,200.0,U
21783,-61.552757653495576,15.557186661142513,200.0,200.0,U
21784,-61.551042833217096,15.556500646322739,200.0,200.0,U
21785,-61.55210060267915,15.556577705732622,200.0,200.0,U
21786,-61.55241658950877,15.557592836576267,200.0,200.0,U
21787,-61.55164126728181,15.560096818320554,200.0,200.0,U
21788,-61.550915782537906,15.558114061189203,200.0,200.0,U
21789,-61.55277918107543,15.557249455379266,200.0,200.0,U
21790,-61.55168012625252,15.556398815184776,200.0,200.0,U
21791,-61.55003700274796,15.557597779740817,200.0,200.0,U
21792,-61.552713656723164,15.556754761598857,200.0,200.0,U
21793,-61.550480950310515,15.557088119006291,200.0,200.0,U
21794,-61.552999241428246,15.55953349715713,200.0,200.0,U
21795,-61.55298093418964,15.556269428059629,200.0,200.0,U
21796,-61.55154685236644,15.556197993535351,200.0,200.0,U
21797,-61.55380408986355,15.55877717020156,200.0,200.0,U
21798,-61.55548262699164,15.560078334732916,200.0,200.0,U
21799,-61.55253032051252,15.557403751186856,200.0,200.0,U
21800,-61.5541519843254,15.557586691059056,200.0,200.0,U
21801,-61.55393798480673,15.556905752389989,200.0,200.0,U
21802,-61.55145620815205,15.55709952557053,200.0,200.0,U
21803,-61.55296494787466,15.556551198554471,200.0,200.0,U
21804,-61.55337900279875,15.557398288530328,200.0,200.0,U
21805,-61.550866268905196,15.556233798325326,200.0,200.0,U
21806,-61.55260705765474,15.557406151393957,200.0,200.0,U
21807,-61.55105929227429,15.557944197752478,200.0,200.0,U
21808,-61.55197801280407,15.556199310401553,200.0,200.0,U
21809,-61.551892760741026,15.556606919901634,200.0,200.0,U
21810,-61.55316345396758,15.55837050549207,200.0,200.0,U
21811,-61.55422645978778,15.558397381759987,200.0,200.0,U
21812,-61.551321539685155,15.556929410762583,200.0,200.0,U
21813,-61.552534042051434,15.559602608688905,200.0,200.0,U
21814,-61.54830480246745,15.556730454595415,200.0,200.0,U
21815,-61.555460337041495,15.557678289561307,200.0,200.0,U
21816,-61.55109937328556,15.557664592062508,200.0,200.0,U
21817,-61.55361971222211,15.559121651995854,200.0,200.0,U
21818,-61.553908049255554,15.557821357065315,200.0,200.0,U
21819,-61.55321943065173,15.557410539079804,200.0,200.0,U
21820,-61.55302259131595,15.557527590826126,200.0,200.0,U
21821,-61.55186785399897,15.558079248823704,200.0,200.0,U
21822,-61.55371900555666,15.558069838780193,200.0,200.0,U
21823,-61.553467976149825,15.557097997656347,200.0,200.0,U
21824,-61.55390183784074,15.554776024614654,200.0,200.0,U
21825,-61.55450257128652,15.557861435779127,200.0,200.0,U
21826,-61.55557196840538,15.556167047529005,200.0,200.0,U
21827,-61.551268509682345,15.557355200074587,200.0,200.0,U
21828,-61.55058243908782,15.556922477001956,200.0,200.0,U
21829,-61.5523341378951,15.554972292839448,200.0,200.0,U
21830,-61.553197378765084,15.558278832389878,200.0,200.0,U
21831,-61.553095436941426,15.558711826276888,200.0,200.0,U
21832,-61.55305413707527,15.556084623280654,200.0,200.0,U
21833,-61.55194650474469,15.558070625674349,200.0,200.0,U
21834,-61.55270382306305,15.556497394969451,200.0,200.0,U
21835,-61.55219822783581,15.557377430307296,200.0,200.0,U
21836,-61.55273665872436,15.557072228580504,200.0,200.0,U
21837,-61.55204720167827,15.557417414545977,200.0,200.0,U
21838,-61.55239025582747,15.55755664272888,200.0,200.0,U
21839,-61.553135149080845,15.555329336887354,200.0,200.0,U
21840,-61.5515591785243,15.557703228136887,200.0,200.0,U
21841,-61.55250857235619,15.55627932062361,200.0,200.0,U
21842,-61.553216180861256,15.559585512928196,200.0,200.0,U
21843,-61.55543642668922,15.55703048137936,200.0,200.0,U
21844,-61.55090407098856,15.557698076766611,200.0,200.0,U
21845,-61.55179537104018,15.559254028323565,200.0,200.0,U
21846,-61.55265111820532,15.557315193264087,200.0,200.0,U
21847,-61.552925197706685,15.560841575820804,200.0,200.0,U
21848,-61.5538489665775,15.55735032743375,200.0,200.0,U
21849,-61.55383654865789,15.55748925349628,200.0,200.0,U
21850,-61.552459583671954,15.558754227215816,200.0,200.0,U
21851,-61.551034164316675,15.558962443058434,200.0,200.0,U
21852,-61.55165773560156,15.556754552196235,200.0,200.0,U
21853,-61.55148274234442,15.559848136549986,200.0,200.0,U
21854,-61.551782032968106,15.55890236744332,200.0,200.0,U
21855,-61.55475628631062,15.554793417599294,200.0,200.0,U
21856,-61.55512714063103,15.559392807855899,200.0,200.0,U
21857,-61.55182894062079,15.5601419416531,200.0,200.0,U
21858,-61.553068962135384,15.557133168283144,200.0,200.0,U
21859,-61.55208046120613,15.556730135240594,200.0,200.0,U
21860,-61.55185763625823,15.55519663483667,200.0,200.0,U
21861,-61.552693422437486,15.557909992615116,200.0,200.0,U
21862,-61.55215040395103,15.557729815104196,200.0,200.0,U
21863,-61.55355413040375,15.557091404964778,200.0,200.0,U
22510,-61.55333492004569,15.557373991628914,200.0,200.0,U
22511,-61.55284455772247,15.556036716332603,200.0,200.0,U
22512,-61.55388001382141,15.556616318697206,200.0,200.0,U
22513,-61.55352813239553,15.55733596881108,200.0,200.0,U
22514,-61.553149092987596,15.55837550272739,200.0,200.0,U
22515,-61.55592526351262,15.556098355849814,200.0,200.0,U
22516,-61.55380331565051,15.55736687847457,200.0,200.0,U
22517,-61.553594009948704,15.557075764813376,200.0,200.0,U
22518,-61.556213680749906,15.555690855152804,200.0,200.0,U
22519,-61.55349734560538,15.557144586106128,200.0,200.0,U
22520,-61.55315474669299,15.558949678927748,200.0,200.0,U
22521,-61.55320969447606,15.557245656161562,200.0,200.0,U
22522,-61.553563493977585,15.55789076054917,200.0,200.0,U
22523,-61.555517195164924,15.558160522923751,200.0,200.0,U
22524,-61.55319938534425,15.557216423195394,200.0,200.0,U
22525,-61.554206525642364,15.556882511945162,200.0,200.0,U
22526,-61.553867183502604,15.55822758052364,200.0,200.0,U
22527,-61.552374050566385,15.556739312580701,200.0,200.0,U
22528,-61.55380219265029,15.556790737437783,200.0,200.0,U
22529,-61.55334119054293,15.557881945534978,200.0,200.0,U
22530,-61.55434797874381,15.558954795200082,200.0,200.0,U
22531,-61.55387908450802,15.557052866864868,200.0,200.0,U
22532,-61.55422872652286,15.557138888758463,200.0,200.0,U
22533,-61.55336848744854,15.556782581962146,200.0,200.0,U
22534,-61.553853719169254,15.558721162403991,200.0,200.0,U
22535,-61.55324185950021,15.557483001355322,200.0,200.0,U
22536,-61.55386655448375,15.558818011947423,200.0,200.0,U
22537,-61.55343266882986,15.557132312981492,200.0,200.0,U
22538,-61.55376941613977,15.557472087932961,200.0,200.0,U
22539,-61.55158011136727,15.5540695335143,200.0,200.0,U
22540,-61.55363137008313,15.55691517866857,200.0,200.0,U
22541,-61.551392313917084,15.558521859349382,200.0,200.0,U
22542,-61.55353214460223,15.556181430603766,200.0,200.0,U
22543,-61.55356690342069,15.557685961190828,200.0,200.0,U
22544,-61.55324928669248,15.557990092219558,200.0,200.0,U
22545,-61.55584595911163,15.556635737926253,200.0,200.0,U
22546,-61.55270440605793,15.556535305420445,200.0,200.0,U
22547,-61.55348574101694,15.554746633478048,200.0,200.0,U
22548,-61.55552442406348,15.556428123537158,200.0,200.0,U
22549,-61.55370404936563,15.557051071515007,200.0,200.0,U
22550,-61.554215285597614,15.558733708069585,200.0,200.0,U
22551,-61.55363702272866,15.558117388399952,200.0,200.0,U
22552,-61.55376968614917,15.557216582403854,200.0,200.0,U
22553,-61.55602678256204,15.554407972333827,200.0,200.0,U
22554,-61.55517233456432,15.55723882859151,200.0,200.0,U
22555,-61.55588724509556,15.554073240287678,200.0,200.0,U
22556,-61.55412657944226,15.556538398010884,200.0,200.0,U
22557,-61.55312145061821,15.556472707045907,200.0,200.0,U
22558,-61.55422001534518,15.556482034367386,200.0,200.0,U
22559,-61.554105001317545,15.557323905188145,200.0,200.0,U
22560,-61.55589171651566,15.558805243096023,200.0,200.0,U
22561,-61.553835038918606,15.560569554190057,200.0,200.0,U
22562,-61.554207566305536,15.55721111561975,200.0,200.0,U
22563,-61.55433135380992,15.557946838377024,200.0,200.0,U
22564,-61.55591490890646,15.556907984709683,200.0,200.0,U
22565,-61.55451826335425,15.556270807355055,200.0,200.0,U
22566,-61.55377301761579,15.556879266373544,200.0,200.0,U
22567,-61.55378163951482,15.557071503644258,200.0,200.0,U
22568,-61.55470627815445,15.558099049861351,200.0,200.0,U
22569,-61.55423125395103,15.558375672518576,200.0,200.0,U
22570,-61.55177892041802,15.556417522100078,200.0,200.0,U
22571,-61.54923768641921,15.55632891528566,200.0,200.0,U
22572,-61.55470279746183,15.555302409872592,200.0,200.0,U
22573,-61.55384681227284,15.558272512958283,200.0,200.0,U
22574,-61.553833917826566,15.557168517620122,200.0,200.0,U
22575,-61.550537248244936,15.557238355676704,200.0,200.0,U
22576,-61.55332218111999,15.55569062901622,200.0,200.0,U
22577,-61.553541744082416,15.556703363177316,200.0,200.0,U
22578,-61.554552723012705,15.554047601888865,200.0,200.0,U
22579,-61.552404780172,15.558368631699961,200.0,200.0,U
22580,-61.55358932921501,15.557787013763514,200.0,200.0,U
22581,-61.553802823345336,15.557108896240045,200.0,200.0,U
22582,-61.553793657941604,15.556933516446774,200.0,200.0,U
22583,-61.553577512921905,15.556992935818256,200.0,200.0,U
22584,-61.55384257258143,15.557004838599449,200.0,200.0,U
22585,-61.55422790506808,15.55721158212663,200.0,200.0,U
22586,-61.554672728910155,15.557847257294664,200.0,200.0,U
22587,-61.55176951466073,15.555604541112153,200.0,200.0,U
22588,-61.553086759503465,15.556339533432785,200.0,200.0,U
22589,-61.55358090125899,15.558074887080002,200.0,200.0,U
22590,-61.55722276757981,15.559103446784697,200.0,200.0,U
22591,-61.55332557662604,15.557517143796964,200.0,200.0,U
22592,-61.552106959738516,15.558296881202187,200.0,200.0,U
22593,-61.554219059268625,15.555815059887676,200.0,200.0,U
22594,-61.55356591519191,15.557081222633999,200.0,200.0,U
22595,-61.5539132018634,15.558519948294533,200.0,200.0,U
22596,-61.55599648355888,15.55676951593168,200.0,200.0,U
22597,-61.55515353097665,15.558873253277472,200.0,200.0,U
22598,-61.553577016341514,15.556548147987648,200.0,200.0,U
22599,-61.55241835095047,15.557101839035406,200.0,200.0,U
22600,-61.5526825789965,15.556575380185832,200.0,200.0,U
22601,-61.553142766372986,15.558128011029996,200.0,200.0,U
22602,-61.553829539730465,15.557138708828406,200.0,200.0,U
22603,-61.553466547074265,15.55536938426307,200.0,200.0,U
22604,-61.55416331834269,15.55697950804631,200.0,200.0,U
22605,-61.55374091294455,15.557229227541821,200.0,200.0,U
22606,-61.55372287777216,15.556860440975358,200.0,200.0,U
22607,-61.55532171794164,15.555012185102054,200.0,200.0,U
22608,-61.55357520961324,15.557125286970601,200.0,200.0,U
22609,-61.55381600567555,15.557700259646476,200.0,200.0,U
22610,-61.55217486997388,15.557976131519519,200.0,200.0,U
22611,-61.55492773203628,15.556392468458105,200.0,200.0,U
22612,-61.55189778748339,15.559031179978252,200.0,200.0,U
22613,-61.553698223153695,15.558230648920583,200.0,200.0,U
22614,-61.553344170462275,15.555248047679648,200.0,200.0,U
22615,-61.55398812185229,15.556493352878427,200.0,200.0,U
22616,-61.55479656020077,15.555040456682846,200.0,200.0,U
22617,-61.55432352438448,15.556022327547204,200.0,200.0,U
22618,-61.55230519516852,15.557027379822914,200.0,200.0,U
22619,-61.55331341946146,15.556905759442456,200.0,200.0,U
22620,-61.55160086528514,15.556512601178254,200.0,200.0,U
22621,-61.5517585744199,15.553593411913257,200.0,200.0,U
22622,-61.552864825005,15.555779205689284,200.0,200.0,U
22623,-61.55416112807132,15.558347243880018,200.0,200.0,U
22624,-61.5507979605219,15.558141394795731,200.0,200.0,U
22625,-61.55300059629289,15.559373733038658,200.0,200.0,U
22626,-61.55418603329576,15.556849905547075,200.0,200.0,U
22627,-61.551549253794626,15.55694138739162,200.0,200.0,U
22628,-61.553592501223164,15.557336391842721,200.0,200.0,U
22629,-61.55410168247921,15.55772126180755,200.0,200.0,U
22630,-61.55377998325391,15.556915642038792,200.0,200.0,U
22631,-61.55028762531863,15.557301554536163,200.0,200.0,U
22632,-61.556256211815956,15.556733623269432,200.0,200.0,U
22633,-61.5532671259777,15.556406219079927,200.0,200.0,U
22634,-61.55345506164479,15.556857582088831,200.0,200.0,U
22635,-61.549673844666714,15.556445671914874,200.0,200.0,U
22636,-61.5524861490679,15.556577140664968,200.0,200.0,U
22637,-61.55464921974764,15.557661521995783,200.0,200.0,U
22638,-61.549564174788905,15.556886961445704,200.0,200.0,U
22639,-61.55395953169808,15.556377201139066,200.0,200.0,U
22640,-61.55338958809803,15.5564971897878,200.0,200.0,U
22641,-61.55293802284704,15.55688229264887,200.0,200.0,U
22642,-61.555550366925274,15.555883710054967,200.0,200.0,U
22643,-61.55234168291451,15.55738010799037,200.0,200.0,U
22644,-61.55502474497762,15.556698764628026,200.0,200.0,U
22645,-61.557830975478254,15.55925723090748,200.0,200.0,U
22646,-61.55339567261821,15.557600709881491,200.0,200.0,U
22647,-61.55456226401129,15.55684936478412,200.0,200.0,U
22648,-61.55595824291767,15.558591693654922,200.0,200.0,U
22649,-61.552749652532526,15.557724905368561,200.0,200.0,U
22650,-61.55286839438329,15.558122296000363,200.0,200.0,U
22651,-61.55257622065667,15.557623108374505,200.0,200.0,U
22652,-61.55332207329149,15.556918346374571,200.0,200.0,U
22653,-61.55384287405971,15.557005980534829,200.0,200.0,U
22654,-61.55569639846494,15.557718203005772,200.0,200.0,U
22655,-61.553549737009874,15.557140159737378,200.0,200.0,U
22656,-61.550178592242986,15.558633525258305,200.0,200.0,U
22657,-61.55379394151016,15.555799014333648,200.0,200.0,U
22658,-61.55249411180602,15.558261130152523,200.0,200.0,U
22659,-61.553758494963255,15.557169852844824,200.0,200.0,U
22660,-61.55404593898031,15.558059238966159,200.0,200.0,U
22661,-61.5543504571147,15.55606106947228,200.0,200.0,U
22662,-61.55487493665697,15.556460431814571,200.0,200.0,U
22663,-61.55359560092759,15.556964490954172,200.0,200.0,U
22664,-61.55585994339384,15.554973986137881,200.0,200.0,U
22665,-61.55340032966076,15.55355355300488,200.0,200.0,U
22666,-61.55309667368293,15.557081375819283,200.0,200.0,U
22667,-61.55411015953189,15.555530521718419,200.0,200.0,U
22668,-61.55098322932969,15.555647288266819,200.0,200.0,U
22669,-61.55482000579772,15.559735518121274,200.0,200.0,U
22670,-61.54989499333204,15.556564719568698,200.0,200.0,U
22671,-61.556156649050195,15.558977801442024,200.0,200.0,U
22672,-61.552523960773115,15.555922224125766,200.0,200.0,U
22673,-61.55380191425869,15.559667054234893,200.0,200.0,U
22674,-61.55368256379341,15.557427739424977,200.0,200.0,U
22675,-61.55483444642148,15.559823564875712,200.0,200.0,U
22676,-61.553802297417064,15.556202805201703,200.0,200.0,U
22677,-61.55440560278806,15.555659455119319,200.0,200.0,U
22678,-61.55590841441412,15.558065904647968,200.0,200.0,U
22679,-61.55395597250682,15.555421983891923,200.0,200.0,U
22680,-61.55244757674605,15.557572392508662,200.0,200.0,U
22681,-61.55463414290463,15.556308402903726,200.0,200.0,U
22682,-61.55418902441204,15.5579019490584,200.0,200.0,U
22683,-61.55385586877431,15.556963447779696,200.0,200.0,U
22684,-61.553415372641055,15.557539005679658,200.0,200.0,U
22685,-61.55437630892621,15.557199200203447,200.0,200.0,U
22686,-61.55096489827974,15.558311363490185,200.0,200.0,U
22687,-61.554460889944316,15.557006085890077,200.0,200.0,U
22688,-61.55421600141936,15.55848896553315,200.0,200.0,U
22689,-61.55330930403516,15.556202170334846,200.0,200.0,U
22690,-61.55348107505388,15.555839854551612,200.0,200.0,U
22691,-61.5533174345854,15.556328158213619,200.0,200.0,U
22692,-61.55392082814784,15.557257632368644,200.0,200.0,U
22693,-61.55377291054039,15.557808180967788,200.0,200.0,U
22694,-61.550373138313425,15.553065366813325,200.0,200.0,U
22695,-61.55574655358914,15.557756933487548,200.0,200.0,U
22696,-61.55477990492464,15.557780152003952,200.0,200.0,U
22697,-61.552393426254234,15.558114936716743,200.0,200.0,U
22698,-61.55420193178898,15.557795696076747,200.0,200.0,U
22699,-61.55390705592279,15.556993318544178,200.0,200.0,U
22700,-61.554604677549435,15.55730019705335,200.0,200.0,U
22701,-61.554100081761135,15.557654083963277,200.0,200.0,U
22702,-61.55378141673145,15.557068489079583,200.0,200.0,U
22703,-61.55385073333515,15.558039803070995,200.0,200.0,U
22704,-61.55389407709713,15.557343564079686,200.0,200.0,U
22705,-61.555298063058956,15.554938323089859,200.0,200.0,U
22706,-61.55335400615225,15.557154527423153,200.0,200.0,U
22707,-61.55234710974886,15.55770805659259,200.0,200.0,U
22708,-61.55528198555946,15.560319528922943,200.0,200.0,U
22709,-61.55521378377984,15.5603044721045,200.0,200.0,U
22710,-61.55446388600672,15.558540746405383,200.0,200.0,U
22711,-61.55769948746493,15.55717583628631,200.0,200.0,U
22712,-61.55696888855913,15.559615471911936,200.0,200.0,U
22713,-61.55448518020112,15.557233497830586,200.0,200.0,U
22714,-61.55316882236817,15.557679963185533,200.0,200.0,U
22715,-61.55411118290619,15.557944546799026,200.0,200.0,U
22716,-61.553888995571015,15.557056496594756,200.0,200.0,U
22717,-61.5547455993402,15.556847913208557,200.0,200.0,U
22718,-61.55444241772246,15.556365289603974,200.0,200.0,U
22719,-61.555587325997834,15.55481749080188,200.0,200.0,U
22720,-61.554225106951634,15.556615830840547,200.0,200.0,U
22721,-61.553423196227534,15.553038080552717,200.0,200.0,U
22722,-61.55208003718055,15.556899061143328,200.0,200.0,U
22723,-61.55393969551282,15.556882084025737,200.0,200.0,U
22724,-61.554099975780034,15.55625404148593,200.0,200.0,U
22725,-61.55337757962798,15.555708976402336,200.0,200.0,U
22726,-61.55124809208694,15.556018562991028,200.0,200.0,U
22727,-61.554218490426116,15.556929131225818,200.0,200.0,U
22728,-61.55361529399596,15.557197823019909,200.0,200.0,U
22729,-61.5510387798256,15.55626180367602,200.0,200.0,U
22730,-61.556544968257796,15.55677290429354,200.0,200.0,U
22731,-61.55465027640997,15.556950522626392,200.0,200.0,U
22732,-61.553884534338536,15.560561469522133,200.0,200.0,U
22733,-61.554015200044994,15.556854483372566,200.0,200.0,U
22734,-61.5539222533699,15.556919449127461,200.0,200.0,U
22735,-61.55410213459698,15.556121131789688,200.0,200.0,U
22736,-61.553006335059116,15.55539521287213,200.0,200.0,U
22737,-61.553858705965496,15.55597946641009,200.0,200.0,U
22738,-61.55471006804043,15.553832834483813,200.0,200.0,U
22739,-61.55367475039605,15.556131821752846,200.0,200.0,U
22740,-61.55359931539589,15.55670234445617,200.0,200.0,U
22741,-61.551480450823746,15.555771917799072,200.0,200.0,U
22742,-61.55463784486765,15.559201712622707,200.0,200.0,U
22743,-61.55496701843418,15.554429120331429,200.0,200.0,U
22744,-61.55446845348992,15.557751671460577,200.0,200.0,U
22745,-61.55382708890027,15.556535435690904,200.0,200.0,U
22746,-61.55615908078227,15.560081354621358,200.0,200.0,U
22747,-61.55412153678464,15.556931473515219,200.0,200.0,U
22748,-61.55364301933835,15.555751321123392,200.0,200.0,U
22749,-61.5519361922868,15.557376108318081,200.0,200.0,U
22750,-61.55438126994351,15.555718695246103,200.0,200.0,U
22751,-61.5548974675398,15.557694273604818,200.0,200.0,U
22752,-61.55402021146233,15.556976019987697,200.0,200.0,U
22753,-61.55575346789694,15.555361174996328,200.0,200.0,U
22754,-61.55238275407266,15.557529329998838,200.0,200.0,U
22755,-61.55330961122948,15.55830214670638,200.0,200.0,U
22756,-61.55698181175361,15.557363083411568,200.0,200.0,U
22757,-61.55433281213313,15.55702474453891,200.0,200.0,U
22758,-61.55620449701299,15.556068189213267,200.0,200.0,U
22759,-61.55482870424267,15.556191597519478,200.0,200.0,U
22760,-61.552896752028104,15.558267545796854,200.0,200.0,U
22761,-61.55215752226766,15.55766306317343,200.0,200.0,U
22762,-61.55468820191186,15.556890493427483,200.0,200.0,U
22763,-61.553707064157415,15.555092923259291,200.0,200.0,U
22764,-61.55382687614053,15.557367967323524,200.0,200.0,U
22765,-61.55476604921366,15.557346623170421,200.0,200.0,U
22766,-61.55610846916922,15.55746037450254,200.0,200.0,U
22767,-61.55366122659788,15.556677543379463,200.0,200.0,U
22768,-61.553981302557546,15.55700130488471,200.0,200.0,U
22769,-61.55499076645498,15.557372415924402,200.0,200.0,U
22770,-61.55292745140274,15.555141740865453,200.0,200.0,U
22771,-61.55371327637941,15.55704549213807,200.0,200.0,U
22772,-61.55326533581449,15.558207601380735,200.0,200.0,U
22773,-61.55262503614263,15.55932254894481,200.0,200.0,U
22774,-61.55467991925092,15.557337444428224,200.0,200.0,U
22775,-61.55492476313703,15.555590780321177,200.0,200.0,U
22776,-61.553732920629585,15.555954225923207,200.0,200.0,U
22777,-61.553961019353586,15.557221011101952,200.0,200.0,U
22778,-61.55378857345177,15.557596057836072,200.0,200.0,U
22779,-61.55461139657944,15.559235575829822,200.0,200.0,U
22780,-61.5529655727433,15.557385494214051,200.0,200.0,U
22781,-61.55232501219376,15.559208811944995,200.0,200.0,U
22782,-61.55508914053843,15.55668799603049,200.0,200.0,U
22783,-61.55228841860099,15.55631419391524,200.0,200.0,U
22784,-61.55443500461747,15.558636471847256,200.0,200.0,U
22785,-61.5539289457676,15.556873393100005,200.0,200.0,U
22786,-61.55327527370579,15.556803020452449,200.0,200.0,U
22787,-61.55461971034763,15.557245782035146,200.0,200.0,U
22788,-61.55399640822799,15.557013249696704,200.0,200.0,U
22789,-61.553713825136974,15.55620403694783,200.0,200.0,U
22790,-61.55376739240519,15.55828471122583,200.0,200.0,U
22791,-61.554270751278075,15.556259839674428,200.0,200.0,U
22792,-61.55302690467504,15.556761758731035,200.0,200.0,U
22793,-61.55370926532076,15.557528479408004,200.0,200.0,U
22794,-61.552732303159004,15.557657210484175,200.0,200.0,U
22795,-61.55358849383433,15.556831675315955,200.0,200.0,U
22796,-61.55406279696262,15.556779762273298,200.0,200.0,U
22797,-61.55396786808838,15.557050703513745,200.0,200.0,U
22798,-61.55359758670579,15.554780782272696,200.0,200.0,U
22799,-61.553167394911384,15.558950830047639,200.0,200.0,U
22800,-61.555357034834564,15.558197530645241,200.0,200.0,U
22801,-61.554787708114134,15.55675674901375,200.0,200.0,U
22802,-61.55552525702449,15.552253142181334,200.0,200.0,U
22803,-61.55604727537324,15.555304471477863,200.0,200.0,U
22804,-61.554070636815936,15.556995029197656,200.0,200.0,U
22805,-61.55495468344267,15.557972303521804,200.0,200.0,U
22806,-61.553097235890654,15.55730626686618,200.0,200.0,U
22807,-61.55300605807741,15.558160525894982,200.0,200.0,U
22808,-61.553919995651846,15.557111658824335,200.0,200.0,U
22809,-61.55253347285322,15.556127662364968,200.0,200.0,U
22810,-61.553714312963905,15.555738776714307,200.0,200.0,U
22811,-61.55442133133,15.557147709657956,200.0,200.0,U
22812,-61.55495797503313,15.557120892301768,200.0,200.0,U
22813,-61.55396478083898,15.557516831751434,200.0,200.0,U
22814,-61.55599423864804,15.556563458961028,200.0,200.0,U
22815,-61.55494244913992,15.557169916690524,200.0,200.0,U
22816,-61.554658771934356,15.556227514807203,200.0,200.0,U
22817,-61.552694323527454,15.561073164967798,200.0,200.0,U
22818,-61.5540289877159,15.553677772279999,200.0,200.0,U
22819,-61.55462374860501,15.558601376233746,200.0,200.0,U
22820,-61.555501237104444,15.556419030553476,200.0,200.0,U
22821,-61.55441801817069,15.555945396153682,200.0,200.0,U
22822,-61.55325620356955,15.558930610143102,200.0,200.0,U
22823,-61.55533358603798,15.556906455082476,200.0,200.0,U
22824,-61.552685082108894,15.556425530785425,200.0,200.0,U
22825,-61.555577528154956,15.556022392161038,200.0,200.0,U
22826,-61.55401486777828,15.557020047491868,200.0,200.0,U
22827,-61.553917795886804,15.555258136710524,200.0,200.0,U
22828,-61.55407237987011,15.556288921077202,200.0,200.0,U
22829,-61.55256391777835,15.556627180955084,200.0,200.0,U
22830,-61.55423567906151,15.556594636209342,200.0,200.0,U
22831,-61.55292936046755,15.555073387132486,200.0,200.0,U
22832,-61.55567977584459,15.558651513031284,200.0,200.0,U
22833,-61.55259596165533,15.5569513045915,200.0,200.0,U
22834,-61.55420919935215,15.557069897996607,200.0,200.0,U
22835,-61.55263311160041,15.55657416466449,200.0,200.0,U
22836,-61.55409927701692,15.556945166117005,200.0,200.0,U
22837,-61.554182677404235,15.556572521717797,200.0,200.0,U
22838,-61.551825131556775,15.555144120828842,200.0,200.0,U
22839,-61.555982864104536,15.557954771719004,200.0,200.0,U
22840,-61.55385883406043,15.556544480800056,200.0,200.0,U
22841,-61.5541700966458,15.55698364465583,200.0,200.0,U
22842,-61.55352766903244,15.557808934137665,200.0,200.0,U
22843,-61.55341952346074,15.55528818359991,200.0,200.0,U
22844,-61.55494807560742,15.553783614531582,200.0,200.0,U
22845,-61.55392220819619,15.557078454990892,200.0,200.0,U
22846,-61.553568562194414,15.556510686457845,200.0,200.0,U
22847,-61.55387748174291,15.556828814670375,200.0,200.0,U
22848,-61.55451410155594,15.55645997686585,200.0,200.0,U
22849,-61.55503087739213,15.558110314732183,200.0,200.0,U
22850,-61.553221503344275,15.555810763200567,200.0,200.0,U
22851,-61.553932065899915,15.557019148286342,200.0,200.0,U
22852,-61.55453750354404,15.558798620358083,200.0,200.0,U
22853,-61.552955178265734,15.552309584602767,200.0,200.0,U
22854,-61.55445816114409,15.556882312459154,200.0,200.0,U
22855,-61.55408005798476,15.556981922421507,200.0,200.0,U
22856,-61.553329247302266,15.556339987501065,200.0,200.0,U
22857,-61.554154661966805,15.5564853696828,200.0,200.0,U
22858,-61.55357938742587,15.557467609834267,200.0,200.0,U
22859,-61.55471251014427,15.556727503817545,200.0,200.0,U
22860,-61.55467194710741,15.555730080682846,200.0,200.0,U
22861,-61.55425352437742,15.556023468865227,200.0,200.0,U
22862,-61.554003501136044,15.558062830702728,200.0,200.0,U
22863,-61.55194366551767,15.55800351293833,200.0,200.0,U
22864,-61.55327254898251,15.559250426302878,200.0,200.0,U
22865,-61.55052002381504,15.557959729062912,200.0,200.0,U
22866,-61.55380245980661,15.556099804370392,200.0,200.0,U
22867,-61.55335320384815,15.55469575799214,200.0,200.0,U
22868,-61.553569357484484,15.557056442495751,200.0,200.0,U
22869,-61.55834830624207,15.554803852201339,200.0,200.0,U
22870,-61.55374950390157,15.557529317480318,200.0,200.0,U
22871,-61.552124388824986,15.555756016029658,200.0,200.0,U
22872,-61.554526637746356,15.55735157545511,200.0,200.0,U
22873,-61.553846346173614,15.557237558575682,200.0,200.0,U
22874,-61.55505949964884,15.557281567499773,200.0,200.0,U
22875,-61.55423621602777,15.558401579334785,200.0,200.0,U
22876,-61.55397976772711,15.555725745120561,200.0,200.0,U
22877,-61.554440170777774,15.55668314577794,200.0,200.0,U
22878,-61.55384251929462,15.555331833656716,200.0,200.0,U
22879,-61.55374313667261,15.556931327300521,200.0,200.0,U
22880,-61.55534670706919,15.55719397633578,200.0,200.0,U
22881,-61.554244770882754,15.55869696386908,200.0,200.0,U
22882,-61.553895140547986,15.557267669311447,200.0,200.0,U
22883,-61.552694057260936,15.557009042393735,200.0,200.0,U
22884,-61.55340281133616,15.558050562063194,200.0,200.0,U
22885,-61.55547933292475,15.556257082052005,200.0,200.0,U
22886,-61.55406602794459,15.55617357898446,200.0,200.0,U
22887,-61.55370164138103,15.556796273932477,200.0,200.0,U
22888,-61.55471493983616,15.557855586956007,200.0,200.0,U
22889,-61.55097188432294,15.557871949758855,200.0,200.0,U
22890,-61.55422243326722,15.5582638306827,200.0,200.0,U
22891,-61.555059435732545,15.556800365312919,200.0,200.0,U
22892,-61.55408304059954,15.55679876012595,200.0,200.0,U
22893,-61.55456640711024,15.557332315253749,200.0,200.0,U
22894,-61.55417576222772,15.555999443564744,200.0,200.0,U
22895,-61.551233750042904,15.561294974546783,200.0,200.0,U
22896,-61.555682502540215,15.557145865401619,200.0,200.0,U
22897,-61.55749506198501,15.55769179773914,200.0,200.0,U
22898,-61.55795442603878,15.55899691254894,200.0,200.0,U
22899,-61.5540531973443,15.557039462589467,200.0,200.0,U
22900,-61.55393389218258,15.558547782180796,200.0,200.0,U
22901,-61.555221079629234,15.555901647273611,200.0,200.0,U
22902,-61.55508634553256,15.558105910894144,200.0,200.0,U
22903,-61.552166966217435,15.557072656933178,200.0,200.0,U
22904,-61.55390338144836,15.555229858364495,200.0,200.0,U
22905,-61.55446641763093,15.556751907687287,200.0,200.0,U
22906,-61.554230745013385,15.557814652224524,200.0,200.0,U
22907,-61.55276863583137,15.55777297934167,200.0,200.0,U
22908,-61.55473275970261,15.556457787078502,200.0,200.0,U
22909,-61.55493955268978,15.556086265334157,200.0,200.0,U
22910,-61.554005430672504,15.555306087038787,200.0,200.0,U
22911,-61.55404858052713,15.556922868518864,200.0,200.0,U
22912,-61.55407609459492,15.5572887567171,200.0,200.0,U
22913,-61.55419592035886,15.559991316476195,200.0,200.0,U
22914,-61.55391844327204,15.557396672687947,200.0,200.0,U
22915,-61.554200143410675,15.55695416001841,200.0,200.0,U
22916,-61.55447351190336,15.55487321564348,200.0,200.0,U
22917,-61.55535978177588,15.558064576057896,200.0,200.0,U
22918,-61.55614805861446,15.556332725882607,200.0,200.0,U
22919,-61.554080482561844,15.556353484839125,200.0,200.0,U
22920,-61.55406728335635,15.557219812262954,200.0,200.0,U
22921,-61.55285852500951,15.555526741373736,200.0,200.0,U
22922,-61.55428408577392,15.557022012552162,200.0,200.0,U
22923,-61.55233023838511,15.556669095663432,200.0,200.0,U
22924,-61.553961801900705,15.556744220984067,200.0,200.0,U
22925,-61.55449439928888,15.556318781145105,200.0,200.0,U
22926,-61.55460052038733,15.557061789140361,200.0,200.0,U
22927,-61.555389505189105,15.55771627752517,200.0,200.0,U
22928,-61.55682939613138,15.55866318946336,200.0,200.0,U
22929,-61.55412426572164,15.557199517882605,200.0,200.0,U
22930,-61.553218961096604,15.5590941439451,200.0,200.0,U
22931,-61.55469528210085,15.558120886459747,200.0,200.0,U
22932,-61.55377659284903,15.55701031202332,200.0,200.0,U
22933,-61.55714777260231,15.555150613323724,200.0,200.0,U
22934,-61.553027539280606,15.556860871374804,200.0,200.0,U
22935,-61.55257923664853,15.556800734206016,200.0,200.0,U
22936,-61.55325797619486,15.557285959321131,200.0,200.0,U
22937,-61.55430530622245,15.557117385443778,200.0,200.0,U
22938,-61.554453021592046,15.556988793340844,200.0,200.0,U
22939,-61.5522946000284,15.559712953962103,200.0,200.0,U
22940,-61.55317408803195,15.556012256638642,200.0,200.0,U
22941,-61.55531164648493,15.557952064158021,200.0,200.0,U
22942,-61.553500798445874,15.5578662671595,200.0,200.0,U
22943,-61.55524191701471,15.556080359351665,200.0,200.0,U
22944,-61.552550154718915,15.556616568283937,200.0,200.0,U
22945,-61.55401017077467,15.555717894848748,200.0,200.0,U
22946,-61.55147458440148,15.558310676522106,200.0,200.0,U
22947,-61.55386236692012,15.557123441739625,200.0,200.0,U
22948,-61.55115636986965,15.555964837900827,200.0,200.0,U
22949,-61.5549814276403,15.557612219191103,200.0,200.0,U
22950,-61.55179516979556,15.556093619627717,200.0,200.0,U
22951,-61.55683803491073,15.556077293436292,200.0,200.0,U
22952,-61.55402807500414,15.554957944032203,200.0,200.0,U
22953,-61.5529938345672,15.555403472182554,200.0,200.0,U
22954,-61.55413670840847,15.557008250291435,200.0,200.0,U
22955,-61.558077452843115,15.55698380920002,200.0,200.0,U
22956,-61.55462691938776,15.558051061109834,200.0,200.0,U
22957,-61.55387555861062,15.55894511099625,200.0,200.0,U
22958,-61.55427480109317,15.556229837788024,200.0,200.0,U
22959,-61.55454957872014,15.558555329202715,200.0,200.0,U
22960,-61.557481514501525,15.555460599331484,200.0,200.0,U
22961,-61.556744763353294,15.555122137766752,200.0,200.0,U
22962,-61.555171595640125,15.555939815637288,200.0,200.0,U
22963,-61.55221989551025,15.55664243510088,200.0,200.0,U
22964,-61.55634794738583,15.55934854237749,200.0,200.0,U
22965,-61.554128879727664,15.557162810284476,200.0,200.0,U
22966,-61.557023848461725,15.55846172967257,200.0,200.0,U
22967,-61.55397666637772,15.557861481408603,200.0,200.0,U
22968,-61.554880489145695,15.55732043837525,200.0,200.0,U
22969,-61.55775542345938,15.556208828819264,200.0,200.0,U
22970,-61.55397019651201,15.552772608184853,200.0,200.0,U
22971,-61.55250981623799,15.556701429582777,200.0,200.0,U
22972,-61.55397696732127,15.55910826726957,200.0,200.0,U
22973,-61.554809305926796,15.55998381481885,200.0,200.0,U
22974,-61.55420173384487,15.558041587032138,200.0,200.0,U
22975,-61.55339150307547,15.555785236496948,200.0,200.0,U
22976,-61.554375117263504,15.556099679949813,200.0,200.0,U
22977,-61.55494435787707,15.556626300806784,200.0,200.0,U
22978,-61.554904266581126,15.556798453376572,200.0,200.0,U
22979,-61.55471517987541,15.558533973506425,200.0,200.0,U
22980,-61.55419460888285,15.555671843925733,200.0,200.0,U
22981,-61.55535150513027,15.554277720089255,200.0,200.0,U
22982,-61.553469447040854,15.557814931777495,200.0,200.0,U
22983,-61.55477013607041,15.559222878523519,200.0,200.0,U
22984,-61.5541949219251,15.556750862681215,200.0,200.0,U
22985,-61.55680040885475,15.555950912814366,200.0,200.0,U
22986,-61.553428597190454,15.556024829461107,200.0,200.0,U
22987,-61.55450194114066,15.55645160975249,200.0,200.0,U
22988,-61.555366910974655,15.55698654352078,200.0,200.0,U
22989,-61.554571906188485,15.556523587178788,200.0,200.0,U
22990,-61.55659332617993,15.555729384798108,200.0,200.0,U
22991,-61.55210496713323,15.556856237220206,200.0,200.0,U
22992,-61.55354205628265,15.556780735959707,200.0,200.0,U
22993,-61.55428478728065,15.556697461883406,200.0,200.0,U
22994,-61.55360315079459,15.554577890678758,200.0,200.0,U
22995,-61.55425266552939,15.556950540199951,200.0,200.0,U
22996,-61.55438791503547,15.558367953245321,200.0,200.0,U
22997,-61.551935530431784,15.556877957851654,200.0,200.0,U
22998,-61.55326213749161,15.560650836886875,200.0,200.0,U
22999,-61.555247550146035,15.555749081689328,200.0,200.0,U
23000,-61.55423821030263,15.554372110004124,200.0,200.0,U
23001,-61.554322801031226,15.556856193150853,200.0,200.0,U
23002,-61.55462481083884,15.556869694010699,200.0,200.0,U
23003,-61.554585970151095,15.556993787212322,200.0,200.0,U
23004,-61.554678223394745,15.556507894313452,200.0,200.0,U
23005,-61.554234240562,15.557074620718321,200.0,200.0,U
23006,-61.55430219107748,15.55583538366097,200.0,200.0,U
23007,-61.5538902522073,15.558119644472804,200.0,200.0,U
23008,-61.5522465705995,15.560708640156468,200.0,200.0,U
23009,-61.55194804425703,15.560877284803682,200.0,200.0,U
23010,-61.55439153270351,15.556919170635357,200.0,200.0,U
23011,-61.554557918289916,15.555392326622856,200.0,200.0,U
23012,-61.554475347171454,15.55673220337278,200.0,200.0,U
23013,-61.55367097826276,15.55792353998539,200.0,200.0,U
23014,-61.55299917675893,15.560975124522267,200.0,200.0,U
23015,-61.55519242435415,15.556098117645814,200.0,200.0,U
23016,-61.553422221287505,15.557058448700598,200.0,200.0,U
23017,-61.553708979552916,15.557667185712614,200.0,200.0,U
23018,-61.55382033213525,15.55710467473657,200.0,200.0,U
23019,-61.55383255582276,15.558910282788663,200.0,200.0,U
23020,-61.555360668112684,15.557684879892058,200.0,200.0,U
23021,-61.55361620721911,15.557445570282495,200.0,200.0,U
23022,-61.553586892037,15.556488480102148,200.0,200.0,U
23023,-61.55249734845701,15.555852727000735,200.0,200.0,U
23024,-61.55546644144528,15.55854253106568,200.0,200.0,U
23025,-61.55246910209283,15.558497998058382,200.0,200.0,U
23026,-61.55430360115556,15.5568506625182,200.0,200.0,U
23027,-61.55339329079485,15.556497422750006,200.0,200.0,U
23028,-61.55086442977558,15.554510144707864,200.0,200.0,U
23029,-61.55237385680097,15.554191982206023,200.0,200.0,U
23030,-61.554330183216145,15.556904222266436,200.0,200.0,U
23031,-61.5541360379943,15.559471835518377,200.0,200.0,U
23032,-61.55621761951867,15.557796202668849,200.0,200.0,U
23033,-61.55438540548236,15.55712953736522,200.0,200.0,U
23034,-61.55488403039937,15.557217062029263,200.0,200.0,U
23035,-61.55510441566433,15.554556430793326,200.0,200.0,U
23036,-61.55411270668607,15.555946023082171,200.0,200.0,U
23037,-61.55417267149839,15.556422887104874,200.0,200.0,U
23038,-61.5557600456223,15.556159650732994,200.0,200.0,U
23039,-61.55424526685416,15.557431235116963,200.0,200.0,U
23040,-61.55702622680202,15.558138029875796,200.0,200.0,U
23041,-61.553778468489824,15.55632637401473,200.0,200.0,U
23042,-61.55751154754858,15.557265773124605,200.0,200.0,U
23043,-61.558114585527335,15.55527626089379,200.0,200.0,U
23044,-61.55518606523511,15.557137058222091,200.0,200.0,U
23045,-61.55401757054119,15.557635872912643,200.0,200.0,U
23046,-61.55459118624073,15.555831455092097,200.0,200.0,U
23047,-61.55602480533996,15.555946319871616,200.0,200.0,U
23048,-61.5528637602025,15.557436091333605,200.0,200.0,U
23049,-61.55466639826325,15.556925660603296,200.0,200.0,U
23050,-61.55445068473347,15.557135487120817,200.0,200.0,U
23051,-61.55679717982387,15.556236645070152,200.0,200.0,U
23052,-61.55516918720337,15.557410659343594,200.0,200.0,U
23053,-61.55487116238062,15.556825214400655,200.0,200.0,U
23054,-61.55368869555966,15.558838874992844,200.0,200.0,U
23055,-61.55354496421847,15.557406409700798,200.0,200.0,U
23056,-61.55522025134735,15.555750697425482,200.0,200.0,U
23057,-61.55276299395237,15.557357168236754,200.0,200.0,U
23058,-61.55472613716018,15.556525282771522,200.0,200.0,U
23059,-61.553265429138875,15.55523025050436,200.0,200.0,U
23060,-61.554481171592066,15.555093283570306,200.0,200.0,U
23061,-61.55384521352001,15.556675157964376,200.0,200.0,U
23062,-61.55449811444896,15.556691234455464,200.0,200.0,U
23063,-61.55360292252943,15.556598458189786,200.0,200.0,U
23064,-61.553863558052136,15.55649570380672,200.0,200.0,U
23065,-61.55296410923878,15.5560799944493,200.0,200.0,U
23066,-61.55498916393702,15.55736373578601,200.0,200.0,U
23067,-61.55445762377785,15.557043662052143,200.0,200.0,U
23068,-61.55471564286103,15.557597574419123,200.0,200.0,U
23069,-61.5527622074314,15.557637000380817,200.0,200.0,U
23070,-61.553000424723905,15.556385699996202,200.0,200.0,U
23071,-61.55448459979278,15.55736863255846,200.0,200.0,U
23072,-61.55408779524211,15.55995657261419,200.0,200.0,U
23073,-61.55034227886305,15.55763897930587,200.0,200.0,U
23074,-61.557105766397164,15.556129293770757,200.0,200.0,U
23075,-61.55475356820178,15.555971399378638,200.0,200.0,U
23076,-61.553738894607605,15.556617167843873,200.0,200.0,U
23077,-61.554015289395004,15.558963592000868,200.0,200.0,U
23078,-61.55462591141577,15.557150188781637,200.0,200.0,U
23079,-61.55488851228371,15.556786625064785,200.0,200.0,U
23080,-61.553152759674504,15.555848276296741,200.0,200.0,U
23081,-61.55439632096332,15.556896696716889,200.0,200.0,U
23082,-61.55394896625945,15.55722262614119,200.0,200.0,U
23083,-61.55564043322882,15.55824327251465,200.0,200.0,U
23084,-61.55373940330581,15.554259675460548,200.0,200.0,U
23085,-61.55571132528967,15.55788168232196,200.0,200.0,U
23086,-61.55436341572297,15.559483921092461,200.0,200.0,U
23087,-61.554869560867886,15.558361500133687,200.0,200.0,U
23088,-61.55364709584723,15.556452605245894,200.0,200.0,U
23089,-61.55395857863011,15.556432510324086,200.0,200.0,U
23090,-61.55480117372235,15.556056960778035,200.0,200.0,U
23091,-61.55480039987678,15.556613106842391,200.0,200.0,U
23092,-61.55389092568708,15.557297414559596,200.0,200.0,U
23093,-61.55275278719383,15.554549340662403,200.0,200.0,U
23094,-61.5548532546934,15.557694506298038,200.0,200.0,U
23095,-61.553019297415176,15.558289513065379,200.0,200.0,U
23096,-61.55343485639651,15.557757473113133,200.0,200.0,U
23097,-61.55386502026359,15.556377872280727,200.0,200.0,U
23098,-61.554781395608394,15.558330925201448,200.0,200.0,U
23099,-61.55463356320829,15.555814869497977,200.0,200.0,U
23100,-61.553258171399904,15.557542833132388,200.0,200.0,U
23101,-61.55556756705808,15.556263185075045,200.0,200.0,U
23102,-61.55490126744247,15.558190864780078,200.0,200.0,U
23103,-61.55471696231265,15.55743898490705,200.0,200.0,U
23104,-61.5556763406513,15.557158499610937,200.0,200.0,U
23105,-61.55380370656232,15.555183369424523,200.0,200.0,U
23106,-61.554993249483005,15.55702084416521,200.0,200.0,U
23107,-61.55451931393184,15.557269926998435,200.0,200.0,U
23108,-61.55366348082774,15.559755814619539,200.0,200.0,U
23109,-61.55316121037275,15.556924866969483,200.0,200.0,U
23110,-61.55386379876533,15.556276771324942,200.0,200.0,U
23111,-61.55258977307135,15.55547280055406,200.0,200.0,U
23112,-61.552342048709356,15.556418722807383,200.0,200.0,U
23113,-61.555000644504474,15.557200602466411,200.0,200.0,U
23114,-61.55447285881252,15.555992099662465,200.0,200.0,U
23115,-61.55555181903457,15.555882306990542,200.0,200.0,U
23116,-61.554314788808675,15.558114885537995,200.0,200.0,U
23117,-61.5575103949927,15.55699098258202,200.0,200.0,U
23118,-61.55398073821252,15.557115850707115,200.0,200.0,U
23119,-61.55419170542013,15.55749110119851,200.0,200.0,U
23120,-61.55317130246311,15.557379088671976,200.0,200.0,U
23121,-61.554585409265286,15.55609309759987,200.0,200.0,U
23122,-61.55510211873958,15.556228394464393,200.0,200.0,U
23123,-61.555460677787856,15.556443246492055,200.0,200.0,U
23124,-61.55526618748145,15.557197050993894,200.0,200.0,U
23125,-61.555305419297525,15.557796135947793,200.0,200.0,U
23126,-61.55374836516642,15.55857737308448,200.0,200.0,U
23127,-61.55228599716975,15.557339602873371,200.0,200.0,U
23128,-61.55640649396932,15.55708242702617,200.0,200.0,U
23129,-61.55452956210467,15.557060543976567,200.0,200.0,U
23130,-61.55470988972659,15.554122300471862,200.0,200.0,U
23131,-61.55195071694507,15.558015348031843,200.0,200.0,U
23132,-61.55529773935195,15.556925624929649,200.0,200.0,U
23133,-61.554943769679596,15.55723515610704,200.0,200.0,U
23134,-61.5557950249447,15.55373445915265,200.0,200.0,U
23135,-61.5540974397099,15.5572829627512,200.0,200.0,U
23136,-61.555509071828695,15.55704053007494,200.0,200.0,U
23137,-61.55513287117978,15.553008580439386,200.0,200.0,U
23138,-61.551383515892866,15.557243308325539,200.0,200.0,U
23139,-61.55445596617694,15.556857663690481,200.0,200.0,U
23140,-61.554497043623265,15.556914651102014,200.0,200.0,U
23141,-61.55447575550228,15.556804861018835,200.0,200.0,U
23142,-61.55395733869278,15.55529591566505,200.0,200.0,U
23143,-61.55418068907019,15.553860411628063,200.0,200.0,U
23144,-61.55271888126115,15.55873692325492,200.0,200.0,U
23145,-61.554180699466954,15.55685229353273,200.0,200.0,U
23146,-61.55485211936318,15.557441457757266,200.0,200.0,U
23147,-61.55394678841769,15.556509661524066,200.0,200.0,U
23148,-61.55324520488193,15.556033529282256,200.0,200.0,U
23149,-61.5577935782329,15.556693574625406,200.0,200.0,U
23150,-61.554278179783125,15.557962574378857,200.0,200.0,U
23151,-61.55368495436408,15.556841780646751,200.0,200.0,U
23152,-61.55685820544874,15.557127285429354,200.0,200.0,U
23153,-61.55645957042819,15.556955555597431,200.0,200.0,U
23154,-61.55213309371765,15.558554007095474,200.0,200.0,U
23155,-61.555436335449215,15.556611998842207,200.0,200.0,U
23156,-61.55530821797214,15.556225632035973,200.0,200.0,U
23157,-61.55267935268202,15.560430135236887,200.0,200.0,U
23158,-61.55523965153132,15.556659604968909,200.0,200.0,U
23159,-61.55178576106632,15.556674109958413,200.0,200.0,U
23160,-61.55443287309296,15.5570738682254,200.0,200.0,U
23161,-61.55572217902108,15.55732582028079,200.0,200.0,U
23162,-61.555353173406786,15.555294628441043,200.0,200.0,U
23163,-61.55384362332639,15.555521115648679,200.0,200.0,U
23164,-61.55330919928185,15.557863321414493,200.0,200.0,U
23165,-61.55388352856182,15.557681657609528,200.0,200.0,U
23166,-61.55541167447658,15.5572865604495,200.0,200.0,U
23167,-61.55399510165076,15.555814598717555,200.0,200.0,U
23168,-61.553366542369986,15.557113840025325,200.0,200.0,U
23169,-61.55513159274375,15.556992342214606,200.0,200.0,U
23170,-61.554167624715404,15.557775872493796,200.0,200.0,U
23171,-61.554722305635224,15.556848741870182,200.0,200.0,U
23172,-61.55341330096411,15.55678492128289,200.0,200.0,U
23173,-61.556348537722165,15.555232011196487,200.0,200.0,U
23174,-61.55497527598964,15.556414192767859,200.0,200.0,U
23175,-61.55491481552976,15.55616993347991,200.0,200.0,U
23176,-61.55429079380638,15.556244637309058,200.0,200.0,U
23177,-61.556618685594245,15.557319994236828,200.0,200.0,U
23178,-61.55542119707886,15.556867205746332,200.0,200.0,U
23179,-61.55495085058438,15.55695333591554,200.0,200.0,U
23180,-61.55428515982991,15.557771798900754,200.0,200.0,U
23181,-61.55487083849096,15.558032571368196,200.0,200.0,U
23182,-61.55444128420956,15.556877339494541,200.0,200.0,U
23183,-61.55478763306993,15.558371385677574,200.0,200.0,U
23184,-61.55380482416362,15.554650468107837,200.0,200.0,U
23185,-61.55395453943978,15.555382709602915,200.0,200.0,U
23186,-61.554596236823585,15.556657518831152,200.0,200.0,U
23187,-61.55284036139098,15.558682881870183,200.0,200.0,U
23188,-61.55471353650335,15.55722177973736,200.0,200.0,U
23189,-61.55329794753353,15.55757068958286,200.0,200.0,U
23190,-61.553763273437326,15.557223969884099,200.0,200.0,U
23191,-61.55462999122979,15.55674903811746,200.0,200.0,U
23192,-61.554439204680925,15.55713155900132,200.0,200.0,U
23193,-61.55470217636378,15.557203883609995,200.0,200.0,U
23194,-61.55072618513864,15.557317775527727,200.0,200.0,U
23195,-61.556228306531025,15.556129078039014,200.0,200.0,U
23196,-61.55321526767821,15.557622450566658,200.0,200.0,U
23197,-61.55386660354348,15.559185493798068,200.0,200.0,U
23198,-61.55812964377108,15.5579644038046,200.0,200.0,U
23199,-61.55225209899876,15.554875076801325,200.0,200.0,U
23200,-61.55495852127532,15.554726879439308,200.0,200.0,U
23201,-61.55295141595233,15.556423773714823,200.0,200.0,U
23202,-61.55524159424134,15.557807950205918,200.0,200.0,U
23203,-61.555183299987654,15.55634076096958,200.0,200.0,U
23204,-61.554733171490874,15.556693386474233,200.0,200.0,U
23205,-61.55312457036065,15.556422232504637,200.0,200.0,U
23206,-61.556025595875205,15.557488131674345,200.0,200.0,U
23207,-61.55336428146699,15.5557357247903,200.0,200.0,U
23208,-61.55470971644832,15.558771054975244,200.0,200.0,U
23209,-61.55478717437987,15.555590460059134,200.0,200.0,U
23210,-61.55559379041764,15.555286659631546,200.0,200.0,U
23211,-61.554932771709545,15.55764810155998,200.0,200.0,U
23212,-61.5560320589035,15.557358550266866,200.0,200.0,U
23213,-61.55475489658027,15.5567479459553,200.0,200.0,U
23214,-61.554646827524074,15.556800736904748,200.0,200.0,U
23215,-61.55459036430383,15.55863226883098,200.0,200.0,U
23216,-61.555762713116565,15.55376389401293,200.0,200.0,U
23217,-61.553255310006314,15.556467606074374,200.0,200.0,U
23218,-61.553130142997,15.556907741389393,200.0,200.0,U
23219,-61.55486168001308,15.55938439735967,200.0,200.0,U
23220,-61.55613668999549,15.557845617381943,200.0,200.0,U
23221,-61.55394154771389,15.556464347609996,200.0,200.0,U
23222,-61.55384918860069,15.556842530607744,200.0,200.0,U
23223,-61.55359399125755,15.556341149864368,200.0,200.0,U
23224,-61.55337480070211,15.556776918096979,200.0,200.0,U
23225,-61.554552680064965,15.558086564658296,200.0,200.0,U
23226,-61.55461678410318,15.558875093770956,200.0,200.0,U
23227,-61.552027310498275,15.558861330979012,200.0,200.0,U
23228,-61.55432200813569,15.556712122014135,200.0,200.0,U
23229,-61.55506883636177,15.556544176794835,200.0,200.0,U
23230,-61.55424137307972,15.557700247836665,200.0,200.0,U
23231,-61.556301841748905,15.556354928088945,200.0,200.0,U
23232,-61.554116705034524,15.558898936613163,200.0,200.0,U
23233,-61.55442099640004,15.557231895373862,200.0,200.0,U
23234,-61.5542966712384,15.557094834273704,200.0,200.0,U
23235,-61.55765670530173,15.558240836467709,200.0,200.0,U
23236,-61.55448067276381,15.554035959821348,200.0,200.0,U
23237,-61.55458055458015,15.556911661043033,200.0,200.0,U
23238,-61.555268035910935,15.556346134119835,200.0,200.0,U
23239,-61.55690708076528,15.553900728243484,200.0,200.0,U
23240,-61.55487007681471,15.556810161391004,200.0,200.0,U
23241,-61.55295835863235,15.555870118267121,200.0,200.0,U
23242,-61.55593943764722,15.555909585339954,200.0,200.0,U
23243,-61.554845982049706,15.55700060843699,200.0,200.0,U
23244,-61.55260810538747,15.556969911522913,200.0,200.0,U
23245,-61.55440730303586,15.55703899726301,200.0,200.0,U
23246,-61.5570322354569,15.558572301201837,200.0,200.0,U
23247,-61.55274366779758,15.556565052897415,200.0,200.0,U
23248,-61.555551664450924,15.55763805138951,200.0,200.0,U
23249,-61.55649038154489,15.557761655087242,200.0,200.0,U
23250,-61.554927090490864,15.555227895025517,200.0,200.0,U
23251,-61.55633213447466,15.557193160535288,200.0,200.0,U
23252,-61.55613004747937,15.557146285959151,200.0,200.0,U
23253,-61.55344182707465,15.556958057626193,200.0,200.0,U
23254,-61.55446755950069,15.559268722652794,200.0,200.0,U
23255,-61.55436777623519,15.556291412264557,200.0,200.0,U
23256,-61.55469603685702,15.555746037336727,200.0,200.0,U
23257,-61.55537516112738,15.554946742391113,200.0,200.0,U
23258,-61.55488019711998,15.556804193044192,200.0,200.0,U
23259,-61.557442521599526,15.556199487648751,200.0,200.0,U
23260,-61.549398523276466,15.557874126129917,200.0,200.0,U
23261,-61.5538205209737,15.55713903276368,200.0,200.0,U
23262,-61.55495782052364,15.55899409600447,200.0,200.0,U
23263,-61.55609322607938,15.558906835853774,200.0,200.0,U
23264,-61.55457986612945,15.555133938215942,200.0,200.0,U
23265,-61.55474590389837,15.555705760505262,200.0,200.0,U
23266,-61.55559111626934,15.556164240890755,200.0,200.0,U
23267,-61.55641788903535,15.554029907353934,200.0,200.0,U
23268,-61.55467430669116,15.558679424324076,200.0,200.0,U
23269,-61.55461704095626,15.556543448297793,200.0,200.0,U
23270,-61.55458533012434,15.557135225385908,200.0,200.0,U
23271,-61.55445882528022,15.556866729477422,200.0,200.0,U
23272,-61.557038732839224,15.558263319486564,200.0,200.0,U
23273,-61.55568025992015,15.558383650771672,200.0,200.0,U
23274,-61.55635341049678,15.557354289371563,200.0,200.0,U
23275,-61.55433057860078,15.558278374376556,200.0,200.0,U
23276,-61.55401747573978,15.556437941619919,200.0,200.0,U
23277,-61.55468729062102,15.55602561752383,200.0,200.0,U
23278,-61.55343172492666,15.555738534288228,200.0,200.0,U
23279,-61.55644149016912,15.555820235496201,200.0,200.0,U
23280,-61.55501456518804,15.55819538605193,200.0,200.0,U
23281,-61.554580798200675,15.556854011229214,200.0,200.0,U
23282,-61.55456621943168,15.55693319364582,200.0,200.0,U
23283,-61.55344553831292,15.556991217532298,200.0,200.0,U
23284,-61.554627504011975,15.55684972174049,200.0,200.0,U
23285,-61.55482220791169,15.556647033236844,200.0,200.0,U
23286,-61.55430985067276,15.554009825201092,200.0,200.0,U
23287,-61.55417901485613,15.556732134924125,200.0,200.0,U
23288,-61.55546917242817,15.556534298348055,200.0,200.0,U
23289,-61.55421605708098,15.556120061576653,200.0,200.0,U
23290,-61.55481603569706,15.556813688953564,200.0,200.0,U
23291,-61.55384348390566,15.558577206255567,200.0,200.0,U
23292,-61.55696389092083,15.556769462170552,200.0,200.0,U
23293,-61.55269539724005,15.556677346956207,200.0,200.0,U
23294,-61.55174398795869,15.557860455503143,200.0,200.0,U
23295,-61.5547668761095,15.556754488702898,200.0,200.0,U
23296,-61.55440265440865,15.557209060107668,200.0,200.0,U
23297,-61.555379030812965,15.556669579166211,200.0,200.0,U
23298,-61.553574108006785,15.556439550901793,200.0,200.0,U
23299,-61.555602498822005,15.557739580812852,200.0,200.0,U
23300,-61.554485110522556,15.557213755101206,200.0,200.0,U
23301,-61.55516979655104,15.557471207368042,200.0,200.0,U
23302,-61.55409476852664,15.556301231709872,200.0,200.0,U
23303,-61.55370353452744,15.556960058873521,200.0,200.0,U
23304,-61.55463358415031,15.556848460015093,200.0,200.0,U
23305,-61.55610849585471,15.557910027031784,200.0,200.0,U
23306,-61.55400976815285,15.558493017700885,200.0,200.0,U
23307,-61.55232181479961,15.554836108587027,200.0,200.0,U
23308,-61.554688501192196,15.556910680904759,200.0,200.0,U
23309,-61.55710715547141,15.556761580492793,200.0,200.0,U
23310,-61.55505377367116,15.55654559545543,200.0,200.0,U
23311,-61.554378642936605,15.557398086516997,200.0,200.0,U
23312,-61.555256305768424,15.557095707606276,200.0,200.0,U
23313,-61.55477998469644,15.556563089260735,200.0,200.0,U
23314,-61.55474048926976,15.556605563969866,200.0,200.0,U
23315,-61.55527449460888,15.557496035755513,200.0,200.0,U
23316,-61.55295334648905,15.558053586127524,200.0,200.0,U
23317,-61.555761743839156,15.558970528051093,200.0,200.0,U
23318,-61.555222915058664,15.55612646686064,200.0,200.0,U
23319,-61.549918232196845,15.558468942172208,200.0,200.0,U
23320,-61.5563477933656,15.557152829593543,200.0,200.0,U
23321,-61.555228981588506,15.555361734100183,200.0,200.0,U
23322,-61.555240776640474,15.556362495880544,200.0,200.0,U
23323,-61.551529153785566,15.556102962112984,200.0,200.0,U
23324,-61.55374728602557,15.555458831682413,200.0,200.0,U
23325,-61.555225409383866,15.559288638679119,200.0,200.0,U
23326,-61.55515685444384,15.555639486835053,200.0,200.0,U
23327,-61.55561019680623,15.556354824190464,200.0,200.0,U
23328,-61.553333135887534,15.555440682879059,200.0,200.0,U
23329,-61.5544000648232,15.559268020739513,200.0,200.0,U
23330,-61.55631327435621,15.556965671206626,200.0,200.0,U
23331,-61.55434709143538,15.556775979097578,200.0,200.0,U
23332,-61.55448086252471,15.557166044268927,200.0,200.0,U
23333,-61.55474955809382,15.556867919288425,200.0,200.0,U
23334,-61.555145809505255,15.556944164038834,200.0,200.0,U
23335,-61.554022929928976,15.556621341911034,200.0,200.0,U
23336,-61.55542227821434,15.55657819461895,200.0,200.0,U
23337,-61.555571367297595,15.559401915239105,200.0,200.0,U
23338,-61.553210436517205,15.556364047289694,200.0,200.0,U
23339,-61.55463629287072,15.557350108318339,200.0,200.0,U
23340,-61.55490611243214,15.558306128010793,200.0,200.0,U
23341,-61.553350425804524,15.555726739121937,200.0,200.0,U
23342,-61.55534625720252,15.55973900506282,200.0,200.0,U
23343,-61.5564196097128,15.556022702585274,200.0,200.0,U
23344,-61.554357572011405,15.557574005603975,200.0,200.0,U
23345,-61.55496784216812,15.555915500710228,200.0,200.0,U
23346,-61.55401424078087,15.556954057832792,200.0,200.0,U
23347,-61.55671339839975,15.553737192891562,200.0,200.0,U
23348,-61.55588771806187,15.556804681051586,200.0,200.0,U
23349,-61.55425894943288,15.558627535349634,200.0,200.0,U
23350,-61.554022421777766,15.556924570687316,200.0,200.0,U
23351,-61.55503467846357,15.555827036951394,200.0,200.0,U
23352,-61.551570141129304,15.559316225711818,200.0,200.0,U
23353,-61.55539688632015,15.554671661381661,200.0,200.0,U
23354,-61.55434832693546,15.556793818176343,200.0,200.0,U
23355,-61.554845833989454,15.55701685129499,200.0,200.0,U
23356,-61.55466352380085,15.556758614916081,200.0,200.0,U
23357,-61.554385955364125,15.55509965250949,200.0,200.0,U
23358,-61.55452976541489,15.55569430178117,200.0,200.0,U
23359,-61.554185272177634,15.556935086452524,200.0,200.0,U
23360,-61.55513104392206,15.556586272002,200.0,200.0,U
23361,-61.55639415223206,15.558935496698298,200.0,200.0,U
23362,-61.554750927422035,15.556831770272677,200.0,200.0,U
23363,-61.555117940062544,15.556949398474806,200.0,200.0,U
23364,-61.55917144290624,15.558309651782338,200.0,200.0,U
23365,-61.55472615315584,15.556837570746506,200.0,200.0,U
23366,-61.55810923002676,15.558917669889134,200.0,200.0,U
23367,-61.55360605552422,15.558274681564896,200.0,200.0,U
23368,-61.55611499417563,15.556558267869718,200.0,200.0,U
23369,-61.554943622174044,15.556663522977805,200.0,200.0,U
23370,-61.55436155465094,15.559295236961995,200.0,200.0,U
23371,-61.55470766468671,15.55684356413597,200.0,200.0,U
23372,-61.55593348265546,15.557355643384094,200.0,200.0,U
23373,-61.55325381815287,15.554987575657117,200.0,200.0,U
23374,-61.55446688424254,15.55760560111849,200.0,200.0,U
23375,-61.55514979219628,15.555036166024458,200.0,200.0,U
23376,-61.557418245298216,15.556331280941844,200.0,200.0,U
23377,-61.55534323819218,15.557416965352932,200.0,200.0,U
23378,-61.55352571235248,15.55665087988381,200.0,200.0,U
23379,-61.553141712730095,15.557166376929038,200.0,200.0,U
23380,-61.55322925191131,15.55632217954072,200.0,200.0,U
23381,-61.55428157328836,15.557103519723341,200.0,200.0,U
23382,-61.555974830965255,15.556992820868093,200.0,200.0,U
23383,-61.55454363170356,15.556539069532107,200.0,200.0,U
23384,-61.5552778503814,15.554829007896522,200.0,200.0,U
23385,-61.55479288406676,15.555986389368266,200.0,200.0,U
23386,-61.55485009751374,15.557140355038507,200.0,200.0,U
23387,-61.55625536574076,15.55767995051182,200.0,200.0,U
23388,-61.55458096731162,15.55653359582762,200.0,200.0,U
23389,-61.55461388481853,15.555440763686343,200.0,200.0,U
23390,-61.555541813875806,15.556176817761052,200.0,200.0,U
23391,-61.55500977676975,15.55683003212029,200.0,200.0,U
23392,-61.55743699449231,15.557966577239801,200.0,200.0,U
23393,-61.55517267753938,15.557466877409682,200.0,200.0,U
23394,-61.55474452534505,15.557053144475729,200.0,200.0,U
23395,-61.554828721155566,15.557327731562959,200.0,200.0,U
23396,-61.55449222210775,15.556737721722532,200.0,200.0,U
23397,-61.55624000126973,15.553222051355588,200.0,200.0,U
23398,-61.55369993257442,15.556995928675786,200.0,200.0,U
23399,-61.554327972417035,15.555796204042123,200.0,200.0,U
23400,-61.55620859254072,15.5577935206347,200.0,200.0,U
23401,-61.55487873504039,15.55715747343086,200.0,200.0,U
23402,-61.555527584615405,15.557534856515549,200.0,200.0,U
23403,-61.55331188916381,15.557895622529626,200.0,200.0,U
23404,-61.55392489291436,15.55720881621738,200.0,200.0,U
23405,-61.5538709748278,15.559372261043322,200.0,200.0,U
23406,-61.55494473026417,15.556169193264822,200.0,200.0,U
23407,-61.55478389107089,15.556811831736198,200.0,200.0,U
23408,-61.5562164418931,15.556915916863897,200.0,200.0,U
23409,-61.55428159158498,15.559993811742727,200.0,200.0,U
23410,-61.55392618357344,15.556807737991369,200.0,200.0,U
23411,-61.55144834585866,15.556605439746146,200.0,200.0,U
23412,-61.55445740676851,15.557578789922248,200.0,200.0,U
23413,-61.55582790916311,15.557133972121184,200.0,200.0,U
23414,-61.55502546332664,15.556961966627025,200.0,200.0,U
23415,-61.55456150753566,15.55670304856805,200.0,200.0,U
23416,-61.55469733880796,15.5568154891986,200.0,200.0,U
23417,-61.55377689386569,15.559435779410885,200.0,200.0,U
23418,-61.55304989754075,15.556775485298914,200.0,200.0,U
23419,-61.55209236833751,15.558584182753261,200.0,200.0,U
23420,-61.5533654913704,15.557773848892822,200.0,200.0,U
23421,-61.555303848435926,15.557675827747502,200.0,200.0,U
23422,-61.55355470461277,15.556719450714759,200.0,200.0,U
23423,-61.55650552602125,15.556736878484854,200.0,200.0,U
23424,-61.55392575009418,15.556249682349963,200.0,200.0,U
23425,-61.556643222485626,15.557653082720764,200.0,200.0,U
23426,-61.55549088013398,15.557117960012889,200.0,200.0,U
23427,-61.55363634682339,15.556607905685167,200.0,200.0,U
23428,-61.553900569282774,15.558042198847644,200.0,200.0,U
23429,-61.55377343520365,15.556416934621945,200.0,200.0,U
23430,-61.556539633384745,15.555845260754182,200.0,200.0,U
23431,-61.556139486199186,15.559240465519093,200.0,200.0,U
23432,-61.55187408244293,15.558417708940771,200.0,200.0,U
23433,-61.55456130320515,15.557426375710651,200.0,200.0,U
23434,-61.55366254845562,15.556550631010445,200.0,200.0,U
23435,-61.554350472421916,15.554972203007093,200.0,200.0,U
23436,-61.55505335231949,15.557464994185192,200.0,200.0,U
23437,-61.55228029652413,15.557491539173036,200.0,200.0,U
23438,-61.55472240325925,15.557365538675674,200.0,200.0,U
23439,-61.553776509315234,15.555968697430826,200.0,200.0,U
23440,-61.55516048474725,15.557536960623448,200.0,200.0,U
23441,-61.55516012492665,15.556778096870632,200.0,200.0,U
23442,-61.553448777240625,15.558087580121725,200.0,200.0,U
23443,-61.55458665759025,15.555068207983268,200.0,200.0,U
23444,-61.55326082418436,15.558725574425715,200.0,200.0,U
23445,-61.554535316530995,15.557084449646746,200.0,200.0,U
23446,-61.556128869043384,15.55827837720862,200.0,200.0,U
23447,-61.5529134375416,15.556620007839975,200.0,200.0,U
23448,-61.55642653550421,15.557586848157998,200.0,200.0,U
23449,-61.554741228432775,15.556847265457032,200.0,200.0,U
23450,-61.55622109083719,15.555415733240388,200.0,200.0,U
23451,-61.554206584978864,15.556372919402873,200.0,200.0,U
23452,-61.55617021599126,15.55639045150392,200.0,200.0,U
23453,-61.55557622239866,15.557353155212262,200.0,200.0,U
23454,-61.55482678384004,15.556813733710623,200.0,200.0,U
23455,-61.554260940786044,15.558659803685373,200.0,200.0,U
23456,-61.553877476871556,15.556987899683945,200.0,200.0,U
23457,-61.55493721266841,15.553726575437086,200.0,200.0,U
23458,-61.55479032795553,15.556418785045837,200.0,200.0,U
23459,-61.554565199107174,15.557235273165219,200.0,200.0,U
23460,-61.55473757297966,15.556812990891867,200.0,200.0,U
23461,-61.55615526096244,15.559499692620907,200.0,200.0,U
23462,-61.555497608995346,15.553353520579442,200.0,200.0,U
23463,-61.55480419839229,15.556372687961279,200.0,200.0,U
23464,-61.55479109559131,15.554685875816812,200.0,200.0,U
23465,-61.556275648738456,15.557497965111523,200.0,200.0,U
23466,-61.554986818050885,15.554980084125617,200.0,200.0,U
23467,-61.55615563622353,15.557704717399503,200.0,200.0,U
23468,-61.55465464079898,15.556304281935406,200.0,200.0,U
23469,-61.5539903854315,15.555655162966106,200.0,200.0,U
23470,-61.55152145592641,15.555089005252531,200.0,200.0,U
23471,-61.554382810536715,15.556695266011511,200.0,200.0,U
23472,-61.5550481752587,15.554903424297505,200.0,200.0,U
23473,-61.55609296139267,15.556388478870144,200.0,200.0,U
23474,-61.55551482950326,15.557103575873851,200.0,200.0,U
23475,-61.555404464989216,15.55734087492191,200.0,200.0,U
23476,-61.556291715202114,15.558879598500356,200.0,200.0,U
23477,-61.55508899434611,15.557020717322558,200.0,200.0,U
23478,-61.55554369455229,15.55884511494472,200.0,200.0,U
23479,-61.55445422054363,15.557304649862418,200.0,200.0,U
23480,-61.555161740521434,15.555652523677871,200.0,200.0,U
23481,-61.55469520323672,15.558583080762673,200.0,200.0,U
23482,-61.55662608146536,15.554167798841561,200.0,200.0,U
23483,-61.55454304652464,15.556709713924763,200.0,200.0,U
23484,-61.55384279595855,15.559125087054754,200.0,200.0,U
23485,-61.5549958568431,15.557040433406597,200.0,200.0,U
23486,-61.555024740451195,15.556537718173708,200.0,200.0,U
23487,-61.553599697730824,15.554094194934315,200.0,200.0,U
23488,-61.552919290310804,15.558618342347803,200.0,200.0,U
23489,-61.5554319375367,15.556652774177062,200.0,200.0,U
23490,-61.55581245161168,15.55613282860241,200.0,200.0,U
23491,-61.55450593264503,15.55660282994719,200.0,200.0,U
23492,-61.5546322523636,15.556782154491824,200.0,200.0,U
23493,-61.55384556978391,15.55745615514768,200.0,200.0,U
23494,-61.556488525490636,15.559404154191496,200.0,200.0,U
23495,-61.55489828274088,15.557130367271412,200.0,200.0,U
23496,-61.553053812184444,15.554872848077482,200.0,200.0,U
23497,-61.55422082368342,15.554613752098252,200.0,200.0,U
23498,-61.55443088947506,15.556781808651365,200.0,200.0,U
23499,-61.558438453169714,15.560264797653494,200.0,200.0,U
23500,-61.553453160670095,15.557052376237845,200.0,200.0,U
23501,-61.555075337883295,15.55739951910598,200.0,200.0,U
23502,-61.55562369890147,15.556133327892509,200.0,200.0,U
23503,-61.55674047959222,15.555632033500803,200.0,200.0,U
23504,-61.557477491652385,15.557596031906863,200.0,200.0,U
23505,-61.55440725322168,15.558881327534815,200.0,200.0,U
23506,-61.555781337151444,15.556782071566198,200.0,200.0,U
23507,-61.55588982260929,15.556850769336155,200.0,200.0,U
23508,-61.55461800115796,15.557010980892388,200.0,200.0,U
23509,-61.55577110725035,15.554304991185735,200.0,200.0,U
23510,-61.553009197671614,15.556982456306155,200.0,200.0,U
23511,-61.55385564222426,15.556316446211142,200.0,200.0,U
23512,-61.55487374230849,15.556348827837809,200.0,200.0,U
23513,-61.55394918219243,15.556016816410022,200.0,200.0,U
23514,-61.55582492596746,15.557334147253933,200.0,200.0,U
23515,-61.5538525405281,15.557019433718619,200.0,200.0,U
23516,-61.55496501621928,15.555822679623448,200.0,200.0,U
23517,-61.555358439491954,15.556655580661976,200.0,200.0,U
23518,-61.55451079526166,15.555681111974247,200.0,200.0,U
23519,-61.55533661977182,15.557487296808294,200.0,200.0,U
23520,-61.55518745930344,15.556271188067642,200.0,200.0,U
23521,-61.551720151259126,15.556877260373076,200.0,200.0,U
23522,-61.558602286371496,15.558221181826223,200.0,200.0,U
23523,-61.554373961917086,15.555558130303659,200.0,200.0,U
23524,-61.554070514538786,15.55933773528639,200.0,200.0,U
23525,-61.554406763974384,15.556999105651958,200.0,200.0,U
23526,-61.55498122936772,15.556364135023427,200.0,200.0,U
23527,-61.55332018602077,15.558445095551377,200.0,200.0,U
23528,-61.554401732885005,15.556033861925728,200.0,200.0,U
23529,-61.55666351863909,15.554818047520923,200.0,200.0,U
23530,-61.555006403174424,15.556827435913453,200.0,200.0,U
23531,-61.556703009009865,15.55730082531244,200.0,200.0,U
23532,-61.554761985697844,15.558908076092528,200.0,200.0,U
23533,-61.554913369917976,15.556811971680855,200.0,200.0,U
23534,-61.55466357823291,15.557880632988466,200.0,200.0,U
23535,-61.55552622365198,15.556365779028155,200.0,200.0,U
23536,-61.55501912052807,15.55650309297471,200.0,200.0,U
23537,-61.55469776293953,15.556795973067059,200.0,200.0,U
23538,-61.554716513931965,15.555361640707392,200.0,200.0,U
23539,-61.55481670130524,15.55889455046669,200.0,200.0,U
23540,-61.554669939385114,15.558691671444425,200.0,200.0,U
23541,-61.554814220579836,15.55565712976761,200.0,200.0,U
23542,-61.55312253997849,15.557293056366166,200.0,200.0,U
23543,-61.55455273696784,15.553925296735368,200.0,200.0,U
23544,-61.55497753186388,15.556882457551046,200.0,200.0,U
23545,-61.55524180677772,15.556698623806406,200.0,200.0,U
23546,-61.556771299818124,15.555738201933973,200.0,200.0,U
23547,-61.55554372767537,15.557408663407148,200.0,200.0,U
23548,-61.557839183125466,15.556319229148395,200.0,200.0,U
23549,-61.55237646535828,15.560829664716662,200.0,200.0,U
23550,-61.55583160229397,15.556299506736098,200.0,200.0,U
23551,-61.55494768972605,15.5569650109609,200.0,200.0,U
23552,-61.55474052689353,15.556175848802823,200.0,200.0,U
23553,-61.556122890840854,15.558356765187968,200.0,200.0,U
23554,-61.55304326515994,15.556044568757633,200.0,200.0,U
23555,-61.55674796427887,15.558190962459829,200.0,200.0,U
23556,-61.555411202240705,15.558473035901324,200.0,200.0,U
23557,-61.55423508394818,15.5555345974449,200.0,200.0,U
23558,-61.5549269500855,15.556932699174459,200.0,200.0,U
23559,-61.55558455582523,15.559157438264194,200.0,200.0,U
23560,-61.5550577772363,15.556677100976227,200.0,200.0,U
23561,-61.55732645553758,15.557289387092185,200.0,200.0,U
23562,-61.55361906160444,15.557257735335396,200.0,200.0,U
23563,-61.555445612526256,15.55752959275169,200.0,200.0,U
23564,-61.55490291286395,15.558637885829262,200.0,200.0,U
23565,-61.55645160441017,15.55650800284622,200.0,200.0,U
23566,-61.55126874633651,15.557217560115433,200.0,200.0,U
23567,-61.55420867929784,15.557568264826925,200.0,200.0,U
23568,-61.55422840475619,15.555868471462402,200.0,200.0,U
23569,-61.5559194639456,15.558612177301057,200.0,200.0,U
23570,-61.55614147858512,15.557295588630675,200.0,200.0,U
23571,-61.552850307059984,15.55759972066859,200.0,200.0,U
23572,-61.55482357403412,15.556896206148691,200.0,200.0,U
23573,-61.55475113663053,15.557224600250786,200.0,200.0,U
23574,-61.55457855024624,15.556702446145371,200.0,200.0,U
23575,-61.555358443939106,15.556234074230955,200.0,200.0,U
23576,-61.555093787461196,15.557003516390749,200.0,200.0,U
23577,-61.55501089849179,15.556825792790494,200.0,200.0,U
23578,-61.556454906529474,15.55662110662792,200.0,200.0,U
23579,-61.55626007062867,15.557474352957486,200.0,200.0,U
23580,-61.55538393934019,15.557793776171193,200.0,200.0,U
23581,-61.554176462361966,15.555546137924825,200.0,200.0,U
23582,-61.55490598941193,15.556780069888607,200.0,200.0,U
23583,-61.555938850465836,15.557780105237162,200.0,200.0,U
23584,-61.555295312094984,15.558592956996266,200.0,200.0,U
23585,-61.55522640834137,15.556956656910932,200.0,200.0,U
23586,-61.554427535172394,15.556449071327444,200.0,200.0,U
23587,-61.55497545266735,15.556930280721144,200.0,200.0,U
23588,-61.55392361022565,15.556784552926889,200.0,200.0,U
23589,-61.55510768697564,15.555728240980638,200.0,200.0,U
23590,-61.556269473246374,15.556346827220885,200.0,200.0,U
23591,-61.55332758171994,15.55918357883824,200.0,200.0,U
23592,-61.55559764560982,15.55830519442998,200.0,200.0,U
23593,-61.555709562357706,15.554173384482471,200.0,200.0,U
23594,-61.55518891789716,15.555901544547856,200.0,200.0,U
23595,-61.554774208610965,15.556699022408642,200.0,200.0,U
23596,-61.55355902902461,15.554656812436859,200.0,200.0,U
23597,-61.55532406236352,15.557356787911566,200.0,200.0,U
23598,-61.55656740123532,15.558177351974772,200.0,200.0,U
23599,-61.55496806550151,15.556805401297371,200.0,200.0,U
23600,-61.55586464014171,15.555161211291786,200.0,200.0,U
23601,-61.554806537868544,15.55661674707962,200.0,200.0,U
23602,-61.55485196126345,15.55701855645932,200.0,200.0,U
23603,-61.555262247955476,15.55619005742627,200.0,200.0,U
23604,-61.554954312526824,15.558077146312904,200.0,200.0,U
23605,-61.55452188931051,15.556387490649067,200.0,200.0,U
23606,-61.55788137755086,15.557992096040255,200.0,200.0,U
23607,-61.556429636555364,15.556109001132722,200.0,200.0,U
23608,-61.552849871642934,15.55746248262633,200.0,200.0,U
23609,-61.55760159249422,15.555254577689206,200.0,200.0,U
23610,-61.55389360709893,15.557256853105635,200.0,200.0,U
23611,-61.55429932841285,15.557286994057032,200.0,200.0,U
23612,-61.555623677255234,15.554262085891729,200.0,200.0,U
23613,-61.55412451340279,15.556414597559957,200.0,200.0,U
23614,-61.55497523775464,15.55687339720423,200.0,200.0,U
23615,-61.55702954620548,15.558610423935054,200.0,200.0,U
23616,-61.55484680024401,15.55687952102437,200.0,200.0,U
23617,-61.55280351042915,15.553916783839217,200.0,200.0,U
23618,-61.55623117948338,15.559921531325223,200.0,200.0,U
23619,-61.554888742740644,15.55689960892018,200.0,200.0,U
23620,-61.554647332415676,15.555544480782203,200.0,200.0,U
23621,-61.555983610138085,15.557560696916006,200.0,200.0,U
23622,-61.5555474919576,15.554219204188128,200.0,200.0,U
23623,-61.555072663531405,15.556955244102369,200.0,200.0,U
23624,-61.554901498725684,15.556583518741089,200.0,200.0,U
23625,-61.55458621269915,15.55647657887012,200.0,200.0,U
23626,-61.55472645679962,15.557027561801165,200.0,200.0,U
23627,-61.555063075105515,15.556554845242573,200.0,200.0,U
23628,-61.55148337982259,15.557475264863092,200.0,200.0,U
23629,-61.555244954346556,15.556947328106817,200.0,200.0,U
23630,-61.55536684310676,15.556931226212994,200.0,200.0,U
23631,-61.5531012194141,15.557303908484936,200.0,200.0,U
23632,-61.555340137577495,15.557560729836322,200.0,200.0,U
23633,-61.55563322775271,15.557838417953652,200.0,200.0,U
23634,-61.55593334171757,15.55663045857641,200.0,200.0,U
23635,-61.555586134452525,15.55621739421461,200.0,200.0,U
23636,-61.552666763957845,15.556931600174371,200.0,200.0,U
23637,-61.55397222266737,15.558285877524389,200.0,200.0,U
23638,-61.55447702179388,15.554316140272192,200.0,200.0,U
23639,-61.55617717932586,15.557432255079611,200.0,200.0,U
23640,-61.555033195054925,15.556793653236372,200.0,200.0,U
23641,-61.55863654021837,15.557507262684815,200.0,200.0,U
23642,-61.55559419161657,15.558583869411725,200.0,200.0,U
23643,-61.55514531926218,15.556636987989306,200.0,200.0,U
23644,-61.55627127050084,15.558330122911364,200.0,200.0,U
23645,-61.554148355636414,15.557701625622869,200.0,200.0,U
23646,-61.55624299229726,15.555036772208284,200.0,200.0,U
23647,-61.55485425606799,15.556842018415141,200.0,200.0,U
23648,-61.55569684408387,15.557877095851287,200.0,200.0,U
23649,-61.55633068835982,15.556485548263923,200.0,200.0,U
23650,-61.55527068797172,15.556861177556959,200.0,200.0,U
23651,-61.55489371176936,15.556359537263544,200.0,200.0,U
23652,-61.55451680017873,15.55653823961722,200.0,200.0,U
23653,-61.555062584459385,15.556756969787793,200.0,200.0,U
23654,-61.55396499229598,15.556214335373719,200.0,200.0,U
23655,-61.55662176087953,15.555484442287087,200.0,200.0,U
23656,-61.55483141489942,15.55555364608477,200.0,200.0,U
23657,-61.55704459071861,15.557516788815866,200.0,200.0,U
23658,-61.55473291197573,15.556228854977551,200.0,200.0,U
23659,-61.555192191908894,15.555828686045222,200.0,200.0,U
23660,-61.55374914096309,15.556463492500486,200.0,200.0,U
23661,-61.55503432173376,15.556674837023925,200.0,200.0,U
23662,-61.5558756399424,15.555068433826401,200.0,200.0,U
23663,-61.55711438336478,15.559118342312617,200.0,200.0,U
23664,-61.555310805983076,15.5555612118533,200.0,200.0,U
23665,-61.55778149726799,15.556994926878767,200.0,200.0,U
23666,-61.55448331562228,15.558413300762423,200.0,200.0,U
23667,-61.554980479858735,15.556709088723352,200.0,200.0,U
23668,-61.55423417455818,15.555593905619613,200.0,200.0,U
23669,-61.55449353659824,15.556097861189013,200.0,200.0,U
23670,-61.555127477623586,15.55701465137905,200.0,200.0,U
23671,-61.55524679803106,15.556934233707102,200.0,200.0,U
23672,-61.55509354140045,15.55684667788774,200.0,200.0,U
23673,-61.55467126231249,15.555730436969727,200.0,200.0,U
23674,-61.55771920833016,15.555151878912898,200.0,200.0,U
23675,-61.55485145618941,15.556748820925653,200.0,200.0,U
23676,-61.553596680892376,15.555340648884386,200.0,200.0,U
23677,-61.553828856363005,15.556955476520264,200.0,200.0,U
23678,-61.552799104398325,15.558195694054657,200.0,200.0,U
23679,-61.556591372260726,15.556406277780845,200.0,200.0,U
23680,-61.55343962144738,15.5575478329043,200.0,200.0,U
23681,-61.557429560272,15.55719831177083,200.0,200.0,U
23682,-61.55267087885855,15.5580148011852,200.0,200.0,U
23683,-61.55224299755438,15.559003434961172,200.0,200.0,U
23684,-61.55478042960215,15.556369835080407,200.0,200.0,U
23685,-61.55373586098761,15.55552569732557,200.0,200.0,U
23686,-61.55429849282579,15.557235142804636,200.0,200.0,U
23687,-61.555087369865774,15.556075279672777,200.0,200.0,U
23688,-61.55733801868971,15.55852068918453,200.0,200.0,U
23689,-61.55657252313255,15.559122960240899,200.0,200.0,U
23690,-61.55558612064852,15.555576504299028,200.0,200.0,U
23691,-61.55319328578173,15.55571460952374,200.0,200.0,U
23692,-61.55610550212104,15.556741614569193,200.0,200.0,U
23693,-61.55515972517437,15.556507310219638,200.0,200.0,U
23694,-61.55694764140433,15.554514086381008,200.0,200.0,U
23695,-61.555076823024194,15.556754842067036,200.0,200.0,U
23696,-61.55551518428929,15.556972342878993,200.0,200.0,U
23697,-61.55651484627597,15.556049691446017,200.0,200.0,U
23698,-61.5546115272074,15.556214227736122,200.0,200.0,U
23699,-61.554840385264505,15.55699588914513,200.0,200.0,U
23700,-61.557231762127394,15.556936013781145,200.0,200.0,U
23701,-61.557025102285735,15.558193137825183,200.0,200.0,U
23702,-61.554553645292756,15.557264168306835,200.0,200.0,U
23703,-61.55579037951892,15.555497655170514,200.0,200.0,U
23704,-61.55412563816582,15.55611133614231,200.0,200.0,U
23705,-61.554406316488155,15.553391270074322,200.0,200.0,U
23706,-61.55646382989287,15.556758220700646,200.0,200.0,U
23707,-61.55471641676195,15.557424779051985,200.0,200.0,U
23708,-61.556233412293565,15.555347024440213,200.0,200.0,U
23709,-61.55503888005215,15.55673152752022,200.0,200.0,U
23710,-61.55622445963449,15.555596302786528,200.0,200.0,U
23711,-61.55501032817832,15.55751774051685,200.0,200.0,U
23712,-61.55718079270561,15.556384755938662,200.0,200.0,U
23713,-61.55534244715086,15.556056701986126,200.0,200.0,U
23714,-61.558713422742535,15.555856819424966,200.0,200.0,U
23715,-61.55571762486624,15.557345111595193,200.0,200.0,U
23716,-61.55493243731708,15.560107961325858,200.0,200.0,U
23717,-61.55798012321441,15.560359820781542,200.0,200.0,U
23718,-61.55515520407741,15.556719795343726,200.0,200.0,U
23719,-61.5560061166081,15.555610323875067,200.0,200.0,U
23720,-61.554539624807205,15.556327130616614,200.0,200.0,U
23721,-61.55730045118775,15.553457615991205,200.0,200.0,U
23722,-61.55671389126854,15.555847111342322,200.0,200.0,U
23723,-61.55443660946493,15.556922510425848,200.0,200.0,U
23724,-61.555766273681826,15.556569732403354,200.0,200.0,U
23725,-61.555027512896345,15.556649363372347,200.0,200.0,U
23726,-61.55581956991015,15.557500901665316,200.0,200.0,U
23727,-61.55449763922735,15.556440422430649,200.0,200.0,U
23728,-61.55751939308263,15.55929343232781,200.0,200.0,U
23729,-61.55594302849074,15.55606921175852,200.0,200.0,U
23730,-61.556697061112985,15.559195089997319,200.0,200.0,U
23731,-61.555982800183905,15.559552997450776,200.0,200.0,U
23732,-61.555801517649186,15.557748732046026,200.0,200.0,U
23733,-61.555449328982355,15.557589007979772,200.0,200.0,U
23734,-61.55497385139117,15.555882424205633,200.0,200.0,U
23735,-61.557990905991666,15.556691090871434,200.0,200.0,U
23736,-61.55429319129006,15.556382272480075,200.0,200.0,U
23737,-61.5536631022839,15.55456638134568,200.0,200.0,U
23738,-61.55422202214201,15.555075400007015,200.0,200.0,U
23739,-61.55553406356449,15.557255853103431,200.0,200.0,U
23740,-61.55513729009501,15.556785132702199,200.0,200.0,U
23741,-61.55453596395399,15.554930578850195,200.0,200.0,U
23742,-61.55417404924284,15.55552452961023,200.0,200.0,U
23743,-61.55502192613881,15.558189211448736,200.0,200.0,U
23744,-61.556504322958155,15.557829599096932,200.0,200.0,U
23745,-61.5528111537731,15.55696276290484,200.0,200.0,U
23746,-61.553312927700574,15.554264006184658,200.0,200.0,U
23747,-61.55587199022542,15.557929545127092,200.0,200.0,U
23748,-61.55650220702894,15.556751164480806,200.0,200.0,U
23749,-61.554325924978095,15.56047087566505,200.0,200.0,U
23750,-61.55513761010323,15.556790024881938,200.0,200.0,U
23751,-61.55663376688166,15.557332724809733,200.0,200.0,U
23752,-61.55581787132649,15.557046559565203,200.0,200.0,U
23753,-61.55594010199178,15.557143573853315,200.0,200.0,U
23754,-61.554470136283065,15.555277063387164,200.0,200.0,U
23755,-61.554482801272286,15.554923899724649,200.0,200.0,U
23756,-61.555860246766095,15.555173422065618,200.0,200.0,U
23757,-61.555331848106974,15.557566729271942,200.0,200.0,U
23758,-61.55364157778063,15.557649030849984,200.0,200.0,U
23759,-61.55493193328373,15.556781898055341,200.0,200.0,U
23760,-61.555687269350024,15.554831705068592,200.0,200.0,U
23761,-61.552615223538034,15.552860156011151,200.0,200.0,U
23762,-61.55422941831063,15.557289783843006,200.0,200.0,U
23763,-61.55534214277063,15.557037879605243,200.0,200.0,U
23764,-61.55461480454647,15.55567070756307,200.0,200.0,U
23765,-61.551395131172576,15.559239903049756,200.0,200.0,U
23766,-61.55477455993323,15.55697188006359,200.0,200.0,U
23767,-61.55494755528437,15.557391909905416,200.0,200.0,U
23768,-61.55833192570395,15.555897872862916,200.0,200.0,U
23769,-61.556370736288876,15.559689394700179,200.0,200.0,U
23770,-61.55493822504973,15.555731606605985,200.0,200.0,U
23771,-61.556991246404976,15.553902820549771,200.0,200.0,U
23772,-61.55662887375932,15.558322499309487,200.0,200.0,U
23773,-61.55479386000124,15.555763994248936,200.0,200.0,U
23774,-61.55607617294033,15.556614429334441,200.0,200.0,U
23775,-61.556998898945494,15.558342300536866,200.0,200.0,U
23776,-61.55564022007123,15.555846204346553,200.0,200.0,U
23777,-61.55485975241262,15.559323541453361,200.0,200.0,U
23778,-61.55479102412677,15.557354232091214,200.0,200.0,U
23779,-61.553691384455114,15.556068293647966,200.0,200.0,U
23780,-61.55532467235511,15.556678420593517,200.0,200.0,U
23781,-61.55729473324271,15.554726960304157,200.0,200.0,U
23782,-61.55378009989845,15.557720626855602,200.0,200.0,U
23783,-61.55438504795602,15.558713101725695,200.0,200.0,U
23784,-61.554980581041654,15.556714164438562,200.0,200.0,U
23785,-61.55559845015062,15.557382283013835,200.0,200.0,U
23786,-61.55474367628974,15.557268422715632,200.0,200.0,U
23787,-61.555537844453,15.555536148826354,200.0,200.0,U
23788,-61.55516091777492,15.556668953541118,200.0,200.0,U
23789,-61.55159898968394,15.55671999270306,200.0,200.0,U
23790,-61.55523384906149,15.557536054775031,200.0,200.0,U
23791,-61.554790020119775,15.556491121119057,200.0,200.0,U
23792,-61.554689272636736,15.557112725809697,200.0,200.0,U
23793,-61.552914721244946,15.556727034791079,200.0,200.0,U
23794,-61.55372876432523,15.557162384172198,200.0,200.0,U
23795,-61.55376931069415,15.555361465583715,200.0,200.0,U
23796,-61.55312815055284,15.553355707235193,200.0,200.0,U
23797,-61.554860890531614,15.55792429069527,200.0,200.0,U
23798,-61.555169318072934,15.556783169324918,200.0,200.0,U
23799,-61.559344827935334,15.558538544325424,200.0,200.0,U
23800,-61.55473908704833,15.556806553538546,200.0,200.0,U
23801,-61.55457603393013,15.555624328189518,200.0,200.0,U
23802,-61.55972839455525,15.558334658334234,200.0,200.0,U
23803,-61.55608887085143,15.554158098921437,200.0,200.0,U
23804,-61.55524515820652,15.556572346738047,200.0,200.0,U
23805,-61.55294041828244,15.556355897262316,200.0,200.0,U
23806,-61.554685927815136,15.556412930106472,200.0,200.0,U
23807,-61.55483505207875,15.556764594316716,200.0,200.0,U
23808,-61.555177277730614,15.556758934076626,200.0,200.0,U
23809,-61.55360158842668,15.557440388989058,200.0,200.0,U
23810,-61.5566378145151,15.556301521652665,200.0,200.0,U
23811,-61.55354928150522,15.553635985662371,200.0,200.0,U
23812,-61.55422885208384,15.555735162086615,200.0,200.0,U
23813,-61.55568157691742,15.556567686852611,200.0,200.0,U
23814,-61.54868742498481,15.55829379366986,200.0,200.0,U
23815,-61.555362447333664,15.555329634457586,200.0,200.0,U
23816,-61.5546908250721,15.55699846988906,200.0,200.0,U
23817,-61.555230317779134,15.556831479290702,200.0,200.0,U
23818,-61.55522511515752,15.556997086393011,200.0,200.0,U
23819,-61.55559180973906,15.556936076333143,200.0,200.0,U
23820,-61.554477613893845,15.557414931757135,200.0,200.0,U
23821,-61.55606405643108,15.557037649758227,200.0,200.0,U
23822,-61.55517162553012,15.556931281198562,200.0,200.0,U
23823,-61.55166980210744,15.556622746584658,200.0,200.0,U
23824,-61.55524873968216,15.55599221576325,200.0,200.0,U
23825,-61.55532095718384,15.557658458584779,200.0,200.0,U
23826,-61.555621033395255,15.556277989542354,200.0,200.0,U
23827,-61.554805271052814,15.556743607232494,200.0,200.0,U
23828,-61.555799322808404,15.551991934560842,200.0,200.0,U
23829,-61.555968870171895,15.5544846459459,200.0,200.0,U
23830,-61.553002808059986,15.557088871204286,200.0,200.0,U
23831,-61.55709044227396,15.556695487435466,200.0,200.0,U
23832,-61.55352587500707,15.559561151234742,200.0,200.0,U
23833,-61.55488779997746,15.55550231203318,200.0,200.0,U
23834,-61.5561186020759,15.55683134545085,200.0,200.0,U
23835,-61.55299822690216,15.557277509780517,200.0,200.0,U
23836,-61.55518262434784,15.556881212663985,200.0,200.0,U
23837,-61.5553342941191,15.55647016448431,200.0,200.0,U
23838,-61.554451089031815,15.556813577486585,200.0,200.0,U
23839,-61.55527253282236,15.55675867344961,200.0,200.0,U
23840,-61.55373332175421,15.556425845776989,200.0,200.0,U
23841,-61.554495671303314,15.556958673382216,200.0,200.0,U
23842,-61.55510251067272,15.557043918018499,200.0,200.0,U
23843,-61.55255098808959,15.557339701520142,200.0,200.0,U
23844,-61.551708764775306,15.556156818645752,200.0,200.0,U
23845,-61.55521153862498,15.556366510136023,200.0,200.0,U
23846,-61.55492845777764,15.557223972639017,200.0,200.0,U
23847,-61.5511779947906,15.554221692490776,200.0,200.0,U
23848,-61.55471625383881,15.555732364391321,200.0,200.0,U
23849,-61.553180716761545,15.556610303426867,200.0,200.0,U
23850,-61.55505172765655,15.5564474759114,200.0,200.0,U
23851,-61.551462195846355,15.555964102642887,200.0,200.0,U
23852,-61.55517777024757,15.557162995908731,200.0,200.0,U
23853,-61.557328456966765,15.555886307733456,200.0,200.0,U
23854,-61.55510112083222,15.559081971240799,200.0,200.0,U
23855,-61.55502654100476,15.557091007287692,200.0,200.0,U
23856,-61.555048913894936,15.556851194460016,200.0,200.0,U
23857,-61.55688820782542,15.554901596918471,200.0,200.0,U
23858,-61.554028661369536,15.555590502826995,200.0,200.0,U
23859,-61.55435945857576,15.558082210848502,200.0,200.0,U
23860,-61.555040499788085,15.557339412507128,200.0,200.0,U
23861,-61.55393047024406,15.55631276896293,200.0,200.0,U
23862,-61.55511053952574,15.5577570464145,200.0,200.0,U
23863,-61.55610716793646,15.557978840374409,200.0,200.0,U
23864,-61.55650688152307,15.55751066546803,200.0,200.0,U
23865,-61.55481627575674,15.556930831300594,200.0,200.0,U
23866,-61.55480473774651,15.556537968720653,200.0,200.0,U
23867,-61.55455469307343,15.553618933404245,200.0,200.0,U
23868,-61.554893509515836,15.55653205427402,200.0,200.0,U
23869,-61.55536204146562,15.557140735579448,200.0,200.0,U
23870,-61.55304834953301,15.559933379076641,200.0,200.0,U
23871,-61.55271275121588,15.554860894290178,200.0,200.0,U
23872,-61.55660228482748,15.558364964769435,200.0,200.0,U
23873,-61.55972566185896,15.558317896898245,200.0,200.0,U
23874,-61.55520635470497,15.556830831750712,200.0,200.0,U
23875,-61.55553645747373,15.5559580975545,200.0,200.0,U
23876,-61.556161685415084,15.556821139344168,200.0,200.0,U
23877,-61.556373931222495,15.557218130245104,200.0,200.0,U
23878,-61.55870200681876,15.556200234381084,200.0,200.0,U
23879,-61.55497656675354,15.556682599170314,200.0,200.0,U
23880,-61.55519924388859,15.557686090943664,200.0,200.0,U
23881,-61.55591490573808,15.555515442379424,200.0,200.0,U
23882,-61.55309332984576,15.555309035266156,200.0,200.0,U
23883,-61.55791055872114,15.558421620732531,200.0,200.0,U
23884,-61.55414747700186,15.558605208857454,200.0,200.0,U
23885,-61.553221143818526,15.55597928869944,200.0,200.0,U
23886,-61.55533439397933,15.555858739693686,200.0,200.0,U
23887,-61.555213722675155,15.556598025328794,200.0,200.0,U
23888,-61.55613492867889,15.55683803322794,200.0,200.0,U
23889,-61.555365239443695,15.554084382374468,200.0,200.0,U
23890,-61.55575123398011,15.556863673293604,200.0,200.0,U
23891,-61.55483102811307,15.558408471570399,200.0,200.0,U
23892,-61.55461699786443,15.558876710404073,200.0,200.0,U
23893,-61.55539404296751,15.557041186690325,200.0,200.0,U
23894,-61.55484402424496,15.556228863177072,200.0,200.0,U
23895,-61.55585855983476,15.557502067498993,200.0,200.0,U
23896,-61.55189742245359,15.554558313521655,200.0,200.0,U
23897,-61.55567362355486,15.556769892300418,200.0,200.0,U
23898,-61.55320891592925,15.558380355491966,200.0,200.0,U
23899,-61.55641670818389,15.55818180681669,200.0,200.0,U
23900,-61.556334085331855,15.556914446808133,200.0,200.0,U
23901,-61.55680056231515,15.555643368243947,200.0,200.0,U
23902,-61.55551824613152,15.554251908811347,200.0,200.0,U
23903,-61.556795427729355,15.55931598035257,200.0,200.0,U
23904,-61.556776366643305,15.556345086134872,200.0,200.0,U
23905,-61.55402057378925,15.555822352329173,200.0,200.0,U
23906,-61.55771751654377,15.556352962405915,200.0,200.0,U
23907,-61.55385695459462,15.55656204284173,200.0,200.0,U
23908,-61.55499915741155,15.554851184318043,200.0,200.0,U
23909,-61.555215523441994,15.556665535378269,200.0,200.0,U
23910,-61.554199672423024,15.55638496101246,200.0,200.0,U
23911,-61.55592140458135,15.55618910051542,200.0,200.0,U
23912,-61.55689909215349,15.554940718997283,200.0,200.0,U
23913,-61.555054113670856,15.556126738224732,200.0,200.0,U
23914,-61.554426449552025,15.556705745592382,200.0,200.0,U
23915,-61.554897707011285,15.556942979264655,200.0,200.0,U
23916,-61.55301986717201,15.559069109546336,200.0,200.0,U
23917,-61.55365624609899,15.557533684416201,200.0,200.0,U
23918,-61.555115201071246,15.55663825025886,200.0,200.0,U
23919,-61.55300014328351,15.557432270139305,200.0,200.0,U
23920,-61.55209569064908,15.558644607485867,200.0,200.0,U
23921,-61.555728493913975,15.556927966642228,200.0,200.0,U
23922,-61.554757460947954,15.556321412431373,200.0,200.0,U
23923,-61.555257198858946,15.556333583359299,200.0,200.0,U
23924,-61.55544430458128,15.556627161128466,200.0,200.0,U
23925,-61.55507997315696,15.556603904407732,200.0,200.0,U
23926,-61.55526842607333,15.555604650699628,200.0,200.0,U
23927,-61.55514683462395,15.556733949973164,200.0,200.0,U
23928,-61.555940030216284,15.557420762391477,200.0,200.0,U
23929,-61.55530371584519,15.556802844849779,200.0,200.0,U
23930,-61.55637914055343,15.55635947321666,200.0,200.0,U
23931,-61.55691644846209,15.558848225852621,200.0,200.0,U
23932,-61.55433332686501,15.555515383817548,200.0,200.0,U
23933,-61.55492993666975,15.556409942817824,200.0,200.0,U
23934,-61.55008268577074,15.554607869502147,200.0,200.0,U
23935,-61.554453980624146,15.556533376319836,200.0,200.0,U
23936,-61.55659676819079,15.556122040623055,200.0,200.0,U
23937,-61.55489207534467,15.557612886800987,200.0,200.0,U
23938,-61.55474321098212,15.556282290420162,200.0,200.0,U
23939,-61.55474169210353,15.55791852338895,200.0,200.0,U
23940,-61.553825297360625,15.55791282716317,200.0,200.0,U
23941,-61.55569626035193,15.557210585571086,200.0,200.0,U
23942,-61.55716991798078,15.555055827249786,200.0,200.0,U
23943,-61.55455739001402,15.553117228795914,200.0,200.0,U
23944,-61.55540708790458,15.556567635481501,200.0,200.0,U
23945,-61.5554217612235,15.558598106372228,200.0,200.0,U
23946,-61.55750701032894,15.557060775393808,200.0,200.0,U
23947,-61.5547322480073,15.556750446834346,200.0,200.0,U
23948,-61.556016459936714,15.556284163262239,200.0,200.0,U
23949,-61.55569701217724,15.557315226320164,200.0,200.0,U
23950,-61.5571827475457,15.555591160624727,200.0,200.0,U
23951,-61.554340972309255,15.555916227164927,200.0,200.0,U
23952,-61.554097935199124,15.557880722118243,200.0,200.0,U
23953,-61.552422096352814,15.558178133915701,200.0,200.0,U
23954,-61.5556919910298,15.556769247417018,200.0,200.0,U
23955,-61.55685914941924,15.557704568462267,200.0,200.0,U
23956,-61.556330909926935,15.557341228379164,200.0,200.0,U
23957,-61.5556670012616,15.556740294839662,200.0,200.0,U
23958,-61.55515410141641,15.557041682901463,200.0,200.0,U
23959,-61.5555239247178,15.55657517486495,200.0,200.0,U
23960,-61.555635586324655,15.556456263622616,200.0,200.0,U
23961,-61.55675594896138,15.55680492725183,200.0,200.0,U
23962,-61.55583696692523,15.557512744644196,200.0,200.0,U
23963,-61.55499277296915,15.556062959250932,200.0,200.0,U
23964,-61.5553205646136,15.55668332740289,200.0,200.0,U
23965,-61.55537261984668,15.557161794579056,200.0,200.0,U
23966,-61.555255171644326,15.55677076388114,200.0,200.0,U
23967,-61.55427583186381,15.556589567669647,200.0,200.0,U
23968,-61.55665811217767,15.5571836581986,200.0,200.0,U
23969,-61.555759193135735,15.55540880769758,200.0,200.0,U
23970,-61.556246140184896,15.556229662382842,200.0,200.0,U
23971,-61.55482894498902,15.558295205830316,200.0,200.0,U
23972,-61.55598871722671,15.556448804955997,200.0,200.0,U
23973,-61.55293461882076,15.554423042705386,200.0,200.0,U
23974,-61.557984781352964,15.55476094597826,200.0,200.0,U
23975,-61.556818987674056,15.557050967660878,200.0,200.0,U
23976,-61.55497952630566,15.555284656492315,200.0,200.0,U
23977,-61.551010130860945,15.554815947671788,200.0,200.0,U
23978,-61.556853994249316,15.55848470546983,200.0,200.0,U
23979,-61.55599015576142,15.557743565590993,200.0,200.0,U
23980,-61.555380213159104,15.55604358293516,200.0,200.0,U
23981,-61.55545367325121,15.55662134443356,200.0,200.0,U
23982,-61.556269019487445,15.559742954445323,200.0,200.0,U
23983,-61.55609104512537,15.556574361711283,200.0,200.0,U
23984,-61.55685078533203,15.55672149634093,200.0,200.0,U
23985,-61.55524445383005,15.556187027245244,200.0,200.0,U
23986,-61.5554082846472,15.557103180000341,200.0,200.0,U
23987,-61.55509824350985,15.559889117797178,200.0,200.0,U
23988,-61.55702239574316,15.556910079332583,200.0,200.0,U
23989,-61.55481233590001,15.556639528511452,200.0,200.0,U
23990,-61.558187703318175,15.555845547233403,200.0,200.0,U
23991,-61.553534110724165,15.558079918106365,200.0,200.0,U
23992,-61.55824631209759,15.557666209758946,200.0,200.0,U
23993,-61.554792805601586,15.557601163487982,200.0,200.0,U
23994,-61.55582146354538,15.556061551303381,200.0,200.0,U
23995,-61.55596680675361,15.555646887563878,200.0,200.0,U
23996,-61.555138009401695,15.556894483006412,200.0,200.0,U
23997,-61.55635592553176,15.557073607994571,200.0,200.0,U
23998,-61.55596518411643,15.559689947538342,200.0,200.0,U
23999,-61.556777838497474,15.556469873667742,200.0,200.0,U
24000,-61.55478307619314,15.556383323799455,200.0,200.0,U
24001,-61.5547164389136,15.555650714401358,200.0,200.0,U
24002,-61.55520121899484,15.556935685067359,200.0,200.0,U
24003,-61.55877706159432,15.557547719009333,200.0,200.0,U
24004,-61.55671332285772,15.556296620277324,200.0,200.0,U
24005,-61.5548693182745,15.557784119916045,200.0,200.0,U
24006,-61.5570420431682,15.556753119402718,200.0,200.0,U
24007,-61.55524544723021,15.559989637874423,200.0,200.0,U
24008,-61.55784124557881,15.556036318363924,200.0,200.0,U
24009,-61.55522107765381,15.5571773266344,200.0,200.0,U
24010,-61.55494767039462,15.557108057181916,200.0,200.0,U
24011,-61.55478644512992,15.556777334969514,200.0,200.0,U
24012,-61.55678159133876,15.555975451266642,200.0,200.0,U
24013,-61.55541083027806,15.556838312156763,200.0,200.0,U
24014,-61.55509753228677,15.560078965520676,200.0,200.0,U
24015,-61.55553420570349,15.556995389389066,200.0,200.0,U
24016,-61.55558962856495,15.556828280621168,200.0,200.0,U
24017,-61.55362021946039,15.556713571716228,200.0,200.0,U
24018,-61.55534852044457,15.55682590272935,200.0,200.0,U
24019,-61.55502054588521,15.554454072206928,200.0,200.0,U
24020,-61.554554602500254,15.556316022049643,200.0,200.0,U
24021,-61.55698860928934,15.556673533758895,200.0,200.0,U
24022,-61.55567993718029,15.555096749213497,200.0,200.0,U
24023,-61.55738778293033,15.55887718116899,200.0,200.0,U
24024,-61.554613908991655,15.554734481394789,200.0,200.0,U
24025,-61.555552644681654,15.557014063406713,200.0,200.0,U
24026,-61.557350986221905,15.555754627343566,200.0,200.0,U
24027,-61.55834531404736,15.557498071715651,200.0,200.0,U
24028,-61.55345226284097,15.556058172275327,200.0,200.0,U
24029,-61.55403234364143,15.557944470907936,200.0,200.0,U
24030,-61.557723493599845,15.55654528488342,200.0,200.0,U
24031,-61.55629267972373,15.556909059930064,200.0,200.0,U
24032,-61.55448579187486,15.556419748150862,200.0,200.0,U
24033,-61.555618035634524,15.557248261090466,200.0,200.0,U
24034,-61.55531551642361,15.555118561019835,200.0,200.0,U
24035,-61.556558528157744,15.557927987718262,200.0,200.0,U
24036,-61.556095842698596,15.555615198431585,200.0,200.0,U
24037,-61.555273146164616,15.55701718314755,200.0,200.0,U
24038,-61.55566350539576,15.556184570206465,200.0,200.0,U
24039,-61.55786613428917,15.555902057007165,200.0,200.0,U
24040,-61.55640030469507,15.556666474241357,200.0,200.0,U
24041,-61.55700465932676,15.559405518348475,200.0,200.0,U
24042,-61.5554038603409,15.556600622570361,200.0,200.0,U
24043,-61.55508620577866,15.556776993912093,200.0,200.0,U
24044,-61.55623783980381,15.558976145867648,200.0,200.0,U
24045,-61.55517240994795,15.556567058141576,200.0,200.0,U
24046,-61.555473621472544,15.557136415194249,200.0,200.0,U
24047,-61.556072458471604,15.556728293228103,200.0,200.0,U
24048,-61.55539892396796,15.556582201040726,200.0,200.0,U
24049,-61.552594486078654,15.553657279266213,200.0,200.0,U
24050,-61.555757238361494,15.55669689584263,200.0,200.0,U
24051,-61.55854419153992,15.554313385100176,200.0,200.0,U
24052,-61.55489262948822,15.556735029352591,200.0,200.0,U
24053,-61.55527397374917,15.556644223720705,200.0,200.0,U
24054,-61.55540327552512,15.557190465860241,200.0,200.0,U
24055,-61.554928510597385,15.555274606727886,200.0,200.0,U
24056,-61.55490044285349,15.556217601171445,200.0,200.0,U
24057,-61.555639136840256,15.556889981389606,200.0,200.0,U
24058,-61.555470227418844,15.5565947209076,200.0,200.0,U
24059,-61.55372691067549,15.555526587882515,200.0,200.0,U
24060,-61.55549024605352,15.556406058127578,200.0,200.0,U
24061,-61.554702452076434,15.55743271172204,200.0,200.0,U
24062,-61.55368603617886,15.556269302320697,200.0,200.0,U
24063,-61.55617311594258,15.555721085765976,200.0,200.0,U
24064,-61.55539910022849,15.556639407213533,200.0,200.0,U
24065,-61.555532746396814,15.556758009889341,200.0,200.0,U
24066,-61.55526613170302,15.556663664704738,200.0,200.0,U
24067,-61.55697228793297,15.557014590700177,200.0,200.0,U
24068,-61.55500737654617,15.556269168775257,200.0,200.0,U
24069,-61.55583077365847,15.558645194395853,200.0,200.0,U
24070,-61.555913392822426,15.557192167260787,200.0,200.0,U
24071,-61.55642588236893,15.556892013416988,200.0,200.0,U
24072,-61.55655064420043,15.556099919333441,200.0,200.0,U
24073,-61.55448248245908,15.558371697124088,200.0,200.0,U
24074,-61.55395619342383,15.554893843561139,200.0,200.0,U
24075,-61.55479806101854,15.555931623121259,200.0,200.0,U
24076,-61.55436482655456,15.556524212903387,200.0,200.0,U
24077,-61.55464756732349,15.558506709043188,200.0,200.0,U
24078,-61.554313820756036,15.558503143780456,200.0,200.0,U
24079,-61.5553585373482,15.55663713470552,200.0,200.0,U
24080,-61.555598866438096,15.556541622496592,200.0,200.0,U
24081,-61.55406299290691,15.556615367854183,200.0,200.0,U
24082,-61.55485257239661,15.55640255379813,200.0,200.0,U
24083,-61.55504587511054,15.557167294855311,200.0,200.0,U
24084,-61.55593443460277,15.556987034210005,200.0,200.0,U
24085,-61.55466909977286,15.55759698751835,200.0,200.0,U
24086,-61.555534754555474,15.556554954469666,200.0,200.0,U
24087,-61.555113514652014,15.559775123591644,200.0,200.0,U
24088,-61.5584635290647,15.557874010385344,200.0,200.0,U
24089,-61.5555304220332,15.55678007226312,200.0,200.0,U
24090,-61.55168868464302,15.556720415240697,200.0,200.0,U
24091,-61.55330299424754,15.552071555286863,200.0,200.0,U
24092,-61.55604690404333,15.55700130670024,200.0,200.0,U
24093,-61.5544553094859,15.557142521648208,200.0,200.0,U
24094,-61.55526453164488,15.55666718705509,200.0,200.0,U
24095,-61.5540989736931,15.556060254090825,200.0,200.0,U
24096,-61.55553590425938,15.55665257486223,200.0,200.0,U
24097,-61.555056685827715,15.556129766221405,200.0,200.0,U
24098,-61.555527144363225,15.558977611505695,200.0,200.0,U
24099,-61.55377821963429,15.554698104302993,200.0,200.0,U
24100,-61.555478963306705,15.5566711918382,200.0,200.0,U
24101,-61.556571177580786,15.556663227988178,200.0,200.0,U
24102,-61.55521294598828,15.553641341953098,200.0,200.0,U
24103,-61.555226071773134,15.557514788457661,200.0,200.0,U
24104,-61.55711994963517,15.555981885309162,200.0,200.0,U
24105,-61.554680040615445,15.55690813107679,200.0,200.0,U
24106,-61.557610836036496,15.556688333461455,200.0,200.0,U
24107,-61.55533389680735,15.556896112916997,200.0,200.0,U
24108,-61.55624159088867,15.560145953685517,200.0,200.0,U
24109,-61.55509004807915,15.558412164542599,200.0,200.0,U
24110,-61.55443943721154,15.555225267351684,200.0,200.0,U
24111,-61.5550398910416,15.5572634599921,200.0,200.0,U
24112,-61.55187832696845,15.555415463174963,200.0,200.0,U
24113,-61.55646174567667,15.557068558817388,200.0,200.0,U
24114,-61.55689537401846,15.555243714157264,200.0,200.0,U
24115,-61.55632458773486,15.55670204571615,200.0,200.0,U
24116,-61.555338938534085,15.555618345632293,200.0,200.0,U
24117,-61.55507651439101,15.558136338829504,200.0,200.0,U
24118,-61.55548196601219,15.5567882304799,200.0,200.0,U
24119,-61.55669770955348,15.556504895235454,200.0,200.0,U
24120,-61.55606564397537,15.556581971478895,200.0,200.0,U
24121,-61.555432887844596,15.556748479580005,200.0,200.0,U
24122,-61.55546185251224,15.556582808093342,200.0,200.0,U
24123,-61.553292668242094,15.555878565359183,200.0,200.0,U
24124,-61.55582793585786,15.556772118683867,200.0,200.0,U
24125,-61.55557431642665,15.555694991919419,200.0,200.0,U
24126,-61.55863867737628,15.554344036785615,200.0,200.0,U
24127,-61.55602589976185,15.55533805146827,200.0,200.0,U
24128,-61.55568038740873,15.55687187445672,200.0,200.0,U
24129,-61.55671375712307,15.553039065888438,200.0,200.0,U
24130,-61.55713590871373,15.5520433535962,200.0,200.0,U
24131,-61.555551247771774,15.556920288314464,200.0,200.0,U
24132,-61.55548461934133,15.555910560455622,200.0,200.0,U
24133,-61.55400482083882,15.557472863079536,200.0,200.0,U
24134,-61.5557023433184,15.553843286129075,200.0,200.0,U
24135,-61.555567306282626,15.558296999108798,200.0,200.0,U
24136,-61.555491419399054,15.556777690929161,200.0,200.0,U
24137,-61.55503080635891,15.55691326708693,200.0,200.0,U
24138,-61.55524704540523,15.556149679205662,200.0,200.0,U
24139,-61.55636453537164,15.55442993856849,200.0,200.0,U
24140,-61.55554283243455,15.556814867474028,200.0,200.0,U
24141,-61.555551577438926,15.55668011601819,200.0,200.0,U
24142,-61.55465135950706,15.553848573336708,200.0,200.0,U
24143,-61.55477584681351,15.558175926851117,200.0,200.0,U
24144,-61.55603119415461,15.55690219430283,200.0,200.0,U
24145,-61.55554504383465,15.556645051008688,200.0,200.0,U
24146,-61.55609413309578,15.553303888067886,200.0,200.0,U
24147,-61.555723119633186,15.5583007711253,200.0,200.0,U
24148,-61.55474809553524,15.556568299335796,200.0,200.0,U
24149,-61.55310344846403,15.557371433302379,200.0,200.0,U
24150,-61.5548995894346,15.556882736941455,200.0,200.0,U
24151,-61.55612036626516,15.557283232795175,200.0,200.0,U
24152,-61.55589512996037,15.556308576903756,200.0,200.0,U
24153,-61.55597646070147,15.556381188137896,200.0,200.0,U
24154,-61.55548949208322,15.556539371409709,200.0,200.0,U
24155,-61.55672654514229,15.558650806398843,200.0,200.0,U
24156,-61.553649426849354,15.556823789436029,200.0,200.0,U
24157,-61.55634759471646,15.557466372376908,200.0,200.0,U
24158,-61.55594864805794,15.555207781164784,200.0,200.0,U
24159,-61.555574139505666,15.557457643342564,200.0,200.0,U
24160,-61.55572028641491,15.554766197598582,200.0,200.0,U
24161,-61.55578184280622,15.556582774733512,200.0,200.0,U
24162,-61.55529467198045,15.556868991554715,200.0,200.0,U
24163,-61.554043670102004,15.556191533887684,200.0,200.0,U
24164,-61.5563058055737,15.557025201172369,200.0,200.0,U
24165,-61.55612988922431,15.55736908467264,200.0,200.0,U
24166,-61.55719160522464,15.554834063422014,200.0,200.0,U
24167,-61.555428162112214,15.556687276791031,200.0,200.0,U
24168,-61.556410122409545,15.556593635410607,200.0,200.0,U
24169,-61.55469223753484,15.554104565700078,200.0,200.0,U
24170,-61.556745107158996,15.555308553951791,200.0,200.0,U
24171,-61.55613135910478,15.5560632706165,200.0,200.0,U
24172,-61.55621525593519,15.558551706038003,200.0,200.0,U
24173,-61.553824366924424,15.55623179401415,200.0,200.0,U
24174,-61.55552695807138,15.5570188138225,200.0,200.0,U
24175,-61.55519191737523,15.55664157378254,200.0,200.0,U
24176,-61.55570813860359,15.557660476546028,200.0,200.0,U
24177,-61.55487726793274,15.555508648156293,200.0,200.0,U
24178,-61.55539213923676,15.555410488655642,200.0,200.0,U
24179,-61.5570936842519,15.557217650694348,200.0,200.0,U
24180,-61.556234518733554,15.556785704650885,200.0,200.0,U
24181,-61.55559428099285,15.556673709308829,200.0,200.0,U
24182,-61.55489418346366,15.55726295775001,200.0,200.0,U
24183,-61.55278393639973,15.557281828413855,200.0,200.0,U
24184,-61.554707757210565,15.557573280089704,200.0,200.0,U
24185,-61.55402384211821,15.556891495429795,200.0,200.0,U
24186,-61.550626903020145,15.5592488669465,200.0,200.0,U
24187,-61.55561139825167,15.556725766759978,200.0,200.0,U
24188,-61.5556728323786,15.556769924762818,200.0,200.0,U
24189,-61.55501590488187,15.558239079803045,200.0,200.0,U
24190,-61.55576054226458,15.556550388603016,200.0,200.0,U
24191,-61.55542178886582,15.558838560223121,200.0,200.0,U
24192,-61.555455563007065,15.55534948113068,200.0,200.0,U
24193,-61.55698860401742,15.557203981813029,200.0,200.0,U
24194,-61.55560761094677,15.556681470416109,200.0,200.0,U
24195,-61.55292603102367,15.559969466769052,200.0,200.0,U
24196,-61.55680637720155,15.55588321128167,200.0,200.0,U
24197,-61.554712678816315,15.555029477395742,200.0,200.0,U
24198,-61.55547547124677,15.556592383582442,200.0,200.0,U
24199,-61.555611408690034,15.55678771751789,200.0,200.0,U
24200,-61.55776746210213,15.555020786510859,200.0,200.0,U
24201,-61.558238259399445,15.5524521230087,200.0,200.0,U
24202,-61.555781579030985,15.55593091545613,200.0,200.0,U
24203,-61.556190369268535,15.556486335916624,200.0,200.0,U
24204,-61.55826907202045,15.558290508215919,200.0,200.0,U
24205,-61.55604674403806,15.558022639065031,200.0,200.0,U
24206,-61.554649456030425,15.55609641678153,200.0,200.0,U
24207,-61.55587444005807,15.55671489761753,200.0,200.0,U
24208,-61.5577106034816,15.555362612513475,200.0,200.0,U
24209,-61.556308162652435,15.556527641188975,200.0,200.0,U
24210,-61.55400482965039,15.554498614560053,200.0,200.0,U
24211,-61.556187384474946,15.560454226256804,200.0,200.0,U
24212,-61.55541753574126,15.55693441312129,200.0,200.0,U
24213,-61.55624028854454,15.55624077675308,200.0,200.0,U
24214,-61.55469984324363,15.558318253232404,200.0,200.0,U
24215,-61.55350073521896,15.554603478972341,200.0,200.0,U
24216,-61.555972968925865,15.556028239940007,200.0,200.0,U
24217,-61.55455926282764,15.557245471780988,200.0,200.0,U
24218,-61.556663726833605,15.556464026136494,200.0,200.0,U
24219,-61.55738160274253,15.557713239751703,200.0,200.0,U
24220,-61.55533864492619,15.556771928544544,200.0,200.0,U
24221,-61.55471483463818,15.556234446350164,200.0,200.0,U
24222,-61.555400142953566,15.556968271242221,200.0,200.0,U
24223,-61.55519516597283,15.555906842560786,200.0,200.0,U
24224,-61.556767946277304,15.55687826881205,200.0,200.0,U
24225,-61.55498360161632,15.557017107523503,200.0,200.0,U
24226,-61.55565998635693,15.557006261297929,200.0,200.0,U
24227,-61.55708643446251,15.556342026230423,200.0,200.0,U
24228,-61.55484928359975,15.55656544104431,200.0,200.0,U
24229,-61.55476102014256,15.55722645697435,200.0,200.0,U
24230,-61.55578130246614,15.557614595650055,200.0,200.0,U
24231,-61.55647315650547,15.555685464820193,200.0,200.0,U
24232,-61.55526743923511,15.555975944959242,200.0,200.0,U
24233,-61.55665022280256,15.557937525971038,200.0,200.0,U
24234,-61.55595081954371,15.55696803808742,200.0,200.0,U
24235,-61.555900769841934,15.556834503158436,200.0,200.0,U
24236,-61.554955195683526,15.558541027377078,200.0,200.0,U
24237,-61.555642073299204,15.556836561001044,200.0,200.0,U
24238,-61.55540496320059,15.55803430109015,200.0,200.0,U
24239,-61.55556585429134,15.556716148242629,200.0,200.0,U
24240,-61.5555009630077,15.556759777959027,200.0,200.0,U
24241,-61.5582906944666,15.558289366250332,200.0,200.0,U
24242,-61.55490226089693,15.555321091014504,200.0,200.0,U
24243,-61.554322944391885,15.557463639845784,200.0,200.0,U
24244,-61.55567719666501,15.55455978135981,200.0,200.0,U
24245,-61.55689523694712,15.555430608007597,200.0,200.0,U
24246,-61.556234419873405,15.557158645057246,200.0,200.0,U
24247,-61.55565132300749,15.555802563772342,200.0,200.0,U
24248,-61.556008481594404,15.55617225021196,200.0,200.0,U
24249,-61.55720157619581,15.5575506417103,200.0,200.0,U
24250,-61.555705958331494,15.555690053923797,200.0,200.0,U
24251,-61.555877579196206,15.556844254393393,200.0,200.0,U
24252,-61.55667986294482,15.557635745854524,200.0,200.0,U
24253,-61.55437974621538,15.556304697572118,200.0,200.0,U
24254,-61.555647115889606,15.556754269112668,200.0,200.0,U
24255,-61.554644970190395,15.557447722792135,200.0,200.0,U
24256,-61.55972015177319,15.557701545024171,200.0,200.0,U
24257,-61.55551448001645,15.556585231206194,200.0,200.0,U
24258,-61.55356348854982,15.555479265422601,200.0,200.0,U
24259,-61.554767148275445,15.558285574144175,200.0,200.0,U
24260,-61.55530418860711,15.55623789705718,200.0,200.0,U
24261,-61.555794209920535,15.557115906890376,200.0,200.0,U
24262,-61.55554198781155,15.556771620962264,200.0,200.0,U
24263,-61.55593068464436,15.556932430039012,200.0,200.0,U
24264,-61.5551022902573,15.556985238312272,200.0,200.0,U
24265,-61.55802180077908,15.557653808700186,200.0,200.0,U
24266,-61.55595944034839,15.557217603864848,200.0,200.0,U
24267,-61.555572858331885,15.556666554763954,200.0,200.0,U
24268,-61.55453917180126,15.554785751418192,200.0,200.0,U
24269,-61.558205639851536,15.55979316233944,200.0,200.0,U
24270,-61.55471647227915,15.557407320846243,200.0,200.0,U
24271,-61.555107723221305,15.557598727630843,200.0,200.0,U
24272,-61.55773910552167,15.55728077754876,200.0,200.0,U
24273,-61.55574170338459,15.556784776829176,200.0,200.0,U
24274,-61.55597441259692,15.55648252491373,200.0,200.0,U
24275,-61.554558254294825,15.559119635273664,200.0,200.0,U
24276,-61.55235370123292,15.55691738160343,200.0,200.0,U
24277,-61.55549424762783,15.556079997371517,200.0,200.0,U
24278,-61.55582488754448,15.556712507879423,200.0,200.0,U
24279,-61.555547015189525,15.560400307713975,200.0,200.0,U
24280,-61.55622619587924,15.557652705955872,200.0,200.0,U
24281,-61.555370949553996,15.555220596370953,200.0,200.0,U
24282,-61.556507729942574,15.55694359300529,200.0,200.0,U
24283,-61.55640277164837,15.556672875475472,200.0,200.0,U
24284,-61.55732178431863,15.558469697017443,200.0,200.0,U
24285,-61.55475097719596,15.556305313420857,200.0,200.0,U
24286,-61.55294122951727,15.55535232703297,200.0,200.0,U
24287,-61.55567685365357,15.557820889778828,200.0,200.0,U
24288,-61.556904617241464,15.558659618998243,200.0,200.0,U
24289,-61.56025704397717,15.55570833745129,200.0,200.0,U
24290,-61.551693602734154,15.55367967821056,200.0,200.0,U
24291,-61.55760004270403,15.559901279523746,200.0,200.0,U
24292,-61.55686253381136,15.557393440871413,200.0,200.0,U
24293,-61.555256941296264,15.559222967334875,200.0,200.0,U
24294,-61.55569450157184,15.556656525138306,200.0,200.0,U
24295,-61.55597280074869,15.556658215574902,200.0,200.0,U
24296,-61.553806163586195,15.556540420040808,200.0,200.0,U
24297,-61.55552147905984,15.558554322519532,200.0,200.0,U
24298,-61.557423045817934,15.555612040444005,200.0,200.0,U
24299,-61.55762638845424,15.55754409387274,200.0,200.0,U
24300,-61.55850133464454,15.555047853866707,200.0,200.0,U
24301,-61.55684448901411,15.557456962649526,200.0,200.0,U
24302,-61.555156977050615,15.556453317098097,200.0,200.0,U
24303,-61.55533544275944,15.556985044037736,200.0,200.0,U
24304,-61.5558545171838,15.557064501763621,200.0,200.0,U
24305,-61.554927388280944,15.55661865749498,200.0,200.0,U
24306,-61.55575764689132,15.556809459849328,200.0,200.0,U
24307,-61.55587376845669,15.555485482306734,200.0,200.0,U
24308,-61.558490336963885,15.555571478911437,200.0,200.0,U
24309,-61.55389734249525,15.555456852507511,200.0,200.0,U
24310,-61.5552461372723,15.556141734437174,200.0,200.0,U
24311,-61.555872813380674,15.556089895750974,200.0,200.0,U
24312,-61.555458650394456,15.556586356807676,200.0,200.0,U
24313,-61.55589570186337,15.555205902519072,200.0,200.0,U
24314,-61.55544774634823,15.55739977613924,200.0,200.0,U
24315,-61.554061101597256,15.55866840873058,200.0,200.0,U
24316,-61.55520539418827,15.55699881827343,200.0,200.0,U
24317,-61.556063571784975,15.55861544420143,200.0,200.0,U
24318,-61.55751781530877,15.555614137454935,200.0,200.0,U
24319,-61.55560504946899,15.556110739118742,200.0,200.0,U
24320,-61.5557111982936,15.556552739436945,200.0,200.0,U
24321,-61.55506778931229,15.55522594690472,200.0,200.0,U
24322,-61.55580587532573,15.556331389980393,200.0,200.0,U
24323,-61.555781915814364,15.55439847127287,200.0,200.0,U
24324,-61.555892781234405,15.554648026271618,200.0,200.0,U
24325,-61.556218888320174,15.557716639311685,200.0,200.0,U
24326,-61.555385062821664,15.557700685896132,200.0,200.0,U
24327,-61.55548723566449,15.558209489641737,200.0,200.0,U
24328,-61.55567559144767,15.556821897123747,200.0,200.0,U
24329,-61.55468012807969,15.556731618532599,200.0,200.0,U
24330,-61.55666089158041,15.55669530902553,200.0,200.0,U
24331,-61.555279651859735,15.556887774214577,200.0,200.0,U
24332,-61.55442766743867,15.559270729761147,200.0,200.0,U
24333,-61.55584552974892,15.556062200267387,200.0,200.0,U
24334,-61.55303033499064,15.557674112328343,200.0,200.0,U
24335,-61.555266189615715,15.555416186989087,200.0,200.0,U
24336,-61.55596700135555,15.556777381703169,200.0,200.0,U
24337,-61.55561231784527,15.556279254375003,200.0,200.0,U
24338,-61.55502097838007,15.555815476823494,200.0,200.0,U
24339,-61.55580316723487,15.556738317098144,200.0,200.0,U
24340,-61.55513364002138,15.558933925860737,200.0,200.0,U
24341,-61.55288084374005,15.5555476548862,200.0,200.0,U
24342,-61.55689223783407,15.555926946409254,200.0,200.0,U
24343,-61.55567175233803,15.557102092581525,200.0,200.0,U
24344,-61.5556922928557,15.559114018062788,200.0,200.0,U
24345,-61.55594281599586,15.556836209473005,200.0,200.0,U
24346,-61.55484591784608,15.557390131823858,200.0,200.0,U
24347,-61.55590796200761,15.555619514875909,200.0,200.0,U
24348,-61.55316130036202,15.556805453959818,200.0,200.0,U
24349,-61.555466241115255,15.557951098683885,200.0,200.0,U
24350,-61.55520320743371,15.556307974447225,200.0,200.0,U
24351,-61.555395639858645,15.558296415570487,200.0,200.0,U
24352,-61.557080742365414,15.557072541554403,200.0,200.0,U
24353,-61.55557544387226,15.55623469537203,200.0,200.0,U
24354,-61.55207489986831,15.558874209548677,200.0,200.0,U
24355,-61.5565539987216,15.555497280175967,200.0,200.0,U
24356,-61.556561060305924,15.554936695238935,200.0,200.0,U
24357,-61.555242138051355,15.555832681571037,200.0,200.0,U
24358,-61.5527975706513,15.5569290724473,200.0,200.0,U
24359,-61.55700618130143,15.555442960353211,200.0,200.0,U
24360,-61.55619711057719,15.559135488072696,200.0,200.0,U
24361,-61.558624349134064,15.556336053019908,200.0,200.0,U
24362,-61.55529293091245,15.557037258549705,200.0,200.0,U
24363,-61.556627311810395,15.556833193404803,200.0,200.0,U
24364,-61.55611265749094,15.558267737614576,200.0,200.0,U
24365,-61.555151025853206,15.557883411075466,200.0,200.0,U
24366,-61.55719073861221,15.556681580051887,200.0,200.0,U
24367,-61.556122088755664,15.556510452479168,200.0,200.0,U
24368,-61.55656094203076,15.556801868572881,200.0,200.0,U
24369,-61.553877142763135,15.559130736699837,200.0,200.0,U
24370,-61.554375414507085,15.557328387599629,200.0,200.0,U
24371,-61.55613295820766,15.556030096302862,200.0,200.0,U
24372,-61.55785405947909,15.557450306257845,200.0,200.0,U
24373,-61.555807483441,15.555914648201087,200.0,200.0,U
24374,-61.5555102322731,15.558616425912845,200.0,200.0,U
24375,-61.55344732478556,15.55962179558388,200.0,200.0,U
24376,-61.55594568337485,15.557032310092556,200.0,200.0,U
24377,-61.55584431997596,15.555556018491849,200.0,200.0,U
24378,-61.55599749543529,15.558038416791497,200.0,200.0,U
24379,-61.559968144274414,15.558638592525263,200.0,200.0,U
24380,-61.55928760099451,15.55525296142736,200.0,200.0,U
24381,-61.5568493968166,15.557185268420552,200.0,200.0,U
24382,-61.55719450297777,15.555715559498845,200.0,200.0,U
24383,-61.55599990141927,15.556901018173846,200.0,200.0,U
24384,-61.55623508431627,15.556965668939691,200.0,200.0,U
24385,-61.55725415442661,15.55665493942946,200.0,200.0,U
24386,-61.555527092883274,15.557254253102967,200.0,200.0,U
24387,-61.55540706161167,15.556393181421416,200.0,200.0,U
24388,-61.55484466032889,15.55806221915364,200.0,200.0,U
24389,-61.556229992613055,15.555844206786944,200.0,200.0,U
24390,-61.552723399244606,15.555931335393032,200.0,200.0,U
24391,-61.55697740760224,15.558159127164727,200.0,200.0,U
24392,-61.55632697718993,15.556907072217616,200.0,200.0,U
24393,-61.55586941260369,15.55645476286336,200.0,200.0,U
24394,-61.55572255905183,15.557969304290939,200.0,200.0,U
24395,-61.558101878627056,15.555082572103618,200.0,200.0,U
24396,-61.55400154607155,15.55707263893812,200.0,200.0,U
24397,-61.55584250988333,15.556751064598295,200.0,200.0,U
24398,-61.555399896030366,15.557092855951726,200.0,200.0,U
24399,-61.55685025521325,15.555013423317398,200.0,200.0,U
24400,-61.55710766708038,15.554347851919609,200.0,200.0,U
24401,-61.55777828710669,15.556160760808348,200.0,200.0,U
24402,-61.554209556309985,15.55638263234354,200.0,200.0,U
24403,-61.55599315148384,15.556861419287134,200.0,200.0,U
24404,-61.55578079578906,15.5547571613724,200.0,200.0,U
24405,-61.55492585709636,15.558888681164413,200.0,200.0,U
24406,-61.55618098785249,15.558225101273583,200.0,200.0,U
24407,-61.55555588744664,15.556697667179781,200.0,200.0,U
24408,-61.55394718093769,15.557400875735967,200.0,200.0,U
24409,-61.55562007419292,15.556471221687328,200.0,200.0,U
24410,-61.55506695944064,15.55774398694756,200.0,200.0,U
24411,-61.556408008185954,15.555572298644657,200.0,200.0,U
24412,-61.555120606515075,15.557203503259906,200.0,200.0,U
24413,-61.554949896102215,15.555879084755633,200.0,200.0,U
24414,-61.554898227624946,15.5558099812536,200.0,200.0,U
24415,-61.55495959543833,15.55722155282205,200.0,200.0,U
24416,-61.55522388044804,15.557779013859117,200.0,200.0,U
24417,-61.55431486428283,15.559494057252175,200.0,200.0,U
24418,-61.55533871375467,15.556702209291593,200.0,200.0,U
24419,-61.55181757702614,15.557906331961888,200.0,200.0,U
24420,-61.557334559577,15.55527416126766,200.0,200.0,U
24421,-61.55204307649744,15.558145248597127,200.0,200.0,U
24422,-61.55457168778606,15.557586791102425,200.0,200.0,U
24423,-61.557211414697605,15.55417831382142,200.0,200.0,U
24424,-61.55536276770188,15.556205467137266,200.0,200.0,U
24425,-61.55767722240564,15.555675537764111,200.0,200.0,U
24426,-61.55584019187035,15.556020609094496,200.0,200.0,U
24427,-61.556760882897535,15.55761476926346,200.0,200.0,U
24428,-61.5549387717529,15.555559660374112,200.0,200.0,U
24429,-61.55619997138824,15.55750650875626,200.0,200.0,U
24430,-61.55734848731198,15.555116182688778,200.0,200.0,U
24431,-61.55598345918805,15.556610609086471,200.0,200.0,U
24432,-61.55604510425102,15.556431059614154,200.0,200.0,U
24433,-61.553950288604184,15.55592764874432,200.0,200.0,U
24434,-61.555505063749,15.556905549588539,200.0,200.0,U
24435,-61.555716518672824,15.556892190196079,200.0,200.0,U
24436,-61.55619293905228,15.55653631706998,200.0,200.0,U
24437,-61.55590729421366,15.556784960565583,200.0,200.0,U
24438,-61.55590424884184,15.5567270117002,200.0,200.0,U
24439,-61.554343509656874,15.556058575813488,200.0,200.0,U
24440,-61.55682584594977,15.557144466965436,200.0,200.0,U
24441,-61.556075083971166,15.560420277662585,200.0,200.0,U
24442,-61.55649157653425,15.557796185471295,200.0,200.0,U
24443,-61.55489514083392,15.55818086245377,200.0,200.0,U
24444,-61.55572402231727,15.55699657654391,200.0,200.0,U
24445,-61.55719942526457,15.556561440024847,200.0,200.0,U
24446,-61.55591849542145,15.556968614984374,200.0,200.0,U
24447,-61.55667794589493,15.556954134356266,200.0,200.0,U
24448,-61.55713199079574,15.556291885044487,200.0,200.0,U
24449,-61.55541878441794,15.554923795911888,200.0,200.0,U
24450,-61.553623000903045,15.559843393658001,200.0,200.0,U
24451,-61.55571313786227,15.5584658949361,200.0,200.0,U
24452,-61.550133182858666,15.554448118662474,200.0,200.0,U
24453,-61.55602199867629,15.556690132884858,200.0,200.0,U
24454,-61.555952686672235,15.55669202713349,200.0,200.0,U
24455,-61.55659515700066,15.558484493082263,200.0,200.0,U
24456,-61.556161627954125,15.559221333719341,200.0,200.0,U
24457,-61.556313983033725,15.556940985296714,200.0,200.0,U
24458,-61.556228951972805,15.55597245772439,200.0,200.0,U
24459,-61.5567865618301,15.556291138802418,200.0,200.0,U
24460,-61.55561310084384,15.55676710383718,200.0,200.0,U
24461,-61.55676174275486,15.55753666274984,200.0,200.0,U
24462,-61.55592150991452,15.556592082147796,200.0,200.0,U
24463,-61.554960535092654,15.557160224076213,200.0,200.0,U
24464,-61.55619592875459,15.557172612828822,200.0,200.0,U
24465,-61.555910519438754,15.557966463511107,200.0,200.0,U
24466,-61.55425962509201,15.55644578099874,200.0,200.0,U
24467,-61.555522843038226,15.556505225062406,200.0,200.0,U
24468,-61.555805691473,15.556295670874643,200.0,200.0,U
24469,-61.5580354703096,15.558413490730176,200.0,200.0,U
24470,-61.551706973719476,15.558540072403673,200.0,200.0,U
24471,-61.55568406898086,15.55669173308684,200.0,200.0,U
24472,-61.55534891367835,15.554442845693778,200.0,200.0,U
24473,-61.555874927614404,15.55691429903018,200.0,200.0,U
24474,-61.55575893383826,15.556600658367332,200.0,200.0,U
24475,-61.554178063638005,15.556901156936844,200.0,200.0,U
24476,-61.55537667741136,15.55743299104023,200.0,200.0,U
24477,-61.55643373127927,15.556297851031964,200.0,200.0,U
24478,-61.554597486548715,15.557826517916379,200.0,200.0,U
24479,-61.55396733679872,15.558055962367652,200.0,200.0,U
24480,-61.55720771665839,15.556855870220328,200.0,200.0,U
24481,-61.55562749769759,15.556660568428343,200.0,200.0,U
24482,-61.5554728177793,15.556437452166518,200.0,200.0,U
24483,-61.55452864847546,15.555862727612189,200.0,200.0,U
24484,-61.558606731897555,15.557579321267571,200.0,200.0,U
24485,-61.55575219552988,15.557676132857438,200.0,200.0,U
24486,-61.555807797468006,15.557781010319504,200.0,200.0,U
24487,-61.55548636569427,15.555721949600063,200.0,200.0,U
24488,-61.55632968815376,15.555838240701105,200.0,200.0,U
24489,-61.556753641825104,15.555916742213602,200.0,200.0,U
24490,-61.556327767080965,15.554242615471393,200.0,200.0,U
24491,-61.555773110799386,15.556510720524216,200.0,200.0,U
24492,-61.55606443152998,15.556528603439562,200.0,200.0,U
24493,-61.55647729152411,15.558154053046152,200.0,200.0,U
24494,-61.55708522167649,15.556346641730515,200.0,200.0,U
24495,-61.55594456384759,15.556561466974182,200.0,200.0,U
24496,-61.55827722891331,15.555861709900626,200.0,200.0,U
24497,-61.55607763240218,15.556527091402632,200.0,200.0,U
24498,-61.55508600054289,15.55744990724423,200.0,200.0,U
24499,-61.558819306951186,15.55495320172679,200.0,200.0,U
24500,-61.55598986133457,15.556582560948089,200.0,200.0,U
24501,-61.553311933036035,15.556191478143187,200.0,200.0,U
24502,-61.55714763226674,15.556036552687756,200.0,200.0,U
24503,-61.55410016570479,15.557559658314071,200.0,200.0,U
24504,-61.55581415673531,15.556645711582963,200.0,200.0,U
24505,-61.55727214992911,15.556202959465887,200.0,200.0,U
24506,-61.554970942426294,15.557708861341473,200.0,200.0,U
24507,-61.5543134449605,15.55673451114418,200.0,200.0,U
24508,-61.55713440520545,15.556869257560152,200.0,200.0,U
24509,-61.55448899141574,15.558405996390249,200.0,200.0,U
24510,-61.55486563084032,15.557567345106941,200.0,200.0,U
24511,-61.55185247233892,15.556032114956002,200.0,200.0,U
24512,-61.555207321497754,15.557461508712029,200.0,200.0,U
24513,-61.556738120074456,15.55726605254886,200.0,200.0,U
24514,-61.5564156736911,15.55716407940569,200.0,200.0,U
24515,-61.556001274962455,15.55666440916513,200.0,200.0,U
24516,-61.55586014959733,15.55701229558823,200.0,200.0,U
24517,-61.55537808001438,15.55714153896981,200.0,200.0,U
24518,-61.55534233495477,15.55343054421698,200.0,200.0,U
24519,-61.55614596775545,15.556253073120288,200.0,200.0,U
24520,-61.55603060875605,15.557786010716868,200.0,200.0,U
24521,-61.553703740938985,15.555933216863677,200.0,200.0,U
24522,-61.556138148877245,15.555532999592032,200.0,200.0,U
24523,-61.55704110012303,15.557546461284325,200.0,200.0,U
24524,-61.559996637931484,15.55673473262685,200.0,200.0,U
24525,-61.55812781047096,15.55623234684242,200.0,200.0,U
24526,-61.55590853355089,15.556445303916425,200.0,200.0,U
24527,-61.55792410418346,15.554916048867675,200.0,200.0,U
24528,-61.5555503208607,15.555719660287455,200.0,200.0,U
24529,-61.5560807707318,15.556712893109484,200.0,200.0,U
24530,-61.5556136790837,15.556489502711383,200.0,200.0,U
24531,-61.55768908672527,15.557770805353972,200.0,200.0,U
24532,-61.55651259172038,15.557694207339914,200.0,200.0,U
24533,-61.556117982793396,15.552067273605543,200.0,200.0,U
24534,-61.55532243258312,15.556089287337208,200.0,200.0,U
24535,-61.55565102113743,15.554654446304296,200.0,200.0,U
24536,-61.5560380294209,15.556902198576788,200.0,200.0,U
24537,-61.556332355688326,15.55846210810865,200.0,200.0,U
24538,-61.554315800618966,15.557517944068358,200.0,200.0,U
24539,-61.556340472654945,15.55731983326251,200.0,200.0,U
24540,-61.556893058425544,15.557589814568843,200.0,200.0,U
24541,-61.5528501530574,15.55850482620287,200.0,200.0,U
24542,-61.55661544154287,15.557678924825877,200.0,200.0,U
24543,-61.55648549456537,15.557440306246546,200.0,200.0,U
24544,-61.55608961718485,15.556390375742632,200.0,200.0,U
24545,-61.55604424443997,15.556626806287966,200.0,200.0,U
24546,-61.55763155443102,15.557122913581072,200.0,200.0,U
24547,-61.55494975267337,15.558316305553122,200.0,200.0,U
24548,-61.55529167086675,15.557655641290502,200.0,200.0,U
24549,-61.5565882117298,15.557804023206925,200.0,200.0,U
24550,-61.556592490022055,15.556256692887988,200.0,200.0,U
24551,-61.55570119588421,15.555755742079912,200.0,200.0,U
24552,-61.55816289636393,15.557466917386217,200.0,200.0,U
24553,-61.55637573956889,15.555788671253023,200.0,200.0,U
24554,-61.55835852719544,15.558938164555059,200.0,200.0,U
24555,-61.55579776823076,15.556321098375603,200.0,200.0,U
24556,-61.555735449523795,15.557314271254985,200.0,200.0,U
24557,-61.5528321397275,15.558339684340886,200.0,200.0,U
24558,-61.55628598460762,15.555074511454139,200.0,200.0,U
24559,-61.555695945926885,15.558569788192939,200.0,200.0,U
24560,-61.55604574505653,15.557277436511384,200.0,200.0,U
24561,-61.55587848399018,15.556132748436506,200.0,200.0,U
24562,-61.5552847283423,15.55567926878153,200.0,200.0,U
24563,-61.55727568641074,15.556835268327115,200.0,200.0,U
24564,-61.55833520970678,15.556537124161121,200.0,200.0,U
24565,-61.55688024678989,15.557603187857767,200.0,200.0,U
24566,-61.55832124863731,15.556411491831915,200.0,200.0,U
24567,-61.55343067068465,15.55305745950047,200.0,200.0,U
24568,-61.55593451596131,15.556507247153819,200.0,200.0,U
24569,-61.557358527492866,15.556969971174613,200.0,200.0,U
24570,-61.55802466777903,15.554605563579637,200.0,200.0,U
24571,-61.55622848773073,15.556687961208686,200.0,200.0,U
24572,-61.555185513595205,15.557058062933585,200.0,200.0,U
24573,-61.5563536841402,15.557029042136893,200.0,200.0,U
24574,-61.555493744966924,15.554290501189282,200.0,200.0,U
24575,-61.55594289264574,15.556223063109629,200.0,200.0,U
24576,-61.556410482717595,15.55513886051963,200.0,200.0,U
24577,-61.55815579351847,15.5571782941963,200.0,200.0,U
24578,-61.555385160953186,15.555776563222011,200.0,200.0,U
24579,-61.555140794406356,15.55561361928417,200.0,200.0,U
24580,-61.5576051529949,15.554210404262518,200.0,200.0,U
24581,-61.5550913635462,15.55854489469021,200.0,200.0,U
24582,-61.55616817078477,15.556910040113033,200.0,200.0,U
24583,-61.55625438735689,15.55351551871295,200.0,200.0,U
24584,-61.55458500113612,15.56110142665856,200.0,200.0,U
24585,-61.55618177856651,15.556099164049884,200.0,200.0,U
24586,-61.55545666372276,15.556492247893296,200.0,200.0,U
24587,-61.55596678893512,15.555381872115454,200.0,200.0,U
24588,-61.55605161723261,15.556885883617122,200.0,200.0,U
24589,-61.557378336001584,15.556649399116521,200.0,200.0,U
24590,-61.556659666452596,15.555940550428945,200.0,200.0,U
24591,-61.55564434886514,15.555428507854703,200.0,200.0,U
24592,-61.55905952095735,15.555615573411991,200.0,200.0,U
24593,-61.55614629732471,15.556699026191874,200.0,200.0,U
24594,-61.55601340250491,15.556632730674542,200.0,200.0,U
24595,-61.55622319249871,15.55647951066954,200.0,200.0,U
24596,-61.55598682995929,15.557329480949221,200.0,200.0,U
24597,-61.557983019695286,15.555125178701955,200.0,200.0,U
24598,-61.55786208343366,15.557711313456743,200.0,200.0,U
24599,-61.55515862645398,15.55704481319688,200.0,200.0,U
24600,-61.55545669366814,15.5557418826431,200.0,200.0,U
24601,-61.55527976163422,15.554958454091045,200.0,200.0,U
24602,-61.55702564119857,15.55595982790988,200.0,200.0,U
24603,-61.55669223301038,15.556140155500266,200.0,200.0,U
24604,-61.55617191621182,15.55638291960805,200.0,200.0,U
24605,-61.55524202167951,15.558613534170508,200.0,200.0,U
24606,-61.55597849269921,15.556849220998249,200.0,200.0,U
24607,-61.55566058004533,15.5551965675145,200.0,200.0,U
24608,-61.55723604773847,15.557476796536301,200.0,200.0,U
24609,-61.55613672751067,15.556553142299688,200.0,200.0,U
24610,-61.55647389506638,15.556709913937555,200.0,200.0,U
24611,-61.5579098293907,15.556723917808434,200.0,200.0,U
24612,-61.5562535721677,15.55658503685003,200.0,200.0,U
24613,-61.55638772217255,15.557132293727893,200.0,200.0,U
24614,-61.55532116853554,15.558720190340496,200.0,200.0,U
24615,-61.55603772563909,15.556732580391193,200.0,200.0,U
24616,-61.55571098140561,15.556172178496329,200.0,200.0,U
24617,-61.55793925378888,15.555028934178255,200.0,200.0,U
24618,-61.55501471846916,15.554526304857628,200.0,200.0,U
24619,-61.556672842058475,15.554704849830632,200.0,200.0,U
24620,-61.556947811336705,15.556088775656638,200.0,200.0,U
24621,-61.554388753227215,15.557445714600453,200.0,200.0,U
24622,-61.5554955689026,15.555569499205662,200.0,200.0,U
24623,-61.55723851624021,15.558295973950386,200.0,200.0,U
24624,-61.55621224239954,15.556489561155452,200.0,200.0,U
24625,-61.55636142448201,15.555715993063366,200.0,200.0,U
24626,-61.55617050865259,15.556659274996429,200.0,200.0,U
24627,-61.55600607305929,15.558045883037762,200.0,200.0,U
24628,-61.55608312274544,15.55620038727549,200.0,200.0,U
24629,-61.55955176832585,15.556418703492215,200.0,200.0,U
24630,-61.55617680976495,15.556509941446418,200.0,200.0,U
24631,-61.55596216298169,15.55587305488223,200.0,200.0,U
24632,-61.55655303277342,15.556994044751463,200.0,200.0,U
24633,-61.55834163780378,15.558894997095765,200.0,200.0,U
24634,-61.55723179467503,15.556441621967487,200.0,200.0,U
24635,-61.55528983246965,15.558135787605146,200.0,200.0,U
24636,-61.555541987975005,15.556358925141238,200.0,200.0,U
24637,-61.55658842574796,15.557754489845367,200.0,200.0,U
24638,-61.55794898733066,15.553981168833092,200.0,200.0,U
24639,-61.55636517601125,15.557904083569234,200.0,200.0,U
24640,-61.55538820622665,15.55707731461606,200.0,200.0,U
24641,-61.55839094935862,15.558197263758704,200.0,200.0,U
24642,-61.55550210571408,15.557096069418213,200.0,200.0,U
24643,-61.55755352883182,15.556127377968823,200.0,200.0,U
24644,-61.556042611191245,15.556671674036217,200.0,200.0,U
24645,-61.557302521443866,15.556623462100905,200.0,200.0,U
24646,-61.55832551673256,15.558916843114357,200.0,200.0,U
24647,-61.55397973915209,15.557750573643963,200.0,200.0,U
24648,-61.55685228884618,15.558108515426305,200.0,200.0,U
24649,-61.55750281825917,15.555976275143221,200.0,200.0,U
24650,-61.55378377912525,15.556498861937975,200.0,200.0,U
24651,-61.55618183035044,15.556541171527831,200.0,200.0,U
24652,-61.55593985283785,15.557209641624462,200.0,200.0,U
24653,-61.556604830659246,15.555673542115821,200.0,200.0,U
24654,-61.558807811458585,15.555281977050207,200.0,200.0,U
24655,-61.556033291828854,15.555926663726293,200.0,200.0,U
24656,-61.555936729944555,15.55634052752308,200.0,200.0,U
24657,-61.55679461365226,15.556163312467127,200.0,200.0,U
24658,-61.555866597343744,15.55673054207176,200.0,200.0,U
24659,-61.55751401943102,15.557687090070877,200.0,200.0,U
24660,-61.55586565368056,15.556448215235365,200.0,200.0,U
24661,-61.55628534347857,15.556513722512612,200.0,200.0,U
24662,-61.551465606535785,15.557882101117984,200.0,200.0,U
24663,-61.55561877747113,15.555815157742348,200.0,200.0,U
24664,-61.5561394430523,15.556599596167885,200.0,200.0,U
24665,-61.556095684457084,15.556894574591354,200.0,200.0,U
24666,-61.55813835679153,15.556248480684898,200.0,200.0,U
24667,-61.55627984404235,15.556686244456658,200.0,200.0,U
24668,-61.555962209559546,15.556689286254967,200.0,200.0,U
24669,-61.55636170669881,15.56028218616363,200.0,200.0,U
24670,-61.55677248728702,15.555808027252558,200.0,200.0,U
24671,-61.5550117899027,15.556430797712666,200.0,200.0,U
24672,-61.557166796676235,15.552862688654411,200.0,200.0,U
24673,-61.556237608502855,15.55658026302712,200.0,200.0,U
24674,-61.55538747625189,15.556597635171403,200.0,200.0,U
24675,-61.55621598513854,15.556589465057675,200.0,200.0,U
24676,-61.55694452869878,15.553864894462627,200.0,200.0,U
24677,-61.55658424013297,15.555643012867336,200.0,200.0,U
24678,-61.55748248756393,15.556787813851154,200.0,200.0,U
24679,-61.55488042740756,15.558939229379135,200.0,200.0,U
24680,-61.55774203727581,15.556583356037425,200.0,200.0,U
24681,-61.55580953586837,15.555983599468197,200.0,200.0,U
24682,-61.556448889426065,15.557317535117006,200.0,200.0,U
24683,-61.556825427767755,15.554900708740428,200.0,200.0,U
24684,-61.55583604145224,15.555968479650161,200.0,200.0,U
24685,-61.55743948251909,15.558199019694545,200.0,200.0,U
24686,-61.55514214354452,15.55588533573057,200.0,200.0,U
24687,-61.55848030405362,15.556312729430951,200.0,200.0,U
24688,-61.55344322567421,15.552413396777462,200.0,200.0,U
24689,-61.554365493638876,15.554290978218209,200.0,200.0,U
24690,-61.556629957171516,15.55643034765907,200.0,200.0,U
24691,-61.557974680681745,15.557533439385328,200.0,200.0,U
24692,-61.55498375728928,15.557097515222553,200.0,200.0,U
24693,-61.55431843438269,15.557975617148372,200.0,200.0,U
24694,-61.55528918195303,15.556842497592699,200.0,200.0,U
24695,-61.556001224348776,15.555888519673235,200.0,200.0,U
24696,-61.556244139354874,15.556258997870968,200.0,200.0,U
24697,-61.55649941884429,15.556181754802765,200.0,200.0,U
24698,-61.555424404637954,15.557090588689706,200.0,200.0,U
24699,-61.55505466300351,15.557907706190116,200.0,200.0,U
24700,-61.55628371888517,15.556576905949365,200.0,200.0,U
24701,-61.555926009346756,15.557332198120037,200.0,200.0,U
24702,-61.55847896304952,15.557270277345747,200.0,200.0,U
24703,-61.557590642882424,15.556760913879224,200.0,200.0,U
24704,-61.55686032055765,15.557023088435786,200.0,200.0,U
24705,-61.556017918259954,15.55704076266166,200.0,200.0,U
24706,-61.55520615499336,15.555465310448875,200.0,200.0,U
24707,-61.55628716362366,15.557123874649086,200.0,200.0,U
24708,-61.55448851173382,15.55470144991098,200.0,200.0,U
24709,-61.556808193934295,15.555858059219185,200.0,200.0,U
24710,-61.55911878655404,15.554664725344034,200.0,200.0,U
24711,-61.556798231101844,15.555435211896773,200.0,200.0,U
24712,-61.55628730844232,15.556414426556547,200.0,200.0,U
24713,-61.5567519971015,15.555534503167964,200.0,200.0,U
24714,-61.561286461172415,15.555520571785761,200.0,200.0,U
24715,-61.55667428002934,15.556135895012423,200.0,200.0,U
24716,-61.55536787292884,15.5585451422104,200.0,200.0,U
24717,-61.55845491590784,15.555819454458351,200.0,200.0,U
24718,-61.556338578287196,15.556258893642484,200.0,200.0,U
24719,-61.55686698419934,15.556424691923015,200.0,200.0,U
24720,-61.55471370580016,15.554278633287597,200.0,200.0,U
24721,-61.556178667443554,15.556528864189646,200.0,200.0,U
24722,-61.557151500843666,15.557104411094958,200.0,200.0,U
24723,-61.555352870055835,15.556487340216785,200.0,200.0,U
24724,-61.556815092355876,15.556122549652006,200.0,200.0,U
24725,-61.555654084801034,15.55748553785603,200.0,200.0,U
24726,-61.55730183714899,15.558602693695615,200.0,200.0,U
24727,-61.556109316528335,15.5562036455359,200.0,200.0,U
24728,-61.55716615066343,15.555614552851573,200.0,200.0,U
24729,-61.553278649214946,15.557481858797495,200.0,200.0,U
24730,-61.55332321100347,15.557399014892207,200.0,200.0,U
24731,-61.556815561979384,15.558116180549217,200.0,200.0,U
24732,-61.55816023485086,15.556206461077,200.0,200.0,U
24733,-61.55666027859708,15.556858577893678,200.0,200.0,U
24734,-61.557305554807904,15.555716302410142,200.0,200.0,U
24735,-61.555588159665106,15.557977231527628,200.0,200.0,U
24736,-61.55306326665097,15.558618808472623,200.0,200.0,U
24737,-61.55570614050616,15.556057042158201,200.0,200.0,U
24738,-61.55717464736421,15.556454031182506,200.0,200.0,U
24739,-61.555695318723494,15.557280294113745,200.0,200.0,U
24740,-61.55617683539373,15.556653467008012,200.0,200.0,U
24741,-61.55664589056484,15.554498387831108,200.0,200.0,U
24742,-61.560497971811074,15.559478432999228,200.0,200.0,U
24743,-61.55632924619394,15.55652072447861,200.0,200.0,U
24744,-61.55645458028346,15.556580559305754,200.0,200.0,U
24745,-61.55648368072385,15.555468196465155,200.0,200.0,U
24746,-61.556353086062565,15.556524110886953,200.0,200.0,U
24747,-61.55327918339143,15.55707555797967,200.0,200.0,U
24748,-61.55752844118918,15.55775225671584,200.0,200.0,U
24749,-61.55606626090118,15.55449563094987,200.0,200.0,U
24750,-61.55666712037635,15.556179490319776,200.0,200.0,U
24751,-61.556788565367505,15.556793275614137,200.0,200.0,U
24752,-61.55618715343475,15.558396292064716,200.0,200.0,U
24753,-61.55091061780224,15.552991322068012,200.0,200.0,U
24754,-61.55663812785486,15.55743328794417,200.0,200.0,U
24755,-61.55659197930143,15.558018890033132,200.0,200.0,U
24756,-61.55650690933023,15.55636925839849,200.0,200.0,U
24757,-61.55372240474089,15.556898121307059,200.0,200.0,U
24758,-61.55552528105417,15.555754537600981,200.0,200.0,U
24759,-61.556192954128406,15.556617652309475,200.0,200.0,U
24760,-61.555565120274295,15.556101829935285,200.0,200.0,U
24761,-61.55646279083519,15.556326810808603,200.0,200.0,U
24762,-61.55522466006288,15.55502987262033,200.0,200.0,U
24763,-61.55541969582845,15.558196122938718,200.0,200.0,U
24764,-61.55452370158378,15.556676858273754,200.0,200.0,U
24765,-61.55455698382296,15.555301363453143,200.0,200.0,U
24766,-61.55608640963172,15.556411404468417,200.0,200.0,U
24767,-61.55750865907849,15.556408557226336,200.0,200.0,U
24768,-61.55636017637341,15.559075636199559,200.0,200.0,U
24769,-61.556606868978,15.555371984319711,200.0,200.0,U
24770,-61.556361209791305,15.555735377440625,200.0,200.0,U
24771,-61.554996240659634,15.556307011981806,200.0,200.0,U
24772,-61.55541199844504,15.556297550764066,200.0,200.0,U
24773,-61.55583836609886,15.555883865720514,200.0,200.0,U
24774,-61.55520886968402,15.555967482570388,200.0,200.0,U
24775,-61.556558746081265,15.558672724761589,200.0,200.0,U
24776,-61.55627414362737,15.556506181890617,200.0,200.0,U
24777,-61.55258727610561,15.554957620983513,200.0,200.0,U
24778,-61.555143330472816,15.553708368803386,200.0,200.0,U
24779,-61.55463346966898,15.555752955650316,200.0,200.0,U
24780,-61.556665802281536,15.554688327579496,200.0,200.0,U
24781,-61.55691836667126,15.557363711129739,200.0,200.0,U
24782,-61.55721226371322,15.55446823902303,200.0,200.0,U
24783,-61.55651501968157,15.556400081239119,200.0,200.0,U
24784,-61.55557298794554,15.554554326903153,200.0,200.0,U
24785,-61.55664343094575,15.556453507301265,200.0,200.0,U
24786,-61.55933488417931,15.55646627740006,200.0,200.0,U
24787,-61.5567375320278,15.55506135550545,200.0,200.0,U
24788,-61.555347068669214,15.555961855646967,200.0,200.0,U
24789,-61.55538822143815,15.558295608549042,200.0,200.0,U
24790,-61.555659607952414,15.558416510072918,200.0,200.0,U
24791,-61.55824303744041,15.556939744809915,200.0,200.0,U
24792,-61.55646822885601,15.556492188380357,200.0,200.0,U
24793,-61.55669575777204,15.554678039124322,200.0,200.0,U
24794,-61.55646078464091,15.556412253936434,200.0,200.0,U
24795,-61.55685759706748,15.557177257773954,200.0,200.0,U
24796,-61.55781613236611,15.557160976097636,200.0,200.0,U
24797,-61.558517373309904,15.557242538797187,200.0,200.0,U
24798,-61.556406741501355,15.557116032644842,200.0,200.0,U
24799,-61.55624958708292,15.556733847531424,200.0,200.0,U
24800,-61.55627833258133,15.554110949543142,200.0,200.0,U
24801,-61.556386882995696,15.557222816293137,200.0,200.0,U
24802,-61.55544723298962,15.55770300948726,200.0,200.0,U
24803,-61.55682599942622,15.556217442101467,200.0,200.0,U
24804,-61.55348491321345,15.555777762097984,200.0,200.0,U
24805,-61.556376323620775,15.554815733746459,200.0,200.0,U
24806,-61.55751005755805,15.556555331981425,200.0,200.0,U
24807,-61.556917335251896,15.556948530866183,200.0,200.0,U
24808,-61.556334383082124,15.556685935298828,200.0,200.0,U
24809,-61.55457793106579,15.556308697914883,200.0,200.0,U
24810,-61.55775023611153,15.55406395904652,200.0,200.0,U
24811,-61.55441046556683,15.556707899209906,200.0,200.0,U
24812,-61.554695441654665,15.557213633829043,200.0,200.0,U
24813,-61.55623595745412,15.555368284559584,200.0,200.0,U
24814,-61.557123476601106,15.558561894842049,200.0,200.0,U
24815,-61.55868008257709,15.556017368482998,200.0,200.0,U
24816,-61.5565202725806,15.557104830994305,200.0,200.0,U
24817,-61.55534288859129,15.55545732637943,200.0,200.0,U
24818,-61.55895266612436,15.556887942462225,200.0,200.0,U
24819,-61.55654415349757,15.556301368790026,200.0,200.0,U
24820,-61.558293869299185,15.55819234105979,200.0,200.0,U
24821,-61.55666144374955,15.55703269817815,200.0,200.0,U
24822,-61.55663936185716,15.556563369775523,200.0,200.0,U
24823,-61.554311097035516,15.557301338215376,200.0,200.0,U
24824,-61.5562357888588,15.556748128971588,200.0,200.0,U
24825,-61.55652254862536,15.556454463673582,200.0,200.0,U
24826,-61.55446865434126,15.557458021818215,200.0,200.0,U
24827,-61.556441853962205,15.55637494732864,200.0,200.0,U
24828,-61.55647125912955,15.556390701987011,200.0,200.0,U
24829,-61.55432411873492,15.556708140667016,200.0,200.0,U
24830,-61.55599612917828,15.555939664355952,200.0,200.0,U
24831,-61.556376297129894,15.556618082575355,200.0,200.0,U
24832,-61.55586047681832,15.557585401149852,200.0,200.0,U
24833,-61.55586040961624,15.556587164299165,200.0,200.0,U
24834,-61.55698525944321,15.556828875246167,200.0,200.0,U
24835,-61.55896935782683,15.552322989566623,200.0,200.0,U
24836,-61.55612541623233,15.559287660346506,200.0,200.0,U
24837,-61.55820531203803,15.554566390539152,200.0,200.0,U
24838,-61.559133218528935,15.558246309352095,200.0,200.0,U
24839,-61.557386832240496,15.556808016273632,200.0,200.0,U
24840,-61.55568323023588,15.555199786012006,200.0,200.0,U
24841,-61.55649051110303,15.55539347528715,200.0,200.0,U
24842,-61.55657969974632,15.556429738801942,200.0,200.0,U
24843,-61.55645960074895,15.555988390733262,200.0,200.0,U
24844,-61.55589139801815,15.557379762707146,200.0,200.0,U
24845,-61.559242938716125,15.55710044821089,200.0,200.0,U
24846,-61.55688445427558,15.556430954610125,200.0,200.0,U
24847,-61.55677681708952,15.555326633798591,200.0,200.0,U
24848,-61.55894778373651,15.553817347752304,200.0,200.0,U
24849,-61.55651396933635,15.556570386889655,200.0,200.0,U
24850,-61.55546398483773,15.555822655140432,200.0,200.0,U
24851,-61.55672698293571,15.556957403018416,200.0,200.0,U
24852,-61.55699540591979,15.556874508846589,200.0,200.0,U
24853,-61.55909831805722,15.55615682009571,200.0,200.0,U
24854,-61.55693637675275,15.559457642330873,200.0,200.0,U
24855,-61.55657375195067,15.556332675758085,200.0,200.0,U
24856,-61.554928814875275,15.55832734244966,200.0,200.0,U
24857,-61.556922439270686,15.556718203457244,200.0,200.0,U
24858,-61.55646181892802,15.557010491710848,200.0,200.0,U
24859,-61.55677727805308,15.556300208260014,200.0,200.0,U
24860,-61.55676072187818,15.55672946861596,200.0,200.0,U
24861,-61.556280855890094,15.556595928242064,200.0,200.0,U
24862,-61.55756229782614,15.557919442352844,200.0,200.0,U
24863,-61.55617309902116,15.555778706595472,200.0,200.0,U
24864,-61.55340163035362,15.559994616924852,200.0,200.0,U
24865,-61.557452880645386,15.554963577044841,200.0,200.0,U
24866,-61.55512696956888,15.5568831022791,200.0,200.0,U
24867,-61.55488080128871,15.557449916749425,200.0,200.0,U
24868,-61.557375940883674,15.556326202202502,200.0,200.0,U
24869,-61.556920869162695,15.556369501114471,200.0,200.0,U
24870,-61.55575076265653,15.555923106218684,200.0,200.0,U
24871,-61.5556948270992,15.557192207465715,200.0,200.0,U
24872,-61.556220486708085,15.555961848877054,200.0,200.0,U
24873,-61.55515510505166,15.558369301665227,200.0,200.0,U
24874,-61.55780225699494,15.556054072857505,200.0,200.0,U
24875,-61.55632270362861,15.556041467213483,200.0,200.0,U
24876,-61.55650224764922,15.556296395517604,200.0,200.0,U
24877,-61.55424560836884,15.557384841109828,200.0,200.0,U
24878,-61.557664008625856,15.556996752907876,200.0,200.0,U
24879,-61.5548298405146,15.557578561077465,200.0,200.0,U
24880,-61.55450799138706,15.55551603504035,200.0,200.0,U
24881,-61.55679034661542,15.556453242877728,200.0,200.0,U
24882,-61.55535379772588,15.557121303507037,200.0,200.0,U
24883,-61.55662782723922,15.55895021150136,200.0,200.0,U
24884,-61.55765032323318,15.554668073508182,200.0,200.0,U
24885,-61.55798862910225,15.556604830129151,200.0,200.0,U
24886,-61.55714338981041,15.556905073802227,200.0,200.0,U
24887,-61.55840096902359,15.557672820213847,200.0,200.0,U
24888,-61.55635800421318,15.557775949533454,200.0,200.0,U
24889,-61.55981780392099,15.555673541409156,200.0,200.0,U
24890,-61.55782094968194,15.557335347175576,200.0,200.0,U
24891,-61.55736271448763,15.55682333057044,200.0,200.0,U
24892,-61.5517139689868,15.556540031969673,200.0,200.0,U
24893,-61.557423741585524,15.554475854551043,200.0,200.0,U
24894,-61.55765970167253,15.55616452713951,200.0,200.0,U
24895,-61.55699787457884,15.55707922338714,200.0,200.0,U
24896,-61.555397915447394,15.555076871744786,200.0,200.0,U
24897,-61.5566162451671,15.558923209626293,200.0,200.0,U
24898,-61.55787745648209,15.553793062439471,200.0,200.0,U
24899,-61.556645065451654,15.556380840360122,200.0,200.0,U
24900,-61.55504825467281,15.558831094970982,200.0,200.0,U
24901,-61.55570474016666,15.556780383102897,200.0,200.0,U
24902,-61.559142593574165,15.556779505568903,200.0,200.0,U
24903,-61.55887956206728,15.55886467088984,200.0,200.0,U
24904,-61.556592018866105,15.557281862278499,200.0,200.0,U
24905,-61.557750470723185,15.557764837489124,200.0,200.0,U
24906,-61.55688311904438,15.55695977255241,200.0,200.0,U
24907,-61.55670685505455,15.556207882047602,200.0,200.0,U
24908,-61.55448342044939,15.555913127797002,200.0,200.0,U
24909,-61.56054086075483,15.552911983323996,200.0,200.0,U
24910,-61.55689555512123,15.557772998571194,200.0,200.0,U
24911,-61.557367115325995,15.556440070338835,200.0,200.0,U
24912,-61.55723245435927,15.55450515084226,200.0,200.0,U
24913,-61.557774751511495,15.558443348596388,200.0,200.0,U
24914,-61.55370208385995,15.55555566554105,200.0,200.0,U
24915,-61.55782058641316,15.556989076165864,200.0,200.0,U
24916,-61.55669256329738,15.556605797163389,200.0,200.0,U
24917,-61.55556616781483,15.556845157874,200.0,200.0,U
24918,-61.556528288962106,15.557505768150236,200.0,200.0,U
24919,-61.5566212218429,15.55624835042665,200.0,200.0,U
24920,-61.55882924308699,15.557243752927945,200.0,200.0,U
24921,-61.556096970774725,15.556130490333052,200.0,200.0,U
24922,-61.55520331566832,15.558377161283122,200.0,200.0,U
24923,-61.55784461604236,15.554921321138648,200.0,200.0,U
24924,-61.55465622398193,15.55498831017869,200.0,200.0,U
24925,-61.55589085407726,15.555959243565784,200.0,200.0,U
24926,-61.554646706416264,15.552623317263624,200.0,200.0,U
24927,-61.556635991127166,15.556519469245927,200.0,200.0,U
24928,-61.556634947354986,15.555700568406328,200.0,200.0,U
24929,-61.55661216537906,15.556502198083985,200.0,200.0,U
24930,-61.55697340729238,15.556927842355654,200.0,200.0,U
24931,-61.556705761614694,15.556368350453948,200.0,200.0,U
24932,-61.55673964785297,15.556358224401414,200.0,200.0,U
24933,-61.55642769516762,15.55588831196745,200.0,200.0,U
24934,-61.5576919086091,15.556678805043031,200.0,200.0,U
24935,-61.5595057805621,15.557237360804702,200.0,200.0,U
24936,-61.55816547421844,15.556749623005174,200.0,200.0,U
24937,-61.55824425870584,15.556103581824125,200.0,200.0,U
24938,-61.55806761321867,15.555479072618635,200.0,200.0,U
24939,-61.55561332713444,15.55813026686322,200.0,200.0,U
24940,-61.55596567651602,15.556997196546316,200.0,200.0,U
24941,-61.55709072933101,15.555663604792237,200.0,200.0,U
24942,-61.5567294267799,15.556144105455047,200.0,200.0,U
24943,-61.559814854077736,15.55694756238676,200.0,200.0,U
24944,-61.55640310160787,15.557307205818654,200.0,200.0,U
24945,-61.5543067355461,15.556442763423739,200.0,200.0,U
24946,-61.555345693098324,15.555081194527258,200.0,200.0,U
24947,-61.557094574198295,15.555152151216173,200.0,200.0,U
24948,-61.55372625422414,15.558250582747887,200.0,200.0,U
24949,-61.5565797333078,15.556152669989517,200.0,200.0,U
24950,-61.557069685801935,15.556449391123184,200.0,200.0,U
24951,-61.55641724845251,15.557539055756978,200.0,200.0,U
24952,-61.557144430290165,15.556361104570636,200.0,200.0,U
24953,-61.55754830583207,15.557652012551184,200.0,200.0,U
24954,-61.55344419317924,15.557112208169436,200.0,200.0,U
24955,-61.55708415583804,15.556346751152157,200.0,200.0,U
24956,-61.55706041413657,15.556025440311402,200.0,200.0,U
24957,-61.55668985245369,15.556463379947518,200.0,200.0,U
24958,-61.55657374470251,15.554503799566728,200.0,200.0,U
24959,-61.55587681994863,15.55699826251936,200.0,200.0,U
24960,-61.55777099849615,15.557093950985482,200.0,200.0,U
24961,-61.55715647877034,15.555813653778662,200.0,200.0,U
24962,-61.5569075635508,15.556183780573262,200.0,200.0,U
24963,-61.554956298445994,15.55369283648375,200.0,200.0,U
24964,-61.55693529072474,15.556608065578565,200.0,200.0,U
24965,-61.557116068919456,15.555457386150177,200.0,200.0,U
24966,-61.55675268548563,15.556103221384078,200.0,200.0,U
24967,-61.556808687291756,15.556477713659236,200.0,200.0,U
24968,-61.556277943511155,15.555369913572688,200.0,200.0,U
24969,-61.556121557188355,15.556363480689427,200.0,200.0,U
24970,-61.556303685341014,15.556924910366154,200.0,200.0,U
24971,-61.55689479681455,15.556350805666469,200.0,200.0,U
24972,-61.55756594012092,15.560520296198309,200.0,200.0,U
24973,-61.556810635621304,15.556342120082602,200.0,200.0,U
24974,-61.558746875344895,15.555881422692186,200.0,200.0,U
24975,-61.55841797032926,15.555435268224956,200.0,200.0,U
24976,-61.55847890375699,15.555727537119132,200.0,200.0,U
24977,-61.5575869156575,15.554545655850967,200.0,200.0,U
24978,-61.5576649887074,15.555847559883595,200.0,200.0,U
24979,-61.55203176102426,15.556776263920355,200.0,200.0,U
24980,-61.55316638544044,15.556102098165564,200.0,200.0,U
24981,-61.55620994829808,15.554943170549057,200.0,200.0,U
24982,-61.556202225516195,15.556131299228152,200.0,200.0,U
24983,-61.556917502504305,15.556703258935302,200.0,200.0,U
24984,-61.55571294715078,15.55785066905197,200.0,200.0,U
24985,-61.5576864840984,15.55684593913818,200.0,200.0,U
24986,-61.557184620464476,15.55659005075226,200.0,200.0,U
24987,-61.55743473416587,15.55608660621935,200.0,200.0,U
24988,-61.556985157333585,15.556384647474248,200.0,200.0,U
24989,-61.55658250938867,15.557592914442294,200.0,200.0,U
24990,-61.55656848697846,15.556736622452291,200.0,200.0,U
24991,-61.55567436313155,15.557785890994307,200.0,200.0,U
24992,-61.55466543407987,15.558118333808855,200.0,200.0,U
24993,-61.55865533361997,15.561217388599289,200.0,200.0,U
24994,-61.55654916590705,15.554727645245329,200.0,200.0,U
24995,-61.55385106609285,15.55477166774203,200.0,200.0,U
24996,-61.55684196567705,15.55666257908387,200.0,200.0,U
24997,-61.557943837725084,15.55742145570091,200.0,200.0,U
24998,-61.556503445852535,15.556477744576073,200.0,200.0,U
24999,-61.55569048699694,15.558794854533689,200.0,200.0,U
25000,-61.554424197279054,15.555048549981912,200.0,200.0,U
25001,-61.55417936743883,15.556601185983473,200.0,200.0,U
25002,-61.55497592956449,15.557474881222603,200.0,200.0,U
25003,-61.556403504993426,15.555428897991813,200.0,200.0,U
25004,-61.55852947964109,15.555217593213731,200.0,200.0,U
25005,-61.55755799430791,15.554411010420548,200.0,200.0,U
25006,-61.55696664124782,15.556048617133568,200.0,200.0,U
25007,-61.55626622907804,15.554064472043681,200.0,200.0,U
25008,-61.55687714040241,15.556238312607775,200.0,200.0,U
25009,-61.556966997499465,15.556955111359976,200.0,200.0,U
25010,-61.55794912674979,15.555787803900545,200.0,200.0,U
25011,-61.557140209803606,15.555923809890345,200.0,200.0,U
25012,-61.55683181393442,15.556270546997165,200.0,200.0,U
25013,-61.55761381835397,15.556459706619643,200.0,200.0,U
25014,-61.55712134632188,15.556146356004016,200.0,200.0,U
25015,-61.557576962600514,15.555338320314714,200.0,200.0,U
25016,-61.55290829999368,15.555791396552955,200.0,200.0,U
25017,-61.55579044009211,15.554510906016422,200.0,200.0,U
25018,-61.56032903990659,15.554956054008644,200.0,200.0,U
25019,-61.558582314845296,15.557477300900116,200.0,200.0,U
25020,-61.556430449234355,15.555052648555538,200.0,200.0,U
25021,-61.556562797391635,15.554834169772525,200.0,200.0,U
25022,-61.553986902985365,15.554138392619114,200.0,200.0,U
25023,-61.55679938538308,15.556121477654031,200.0,200.0,U
25024,-61.55740483124914,15.556461969059841,200.0,200.0,U
25025,-61.55809803701592,15.555073724063593,200.0,200.0,U
25026,-61.55679817066851,15.556943310520667,200.0,200.0,U
25027,-61.55969836890281,15.555700803229277,200.0,200.0,U
25028,-61.55845925518416,15.555852953035615,200.0,200.0,U
25029,-61.55611500350093,15.556653670872322,200.0,200.0,U
25030,-61.556199212376185,15.556194722132881,200.0,200.0,U
25031,-61.55747097960157,15.558383466713803,200.0,200.0,U
25032,-61.556713179398734,15.555434929221983,200.0,200.0,U
25033,-61.554733568826954,15.552782837716801,200.0,200.0,U
25034,-61.55816973233577,15.556760088767696,200.0,200.0,U
25035,-61.556867502160806,15.557647688195297,200.0,200.0,U
25036,-61.55592165600107,15.558040270664465,200.0,200.0,U
25037,-61.55766427841235,15.559505191575852,200.0,200.0,U
25038,-61.55588378207604,15.557196797559286,200.0,200.0,U
25039,-61.55636729251577,15.556890835763756,200.0,200.0,U
25040,-61.55731078840002,15.555930557008548,200.0,200.0,U
25041,-61.55731388381109,15.555882809862009,200.0,200.0,U
25042,-61.55670076917013,15.55504926224319,200.0,200.0,U
25043,-61.55732460522934,15.556106423194144,200.0,200.0,U
25044,-61.55277504538331,15.55296273605141,200.0,200.0,U
25045,-61.55703940314231,15.556011566810984,200.0,200.0,U
25046,-61.556904028896106,15.556059726071451,200.0,200.0,U
25047,-61.55754818884762,15.555821052330879,200.0,200.0,U
25048,-61.55635162539199,15.559371097483577,200.0,200.0,U
25049,-61.557074043184,15.556280273072442,200.0,200.0,U
25050,-61.55716628332645,15.555491972023754,200.0,200.0,U
25051,-61.55720636696135,15.55483582868521,200.0,200.0,U
25052,-61.555555067484185,15.557886170691217,200.0,200.0,U
25053,-61.55664059379725,15.558298002395265,200.0,200.0,U
25054,-61.55355834823912,15.556636863557438,200.0,200.0,U
25055,-61.55719824389459,15.556159191421049,200.0,200.0,U
25056,-61.55653653372487,15.555556250291696,200.0,200.0,U
25057,-61.55892834932237,15.554145306331424,200.0,200.0,U
25058,-61.553964776952746,15.55489594247437,200.0,200.0,U
25059,-61.55835438008116,15.551281873788977,200.0,200.0,U
25060,-61.555256351004765,15.55636473210899,200.0,200.0,U
25061,-61.55717531615979,15.557185808130772,200.0,200.0,U
25062,-61.55624839139674,15.556548689584414,200.0,200.0,U
25063,-61.55716031803152,15.55634953037332,200.0,200.0,U
25064,-61.55790589749848,15.556702711363078,200.0,200.0,U
25065,-61.55715412510718,15.556102872895586,200.0,200.0,U
25066,-61.55864875343918,15.556368201731816,200.0,200.0,U
25067,-61.55618834718023,15.556329891622578,200.0,200.0,U
25068,-61.55880836092659,15.557295708072875,200.0,200.0,U
25069,-61.5603335933376,15.555125398292951,200.0,200.0,U
25070,-61.55514006449616,15.55664024451367,200.0,200.0,U
25071,-61.55673666390644,15.557263089623804,200.0,200.0,U
25072,-61.55723960699296,15.554774269843525,200.0,200.0,U
25073,-61.55912340870669,15.55626595558155,200.0,200.0,U
25074,-61.556734276729884,15.555697390911401,200.0,200.0,U
25075,-61.556386990278476,15.556255403790962,200.0,200.0,U
25076,-61.55800784530792,15.556295338828283,200.0,200.0,U
25077,-61.55707927337813,15.55716086834213,200.0,200.0,U
25078,-61.555676656292434,15.55650130987247,200.0,200.0,U
25079,-61.554948070080634,15.558473096993138,200.0,200.0,U
25080,-61.5569482898856,15.55854361811158,200.0,200.0,U
25081,-61.556378785452935,15.557324319803497,200.0,200.0,U
25082,-61.55742350783375,15.556614169835704,200.0,200.0,U
25083,-61.55764420476644,15.555872347754143,200.0,200.0,U
25084,-61.55992576691154,15.55533396938381,200.0,200.0,U
25085,-61.55709072236822,15.555672036610078,200.0,200.0,U
25086,-61.55663632023775,15.558068498198194,200.0,200.0,U
25087,-61.55732334927458,15.553770925784246,200.0,200.0,U
25088,-61.557537975657304,15.555327642855517,200.0,200.0,U
25089,-61.557272211783015,15.55785718666938,200.0,200.0,U
25090,-61.55656440692879,15.556301138920201,200.0,200.0,U
25091,-61.557609879090755,15.556102766100402,200.0,200.0,U
25092,-61.55930791684517,15.556564809734475,200.0,200.0,U
25093,-61.55609580212625,15.556868030321017,200.0,200.0,U
25094,-61.55632866661123,15.556660150392727,200.0,200.0,U
25095,-61.55617499689728,15.556047889405217,200.0,200.0,U
25096,-61.556877734856805,15.555968719215008,200.0,200.0,U
25097,-61.559489861949814,15.55434906779201,200.0,200.0,U
25098,-61.55980915598083,15.553940530318004,200.0,200.0,U
25099,-61.55697304609478,15.556573698674073,200.0,200.0,U
25100,-61.5571586042306,15.556215731030225,200.0,200.0,U
25101,-61.557330861312096,15.556529898771844,200.0,200.0,U
25102,-61.55689007257624,15.55636513083335,200.0,200.0,U
25103,-61.55545283148032,15.556387563705329,200.0,200.0,U
25104,-61.55719339169374,15.556021238478968,200.0,200.0,U
25105,-61.55483158143374,15.555011726216309,200.0,200.0,U
25106,-61.55963620852384,15.556272213565599,200.0,200.0,U
25107,-61.55664003721686,15.55637669324667,200.0,200.0,U
25108,-61.55880375315454,15.556163686343004,200.0,200.0,U
25109,-61.5569644648334,15.555998762656907,200.0,200.0,U
25110,-61.55815682397903,15.55646372784033,200.0,200.0,U
25111,-61.55705916380547,15.556749497728418,200.0,200.0,U
25112,-61.557140466739824,15.557172417277979,200.0,200.0,U
25113,-61.555592296824166,15.555204781557713,200.0,200.0,U
25114,-61.55685544720774,15.554735482625613,200.0,200.0,U
25115,-61.556789840551986,15.555503632402127,200.0,200.0,U
25116,-61.55631376210546,15.559406420942087,200.0,200.0,U
25117,-61.556727435053766,15.560361669770417,200.0,200.0,U
25118,-61.556887270294254,15.556152529712486,200.0,200.0,U
25119,-61.556904604290224,15.55585509770195,200.0,200.0,U
25120,-61.555653620192416,15.553737265415652,200.0,200.0,U
25121,-61.55360745115564,15.560341486468925,200.0,200.0,U
25122,-61.556898544967275,15.555152122399054,200.0,200.0,U
25123,-61.558139621381265,15.556256618549336,200.0,200.0,U
25124,-61.55764088119275,15.556273771919448,200.0,200.0,U
25125,-61.55860142739619,15.554770117037265,200.0,200.0,U
25126,-61.55872879956221,15.558699316139691,200.0,200.0,U
25127,-61.557604464508245,15.555260385098464,200.0,200.0,U
25128,-61.55744895076994,15.55582649029917,200.0,200.0,U
25129,-61.56194765220912,15.555122205495168,200.0,200.0,U
25130,-61.557223387377455,15.556235442896861,200.0,200.0,U
25131,-61.556846705577506,15.555423484898814,200.0,200.0,U
25132,-61.557281079086025,15.555781810204442,200.0,200.0,U
25133,-61.556587943155066,15.55654228290284,200.0,200.0,U
25134,-61.55771741578378,15.55521804343068,200.0,200.0,U
25135,-61.55615203321861,15.554448481778017,200.0,200.0,U
25136,-61.55790966193691,15.555411961117974,200.0,200.0,U
25137,-61.55897333340191,15.555167358890506,200.0,200.0,U
25138,-61.55668324362606,15.557481103441098,200.0,200.0,U
25139,-61.55789607308649,15.556605950827322,200.0,200.0,U
25140,-61.55661533373172,15.553217505926625,200.0,200.0,U
25141,-61.55710638388646,15.556455637211299,200.0,200.0,U
25142,-61.556330995594834,15.552942990641188,200.0,200.0,U
25143,-61.55753164917965,15.5554386846234,200.0,200.0,U
25144,-61.55855089413073,15.556170866684708,200.0,200.0,U
25145,-61.55667330894005,15.557237498396368,200.0,200.0,U
25146,-61.556834268635804,15.556866849499217,200.0,200.0,U
25147,-61.55732758121193,15.556016839067617,200.0,200.0,U
25148,-61.5576219868554,15.55521004903215,200.0,200.0,U
25149,-61.55917441300725,15.556533654133016,200.0,200.0,U
25150,-61.558111004394384,15.558650961529803,200.0,200.0,U
25151,-61.55916614990509,15.556448612756524,200.0,200.0,U
25152,-61.557192999444105,15.559057097468706,200.0,200.0,U
25153,-61.55497854498238,15.557695244057133,200.0,200.0,U
25154,-61.557323417558514,15.554613370821938,200.0,200.0,U
25155,-61.55736796624044,15.55622288485401,200.0,200.0,U
25156,-61.55441511858558,15.558329579937956,200.0,200.0,U
25157,-61.556212080912175,15.55339974968221,200.0,200.0,U
25158,-61.55840063948042,15.556362720158251,200.0,200.0,U
25159,-61.55743079083242,15.553476640153791,200.0,200.0,U
25160,-61.56054279256398,15.557460699175422,200.0,200.0,U
25161,-61.55792471472535,15.555411577504737,200.0,200.0,U
25162,-61.55684738640062,15.556235493116372,200.0,200.0,U
25163,-61.56049990009046,15.554851539158408,200.0,200.0,U
25164,-61.556481312630076,15.556802322131384,200.0,200.0,U
25165,-61.5583520612928,15.557420962289406,200.0,200.0,U
25166,-61.56180524510996,15.55810208387879,200.0,200.0,U
25167,-61.558848736848205,15.557891309894593,200.0,200.0,U
25168,-61.558196970646996,15.557953211108112,200.0,200.0,U
25169,-61.55610383635891,15.557077433627963,200.0,200.0,U
25170,-61.55595636921899,15.557593718686492,200.0,200.0,U
25171,-61.557830398447216,15.55583699193502,200.0,200.0,U
25172,-61.556790150990444,15.55891454653466,200.0,200.0,U
25173,-61.558617081920765,15.556618904144763,200.0,200.0,U
25174,-61.557817420611904,15.556719858004007,200.0,200.0,U
25175,-61.55884458242123,15.555631938624593,200.0,200.0,U
25176,-61.557583324042845,15.55525567943357,200.0,200.0,U
25177,-61.55556633311555,15.555739796893183,200.0,200.0,U
25178,-61.55950109328871,15.556295698723309,200.0,200.0,U
25179,-61.5575202230791,15.556413786991865,200.0,200.0,U
25180,-61.55737352187272,15.556136491984743,200.0,200.0,U
25181,-61.5579373105533,15.557153977949076,200.0,200.0,U
25182,-61.55759822077002,15.556521074559958,200.0,200.0,U
25183,-61.557367317900535,15.556316866489391,200.0,200.0,U
25184,-61.557728801763695,15.55621807823593,200.0,200.0,U
25185,-61.55933625279516,15.555880337633969,200.0,200.0,U
25186,-61.55726445431857,15.555916039461541,200.0,200.0,U
25187,-61.55969473810286,15.557261989750819,200.0,200.0,U
25188,-61.559982091462665,15.553976400173847,200.0,200.0,U
25189,-61.55807379707976,15.55553073525898,200.0,200.0,U
25190,-61.55475301613946,15.556407394680036,200.0,200.0,U
25191,-61.55513588200265,15.557161331255147,200.0,200.0,U
25192,-61.556089284438386,15.555246071660786,200.0,200.0,U
25193,-61.55733771110277,15.556087296320442,200.0,200.0,U
25194,-61.558295794586755,15.556074682888557,200.0,200.0,U
25195,-61.557441251317854,15.554960622539143,200.0,200.0,U
25196,-61.5573434354558,15.555833141916274,200.0,200.0,U
25197,-61.559735626213296,15.556335783964597,200.0,200.0,U
25198,-61.55792453247688,15.556380420893113,200.0,200.0,U
25199,-61.55703791953,15.55601061772082,200.0,200.0,U
25200,-61.55626035445602,15.558038311833036,200.0,200.0,U
25201,-61.55512440852287,15.552941475267412,200.0,200.0,U
25202,-61.55947911767878,15.561515829039697,200.0,200.0,U
25203,-61.55587612200701,15.553288408609339,200.0,200.0,U
25204,-61.55687085265394,15.556146241308678,200.0,200.0,U
25205,-61.55857755683343,15.555931689406721,200.0,200.0,U
25206,-61.55676446629238,15.557001183859033,200.0,200.0,U
25207,-61.556609487433825,15.55612215104932,200.0,200.0,U
25208,-61.55805668831165,15.557128102691559,200.0,200.0,U
25209,-61.55624285070573,15.560036295706917,200.0,200.0,U
25210,-61.556137792649594,15.554950173133104,200.0,200.0,U
25211,-61.556667384517596,15.55640603374154,200.0,200.0,U
25212,-61.55876051997421,15.555959412367537,200.0,200.0,U
25213,-61.557844479603425,15.556005119649157,200.0,200.0,U
25214,-61.55892954273425,15.556192435878396,200.0,200.0,U
25215,-61.5580117886158,15.556073481925576,200.0,200.0,U
25216,-61.556663729022105,15.556846394921262,200.0,200.0,U
25217,-61.55744592266865,15.556898397824668,200.0,200.0,U
25218,-61.55729714583476,15.555953382395108,200.0,200.0,U
25219,-61.557577114805774,15.55603819823607,200.0,200.0,U
25220,-61.55776344763478,15.555649122601931,200.0,200.0,U
25221,-61.558343717607734,15.556386191523991,200.0,200.0,U
25222,-61.55619392933107,15.556810553498257,200.0,200.0,U
25223,-61.55708385738441,15.557641448266372,200.0,200.0,U
25224,-61.55707808758022,15.55453101692862,200.0,200.0,U
25225,-61.55505606449592,15.555326970641834,200.0,200.0,U
25226,-61.55726619433327,15.555650777462079,200.0,200.0,U
25227,-61.55995402686584,15.558024539282053,200.0,200.0,U
25228,-61.55743012438446,15.556020216442214,200.0,200.0,U
25229,-61.56045183614377,15.55582179013762,200.0,200.0,U
25230,-61.55744951338364,15.557916358375865,200.0,200.0,U
25231,-61.557463028354164,15.55621727485488,200.0,200.0,U
25232,-61.5553676065547,15.556882846641788,200.0,200.0,U
25233,-61.55655463608482,15.55629460050867,200.0,200.0,U
25234,-61.55489735435555,15.554735691983554,200.0,200.0,U
25235,-61.557096293181935,15.55774382045632,200.0,200.0,U
25236,-61.55506772311211,15.557497985421922,200.0,200.0,U
25237,-61.55761156905289,15.555769931928502,200.0,200.0,U
25238,-61.557160527620695,15.555483955819849,200.0,200.0,U
25239,-61.557367482372044,15.555992398732045,200.0,200.0,U
25240,-61.559383364132856,15.556092627878252,200.0,200.0,U
25241,-61.559199991102524,15.555514124349678,200.0,200.0,U
25242,-61.557511035620074,15.553148973064499,200.0,200.0,U
25243,-61.557392482118814,15.556353537454216,200.0,200.0,U
25244,-61.559358930922556,15.555763176755647,200.0,200.0,U
25245,-61.55699018842788,15.555806726637394,200.0,200.0,U
25246,-61.557926915352255,15.556306933540013,200.0,200.0,U
25247,-61.5593204108658,15.555830496345658,200.0,200.0,U
25248,-61.55687305030109,15.555168381996555,200.0,200.0,U
25249,-61.55729331649407,15.555205475353459,200.0,200.0,U
25250,-61.55702104058928,15.554977929134816,200.0,200.0,U
25251,-61.55697952486834,15.556188027560058,200.0,200.0,U
25252,-61.558920353050304,15.555382430106164,200.0,200.0,U
25253,-61.55406268492303,15.555203706084244,200.0,200.0,U
25254,-61.55599389911681,15.558536420160703,200.0,200.0,U
25255,-61.55817084418562,15.556483980633073,200.0,200.0,U
25256,-61.5576172343365,15.55586159392691,200.0,200.0,U
25257,-61.55921282997249,15.553862746207818,200.0,200.0,U
25258,-61.55828910476474,15.552025488701966,200.0,200.0,U
25259,-61.55755581358775,15.554571649013265,200.0,200.0,U
25260,-61.557358297101075,15.556633969094063,200.0,200.0,U
25261,-61.55759964567503,15.555815604929764,200.0,200.0,U
25262,-61.557536829875666,15.55594347297399,200.0,200.0,U
25263,-61.555528159065766,15.556833681702752,200.0,200.0,U
25264,-61.559859073171225,15.555731732027402,200.0,200.0,U
25265,-61.55744917380314,15.556872610238994,200.0,200.0,U
25266,-61.55711050027473,15.55340011233296,200.0,200.0,U
25267,-61.5583767769435,15.555816940282295,200.0,200.0,U
25268,-61.55678690845224,15.554932755169926,200.0,200.0,U
25269,-61.55831382156536,15.553923596467214,200.0,200.0,U
25270,-61.55660461397649,15.558028269747712,200.0,200.0,U
25271,-61.55750840102597,15.555752393960066,200.0,200.0,U
25272,-61.55857821872879,15.555386428406266,200.0,200.0,U
25273,-61.55659707921447,15.555681274576981,200.0,200.0,U
25274,-61.55636454259249,15.555748780457025,200.0,200.0,U
25275,-61.55601667134999,15.555154711821254,200.0,200.0,U
25276,-61.55762253283593,15.556172877263645,200.0,200.0,U
25277,-61.55748960911498,15.556266485547646,200.0,200.0,U
25278,-61.55496169173824,15.556169141097268,200.0,200.0,U
25279,-61.556874979321165,15.556479815001405,200.0,200.0,U
25280,-61.56121063912867,15.554909936526853,200.0,200.0,U
25281,-61.5573324628815,15.556194430159296,200.0,200.0,U
25282,-61.559301901723494,15.552426567336282,200.0,200.0,U
25283,-61.55704975817055,15.556936338985437,200.0,200.0,U
25284,-61.5587244445263,15.553436180105741,200.0,200.0,U
25285,-61.557417357287235,15.554505265500763,200.0,200.0,U
25286,-61.55776896879342,15.555328551122251,200.0,200.0,U
25287,-61.55598661385908,15.55556334259977,200.0,200.0,U
25288,-61.556852908097596,15.554623684470968,200.0,200.0,U
25289,-61.55733285287295,15.555865946931013,200.0,200.0,U
25290,-61.55759522425237,15.555437277991395,200.0,200.0,U
25291,-61.560145066097085,15.55749873686437,200.0,200.0,U
25292,-61.55882418831599,15.554202116337052,200.0,200.0,U
25293,-61.55757364380587,15.555987867565323,200.0,200.0,U
25294,-61.55931342319932,15.553704932484129,200.0,200.0,U
25295,-61.558213548942945,15.557884933590007,200.0,200.0,U
25296,-61.56049523197089,15.553766265346093,200.0,200.0,U
25297,-61.55869685506719,15.556624001458067,200.0,200.0,U
25298,-61.55765044482009,15.55605304230328,200.0,200.0,U
25299,-61.55739131043497,15.555335887344803,200.0,200.0,U
25300,-61.55716579726386,15.555642197688641,200.0,200.0,U
25301,-61.557963343948174,15.555703283316117,200.0,200.0,U
25302,-61.55772708125496,15.5574307164593,200.0,200.0,U
25303,-61.55462242719336,15.557342455852435,200.0,200.0,U
25304,-61.55605667688282,15.554999406675853,200.0,200.0,U
25305,-61.55742359134716,15.555614700478806,200.0,200.0,U
25306,-61.558027944828126,15.5558720416445,200.0,200.0,U
25307,-61.55917967578998,15.556667150863792,200.0,200.0,U
25308,-61.55665292098719,15.555571936971857,200.0,200.0,U
25309,-61.55743878273805,15.555917880837866,200.0,200.0,U
25310,-61.55844329318773,15.555345663977581,200.0,200.0,U
25311,-61.556830577467736,15.555724361240065,200.0,200.0,U
25312,-61.55728475934439,15.556844994147335,200.0,200.0,U
25313,-61.557714103347166,15.556024498401824,200.0,200.0,U
25314,-61.5566090888257,15.55541480097285,200.0,200.0,U
25315,-61.55831140864552,15.554236336870304,200.0,200.0,U
25316,-61.55775036191685,15.557708344624853,200.0,200.0,U
25317,-61.557627191250674,15.55590034166501,200.0,200.0,U
25318,-61.55680653569548,15.555824432010093,200.0,200.0,U
25319,-61.557773504380826,15.555993255552664,200.0,200.0,U
25320,-61.55887299355159,15.55824008923285,200.0,200.0,U
25321,-61.55784464526746,15.556047846647513,200.0,200.0,U
25322,-61.560456414325934,15.556876187863905,200.0,200.0,U
25323,-61.55780410719734,15.55634868161461,200.0,200.0,U
25324,-61.55542062703898,15.558683106725063,200.0,200.0,U
25325,-61.55748597888692,15.557713008694,200.0,200.0,U
25326,-61.55709480834905,15.554678424768337,200.0,200.0,U
25327,-61.55718755463597,15.55552541405938,200.0,200.0,U
25328,-61.55909689509835,15.555390516309828,200.0,200.0,U
25329,-61.55651057905222,15.558202177345828,200.0,200.0,U
25330,-61.557196278765666,15.555685677792354,200.0,200.0,U
25331,-61.55697374754876,15.554623245722091,200.0,200.0,U
25332,-61.55430951362707,15.559321865306565,200.0,200.0,U
25333,-61.55937902469996,15.555427426136157,200.0,200.0,U
25334,-61.55609054781663,15.557532762949315,200.0,200.0,U
25335,-61.55916028632563,15.555550478138795,200.0,200.0,U
25336,-61.55761741707039,15.555949263782479,200.0,200.0,U
25337,-61.55927380409318,15.555867518063993,200.0,200.0,U
25338,-61.55841718786046,15.555767395968303,200.0,200.0,U
25339,-61.55787936242641,15.555631699946902,200.0,200.0,U
25340,-61.55714424708743,15.557814279320128,200.0,200.0,U
25341,-61.5579943494196,15.55262348973236,200.0,200.0,U
25342,-61.55916205730378,15.556412787710126,200.0,200.0,U
25343,-61.55742486119655,15.555308541050596,200.0,200.0,U
25344,-61.55946157372844,15.553067005359221,200.0,200.0,U
25345,-61.55747119021112,15.55580008169528,200.0,200.0,U
25346,-61.557111918625736,15.556688555907984,200.0,200.0,U
25347,-61.55801710548232,15.556221225529642,200.0,200.0,U
25348,-61.559282998625314,15.556620875920725,200.0,200.0,U
25349,-61.55701858684756,15.554917117527193,200.0,200.0,U
25350,-61.55847087362198,15.553890194827304,200.0,200.0,U
25351,-61.55347244455654,15.555184314255836,200.0,200.0,U
25352,-61.55755505047225,15.556386056287305,200.0,200.0,U
25353,-61.55766607677346,15.555595758818493,200.0,200.0,U
25354,-61.55818535703694,15.556578113684784,200.0,200.0,U
25355,-61.557459881053944,15.555376180355463,200.0,200.0,U
25356,-61.558635570599336,15.556436822637183,200.0,200.0,U
25357,-61.558786743565335,15.555653173865428,200.0,200.0,U
25358,-61.559957819027375,15.55593653938007,200.0,200.0,U
25359,-61.556911345110045,15.55700526259137,200.0,200.0,U
25360,-61.55770205659083,15.555860639802091,200.0,200.0,U
25361,-61.558980323592976,15.55629142043673,200.0,200.0,U
25362,-61.55891927120148,15.555217146322084,200.0,200.0,U
25363,-61.55702660367794,15.55529565667,200.0,200.0,U
25364,-61.55854044930435,15.557370378798895,200.0,200.0,U
25365,-61.556531373539435,15.55647856544871,200.0,200.0,U
25366,-61.558958292853426,15.557230255134206,200.0,200.0,U
25367,-61.560397424942735,15.55599512524231,200.0,200.0,U
25368,-61.55710340195653,15.556938512190088,200.0,200.0,U
25369,-61.55797143966575,15.556038595063411,200.0,200.0,U
25370,-61.55790309577604,15.555868472635845,200.0,200.0,U
25371,-61.560692898040756,15.556874160812495,200.0,200.0,U
25372,-61.55671221610816,15.554396124072888,200.0,200.0,U
25373,-61.55723967260532,15.554942788103789,200.0,200.0,U
25374,-61.55676622199764,15.556487825076466,200.0,200.0,U
25375,-61.55948286241829,15.556503863681183,200.0,200.0,U
25376,-61.557817532921106,15.555823263197563,200.0,200.0,U
25377,-61.56226923981036,15.55478541162022,200.0,200.0,U
25378,-61.56005617774847,15.555047513838376,200.0,200.0,U
25379,-61.557559984309144,15.556398577993525,200.0,200.0,U
25380,-61.558431220916916,15.555822851861654,200.0,200.0,U
25381,-61.55948098801465,15.553892223253815,200.0,200.0,U
25382,-61.55533711630448,15.556783350966176,200.0,200.0,U
25383,-61.55737180074217,15.554543606023731,200.0,200.0,U
25384,-61.55806741082531,15.556807972450619,200.0,200.0,U
25385,-61.560811660560084,15.555336601703265,200.0,200.0,U
25386,-61.55774334180394,15.555280464934793,200.0,200.0,U
25387,-61.5565685511143,15.554738964875424,200.0,200.0,U
25388,-61.55863372187316,15.55555869629137,200.0,200.0,U
25389,-61.558530655702214,15.555304137851362,200.0,200.0,U
25390,-61.559409967410836,15.556025580120554,200.0,200.0,U
25391,-61.55776753911417,15.555783114375947,200.0,200.0,U
25392,-61.55685520442141,15.555660749554923,200.0,200.0,U
25393,-61.55767981880291,15.55586953359213,200.0,200.0,U
25394,-61.56015277456646,15.556042467727092,200.0,200.0,U
25395,-61.55604434551673,15.556744455810637,200.0,200.0,U
25396,-61.55864633586841,15.55492026942322,200.0,200.0,U
25397,-61.55899387155634,15.557269883252037,200.0,200.0,U
25398,-61.55777490180558,15.555581364793186,200.0,200.0,U
25399,-61.55879442314409,15.556195493602175,200.0,200.0,U
25400,-61.5564729815186,15.558998769587316,200.0,200.0,U
25401,-61.5576784955362,15.555901857100697,200.0,200.0,U
25402,-61.558361550918136,15.55640661191936,200.0,200.0,U
25403,-61.55858768807366,15.555939783960453,200.0,200.0,U
25404,-61.558238867927805,15.556134724993912,200.0,200.0,U
25405,-61.556478854506565,15.557066445463779,200.0,200.0,U
25406,-61.557947533387505,15.555850646441714,200.0,200.0,U
25407,-61.55727336977339,15.55578251871635,200.0,200.0,U
25408,-61.55833625763703,15.556785004297915,200.0,200.0,U
25409,-61.55986174429628,15.558048198887288,200.0,200.0,U
25410,-61.55878962456287,15.555756412890569,200.0,200.0,U
25411,-61.55719669356358,15.560166473602207,200.0,200.0,U
25412,-61.55934329779385,15.554576660229488,200.0,200.0,U
25413,-61.557650364214936,15.554573699185799,200.0,200.0,U
25414,-61.55541462980691,15.555826990036527,200.0,200.0,U
25415,-61.558110603520426,15.555778595832525,200.0,200.0,U
25416,-61.5583324150038,15.555674365472045,200.0,200.0,U
25417,-61.55778878173283,15.555761883295949,200.0,200.0,U
25418,-61.558357535816974,15.558828794608974,200.0,200.0,U
25419,-61.558819064094834,15.555891319476382,200.0,200.0,U
25420,-61.55773513111572,15.555379016717255,200.0,200.0,U
25421,-61.55725305194221,15.554908561257315,200.0,200.0,U
25422,-61.55813360113819,15.556498156646478,200.0,200.0,U
25423,-61.55834284697255,15.555332564137629,200.0,200.0,U
25424,-61.557281498321736,15.5560209116586,200.0,200.0,U
25425,-61.55999883679494,15.555035426803542,200.0,200.0,U
25426,-61.55828779395055,15.556059521865093,200.0,200.0,U
25427,-61.559590235673454,15.556044808757104,200.0,200.0,U
25428,-61.55838781194764,15.554950872102097,200.0,200.0,U
25429,-61.55851728390461,15.555851601485303,200.0,200.0,U
25430,-61.558228022399824,15.554967220159186,200.0,200.0,U
25431,-61.556315938289295,15.557413556770173,200.0,200.0,U
25432,-61.55839442477216,15.555696325192391,200.0,200.0,U
25433,-61.55874313939101,15.555476100643292,200.0,200.0,U
25434,-61.55815800273934,15.555945134620462,200.0,200.0,U
25435,-61.55693814571239,15.552998063742551,200.0,200.0,U
25436,-61.55437327815135,15.553044774565246,200.0,200.0,U
25437,-61.55821533019679,15.556376723859861,200.0,200.0,U
25438,-61.55795618375402,15.555887029735056,200.0,200.0,U
25439,-61.55764194897829,15.557965113057408,200.0,200.0,U
25440,-61.5582125493048,15.555806364081672,200.0,200.0,U
25441,-61.557653811619055,15.555569740473812,200.0,200.0,U
25442,-61.559520045797576,15.553630893773201,200.0,200.0,U
25443,-61.557356031950825,15.555662822739215,200.0,200.0,U
25444,-61.55762284080475,15.555361036229007,200.0,200.0,U
25445,-61.555854589409485,15.559130205216942,200.0,200.0,U
25446,-61.557877234586115,15.556555338104816,200.0,200.0,U
25447,-61.55584766288076,15.557045235642132,200.0,200.0,U
25448,-61.55780173730008,15.55525842811119,200.0,200.0,U
25449,-61.557726509269756,15.554307698943342,200.0,200.0,U
25450,-61.558228281099716,15.556100821012157,200.0,200.0,U
25451,-61.55860360757436,15.555440666826062,200.0,200.0,U
25452,-61.556121469727614,15.557480759463603,200.0,200.0,U
25453,-61.55988299667634,15.555415272939815,200.0,200.0,U
25454,-61.55838205176944,15.554579648049634,200.0,200.0,U
25455,-61.559848119218586,15.555087636666354,200.0,200.0,U
25456,-61.55731095450006,15.55578270964447,200.0,200.0,U
25457,-61.55861293367263,15.553077769313969,200.0,200.0,U
25458,-61.55736401385696,15.555644011627859,200.0,200.0,U
25459,-61.55882842117321,15.55915365636016,200.0,200.0,U
25460,-61.56005822654347,15.557165496604815,200.0,200.0,U
25461,-61.55791517340596,15.551920223149628,200.0,200.0,U
25462,-61.55707966915526,15.556311340279768,200.0,200.0,U
25463,-61.55648728789544,15.553771459205597,200.0,200.0,U
25464,-61.55648280551492,15.55568817092925,200.0,200.0,U
25465,-61.558655761553304,15.55635387756164,200.0,200.0,U
25466,-61.55606496184454,15.554323555911648,200.0,200.0,U
25467,-61.56089145676074,15.555590790369092,200.0,200.0,U
25468,-61.55896719292651,15.55709423517347,200.0,200.0,U
25469,-61.5574300386263,15.556118447941405,200.0,200.0,U
25470,-61.55914616052288,15.556780771638056,200.0,200.0,U
25471,-61.55742118544733,15.55621624703673,200.0,200.0,U
25472,-61.558212021757576,15.555585657527644,200.0,200.0,U
25473,-61.56027086719266,15.554297742012135,200.0,200.0,U
25474,-61.55817499252888,15.555675191715828,200.0,200.0,U
25475,-61.55791369284015,15.556135460105613,200.0,200.0,U
25476,-61.55721075569643,15.555442973752774,200.0,200.0,U
25477,-61.55581852959382,15.555788149603265,200.0,200.0,U
25478,-61.55727149740973,15.55550427477459,200.0,200.0,U
25479,-61.55910277123256,15.55225030271706,200.0,200.0,U
25480,-61.559125371537405,15.554128212190548,200.0,200.0,U
25481,-61.559344045206565,15.55733789159853,200.0,200.0,U
25482,-61.55439019821136,15.555458564593664,200.0,200.0,U
25483,-61.55391784904765,15.55591965486547,200.0,200.0,U
25484,-61.55807230166124,15.55557299888687,200.0,200.0,U
25485,-61.55809881500388,15.55615594160363,200.0,200.0,U
25486,-61.558059513785466,15.557557663572801,200.0,200.0,U
25487,-61.556980280225815,15.55821338513439,200.0,200.0,U
25488,-61.558518209909224,15.556751882058125,200.0,200.0,U
25489,-61.55808398202597,15.555757752151353,200.0,200.0,U
25490,-61.55831362524574,15.556047764079834,200.0,200.0,U
25491,-61.55840088688361,15.555792608843,200.0,200.0,U
25492,-61.55815867644894,15.555978988089153,200.0,200.0,U
25493,-61.557315125246994,15.555810321899813,200.0,200.0,U
25494,-61.55901174840235,15.552577050741073,200.0,200.0,U
25495,-61.55788342641411,15.555033578686638,200.0,200.0,U
25496,-61.55837217104651,15.555359892977803,200.0,200.0,U
25497,-61.55874312714665,15.555825702332037,200.0,200.0,U
25498,-61.55647034476897,15.556339842156204,200.0,200.0,U
25499,-61.55627330762022,15.554202669868369,200.0,200.0,U
25500,-61.557750310301316,15.559057293164976,200.0,200.0,U
25501,-61.55718795765209,15.552019435343807,200.0,200.0,U
25502,-61.55811805356502,15.55566197860326,200.0,200.0,U
25503,-61.558485559668284,15.555912486009753,200.0,200.0,U
25504,-61.55569664061502,15.558373847808612,200.0,200.0,U
25505,-61.55895334522548,15.55590836760411,200.0,200.0,U
25506,-61.55639771561816,15.556455710462167,200.0,200.0,U
25507,-61.56074311581819,15.554682294051169,200.0,200.0,U
25508,-61.55690661746069,15.556792143301118,200.0,200.0,U
25509,-61.55866314777327,15.554802416251622,200.0,200.0,U
25510,-61.55953160965385,15.555200386197614,200.0,200.0,U
25511,-61.55802126813512,15.555553185125538,200.0,200.0,U
25512,-61.5604096223967,15.55563711753193,200.0,200.0,U
25513,-61.55677119909077,15.55549967467271,200.0,200.0,U
25514,-61.558364201841655,15.555456127476923,200.0,200.0,U
25515,-61.55820873267762,15.555675751717859,200.0,200.0,U
25516,-61.55936488358495,15.55593745817611,200.0,200.0,U
25517,-61.556074525466954,15.554900410221446,200.0,200.0,U
25518,-61.55650099012735,15.556516913797976,200.0,200.0,U
25519,-61.55797854630279,15.555122176773644,200.0,200.0,U
25520,-61.556769636040364,15.557547475371539,200.0,200.0,U
25521,-61.55561683944093,15.553860192331546,200.0,200.0,U
25522,-61.55817831987394,15.555635914249502,200.0,200.0,U
25523,-61.55900567538789,15.557604257373583,200.0,200.0,U
25524,-61.558305052550715,15.554989385766797,200.0,200.0,U
25525,-61.558823288307075,15.555527534879271,200.0,200.0,U
25526,-61.55866222355588,15.557005561729481,200.0,200.0,U
25527,-61.55744945256887,15.555442759336106,200.0,200.0,U
25528,-61.5577851658461,15.5555607296135,200.0,200.0,U
25529,-61.556920693529484,15.555850614819693,200.0,200.0,U
25530,-61.558347390489416,15.5547081099833,200.0,200.0,U
25531,-61.55818099549409,15.555441514047004,200.0,200.0,U
25532,-61.55758906037514,15.555735623760443,200.0,200.0,U
25533,-61.55882240097587,15.555508991582505,200.0,200.0,U
25534,-61.55865228042471,15.55624858481421,200.0,200.0,U
25535,-61.55946596465048,15.553217650249756,200.0,200.0,U
25536,-61.55694261603194,15.557433458827298,200.0,200.0,U
25537,-61.55843621850567,15.555302833760681,200.0,200.0,U
25538,-61.55723753403636,15.554253705339773,200.0,200.0,U
25539,-61.5575715378747,15.557879871073345,200.0,200.0,U
25540,-61.55937843079631,15.553488078782108,200.0,200.0,U
25541,-61.55801548620936,15.558573277045888,200.0,200.0,U
25542,-61.558991179329716,15.55544196406558,200.0,200.0,U
25543,-61.558171697634066,15.554645325050636,200.0,200.0,U
25544,-61.55787095626587,15.558487226929246,200.0,200.0,U
25545,-61.557113540271395,15.557976992462647,200.0,200.0,U
25546,-61.55658977208021,15.558088853764009,200.0,200.0,U
25547,-61.55626672556584,15.554894366344666,200.0,200.0,U
25548,-61.55717032779248,15.5534105360471,200.0,200.0,U
25549,-61.55828569542108,15.555455836177781,200.0,200.0,U
25550,-61.55841909999247,15.555679543375739,200.0,200.0,U
25551,-61.55862700779713,15.554647622187243,200.0,200.0,U
25552,-61.55649806654568,15.554285412822054,200.0,200.0,U
25553,-61.558372497333465,15.55539905175065,200.0,200.0,U
25554,-61.55953385112888,15.555601903814976,200.0,200.0,U
25555,-61.56037296005754,15.555964972259451,200.0,200.0,U
25556,-61.558324773759544,15.554932598267724,200.0,200.0,U
25557,-61.559221794531844,15.555800512908558,200.0,200.0,U
25558,-61.558340503675986,15.55529761825015,200.0,200.0,U
25559,-61.55821937214029,15.554904599898007,200.0,200.0,U
25560,-61.557241232585106,15.555753172014953,200.0,200.0,U
25561,-61.558398151227,15.555816509774743,200.0,200.0,U
25562,-61.55867634726151,15.556143456296759,200.0,200.0,U
25563,-61.5595246066553,15.55695649565431,200.0,200.0,U
25564,-61.559466086895014,15.556510623137072,200.0,200.0,U
25565,-61.56007212387153,15.554002261629845,200.0,200.0,U
25566,-61.55441924159137,15.557045715396487,200.0,200.0,U
25567,-61.55829822902944,15.555787791086434,200.0,200.0,U
25568,-61.55513795097849,15.558152034869716,200.0,200.0,U
25569,-61.558240270109145,15.556111778723663,200.0,200.0,U
25570,-61.55677451522104,15.556386940284371,200.0,200.0,U
25571,-61.55899810145725,15.55490444388923,200.0,200.0,U
25572,-61.55860322807941,15.555291336200808,200.0,200.0,U
25573,-61.55778450938262,15.557612442101085,200.0,200.0,U
25574,-61.56055829501994,15.556850549835975,200.0,200.0,U
25575,-61.55910479536975,15.555429586162727,200.0,200.0,U
25576,-61.55983216193315,15.55512691349799,200.0,200.0,U
25577,-61.55696520007743,15.554274036553931,200.0,200.0,U
25578,-61.55889578896158,15.556491750855914,200.0,200.0,U
25579,-61.558156459431835,15.557900814568454,200.0,200.0,U
25580,-61.55667185765407,15.555873361960224,200.0,200.0,U
25581,-61.557331389174735,15.555563306866967,200.0,200.0,U
25582,-61.55655472128755,15.555893567063002,200.0,200.0,U
25583,-61.55940851245988,15.552540656867702,200.0,200.0,U
25584,-61.55792139794342,15.556485097660374,200.0,200.0,U
25585,-61.55840884376962,15.555522530478537,200.0,200.0,U
25586,-61.55785482688381,15.556568698848547,200.0,200.0,U
25587,-61.55836213298961,15.555731149681492,200.0,200.0,U
25588,-61.55742578218331,15.556058489208809,200.0,200.0,U
25589,-61.560342423915976,15.55680009370561,200.0,200.0,U
25590,-61.55677565435462,15.558311856046885,200.0,200.0,U
25591,-61.5590756525352,15.556856354391627,200.0,200.0,U
25592,-61.56046294385469,15.554125083778873,200.0,200.0,U
25593,-61.55853910439034,15.554978328052224,200.0,200.0,U
25594,-61.55920190853558,15.555936309779431,200.0,200.0,U
25595,-61.55819001375592,15.55684793284709,200.0,200.0,U
25596,-61.55662771529012,15.554994572928061,200.0,200.0,U
25597,-61.55780059983652,15.55293582877935,200.0,200.0,U
25598,-61.559714014270114,15.555294792050114,200.0,200.0,U
25599,-61.557623935534686,15.555685395658495,200.0,200.0,U
25600,-61.55562086991239,15.555865656050601,200.0,200.0,U
25601,-61.56096453383859,15.557924184538763,200.0,200.0,U
25602,-61.55879298147575,15.557833378636959,200.0,200.0,U
25603,-61.55716881785345,15.555031467890124,200.0,200.0,U
25604,-61.556634229086114,15.55388255029721,200.0,200.0,U
25605,-61.55711423641988,15.554780088028021,200.0,200.0,U
25606,-61.55700270981878,15.557295795613994,200.0,200.0,U
25607,-61.55933624074034,15.557577045433945,200.0,200.0,U
25608,-61.562776315608616,15.55717832933558,200.0,200.0,U
25609,-61.558584322872846,15.555588933165755,200.0,200.0,U
25610,-61.558543192244706,15.555392839516362,200.0,200.0,U
25611,-61.55945882320944,15.556096678436331,200.0,200.0,U
25612,-61.559416350044145,15.555300369032603,200.0,200.0,U
25613,-61.558988975802144,15.555193966676296,200.0,200.0,U
25614,-61.55687517118956,15.55535353170908,200.0,200.0,U
25615,-61.55680966041196,15.554078241250094,200.0,200.0,U
25616,-61.55746238259827,15.55605811618724,200.0,200.0,U
25617,-61.55861332254719,15.555500894560938,200.0,200.0,U
25618,-61.557828542928256,15.553393994928362,200.0,200.0,U
25619,-61.5577310471039,15.556008276855291,200.0,200.0,U
25620,-61.55987191186826,15.558435730065778,200.0,200.0,U
25621,-61.557525996861244,15.55577324587604,200.0,200.0,U
25622,-61.56187983579382,15.557665834072282,200.0,200.0,U
25623,-61.5601295014176,15.554627693183475,200.0,200.0,U
25624,-61.558174521979275,15.554551715140304,200.0,200.0,U
25625,-61.55870921476876,15.55601753577779,200.0,200.0,U
25626,-61.558490371522694,15.555450661074945,200.0,200.0,U
25627,-61.56082014801927,15.55486554251476,200.0,200.0,U
25628,-61.56038699726844,15.555538743610548,200.0,200.0,U
26438,-61.561045714045164,15.55395832492354,200.0,200.0,U
26439,-61.5583920922615,15.552799235568626,200.0,200.0,U
26440,-61.563488630242645,15.553747170555956,200.0,200.0,U
26441,-61.56121451943702,15.553653475011641,200.0,200.0,U
26442,-61.56075890980473,15.555317208874534,200.0,200.0,U
26443,-61.559788250345065,15.555179469149357,200.0,200.0,U
26444,-61.56181082591968,15.554751885932284,200.0,200.0,U
26445,-61.56180191526509,15.555058206404354,200.0,200.0,U
26446,-61.560787231583504,15.554009976310208,200.0,200.0,U
26447,-61.56249671374488,15.554325523110222,200.0,200.0,U
26448,-61.56135443273435,15.553735674985418,200.0,200.0,U
26449,-61.56130821183819,15.554807554954955,200.0,200.0,U
26450,-61.560371924452994,15.553907650094882,200.0,200.0,U
26451,-61.56090347567285,15.552443125139105,200.0,200.0,U
26452,-61.562018210010685,15.551445951808502,200.0,200.0,U
26453,-61.56151948452643,15.553288318941576,200.0,200.0,U
26454,-61.562681566119885,15.55313730638681,200.0,200.0,U
26455,-61.56224943975127,15.55077297684859,200.0,200.0,U
26456,-61.56122093202154,15.5536759741822,200.0,200.0,U
26457,-61.55958202331351,15.554449692241374,200.0,200.0,U
26458,-61.56043583348145,15.553504184834965,200.0,200.0,U
26459,-61.56127703851693,15.55349936556749,200.0,200.0,U
26460,-61.564785715518035,15.554144268294824,200.0,200.0,U
26461,-61.56103176116481,15.555640627929714,200.0,200.0,U
26462,-61.5614790517391,15.55372412821511,200.0,200.0,U
26463,-61.56258489954727,15.55635064608416,200.0,200.0,U
26464,-61.560152766715795,15.555220306867945,200.0,200.0,U
26465,-61.56178396603931,15.553526826593941,200.0,200.0,U
26466,-61.560449811585706,15.554316695483138,200.0,200.0,U
26467,-61.5614202940318,15.553717179848748,200.0,200.0,U
26468,-61.56133521836885,15.554119883245944,200.0,200.0,U
26469,-61.5647581441241,15.554821255157115,200.0,200.0,U
26470,-61.561169632710666,15.554154012186443,200.0,200.0,U
26471,-61.56141071591728,15.55289595454746,200.0,200.0,U
26472,-61.5629139139329,15.554172807691746,200.0,200.0,U
26473,-61.561601121813275,15.554197842025248,200.0,200.0,U
26474,-61.56190479612785,15.554164951423187,200.0,200.0,U
26475,-61.5567595115209,15.553510865607475,200.0,200.0,U
26476,-61.56129453393334,15.553996051568166,200.0,200.0,U
26477,-61.558799775071506,15.554016952910217,200.0,200.0,U
26478,-61.55979296205376,15.552589815900038,200.0,200.0,U
26479,-61.562439181192076,15.555841750377736,200.0,200.0,U
26480,-61.56351141456857,15.554106787183427,200.0,200.0,U
26481,-61.56147001214013,15.550917600232909,200.0,200.0,U
26482,-61.56110165138037,15.554113587388398,200.0,200.0,U
26483,-61.56177904996141,15.55409198913166,200.0,200.0,U
26484,-61.56150775823685,15.553588405205527,200.0,200.0,U
26485,-61.5614175735463,15.554259270102149,200.0,200.0,U
26486,-61.56098499379285,15.55303166907736,200.0,200.0,U
26487,-61.55952947339967,15.552822134355061,200.0,200.0,U
26488,-61.56061516056681,15.551988485524955,200.0,200.0,U
26489,-61.56034885111018,15.551686423686364,200.0,200.0,U
26490,-61.563026104779,15.552377990217982,200.0,200.0,U
26491,-61.560191636936544,15.553247224176701,200.0,200.0,U
26492,-61.560113977717734,15.552417093231574,200.0,200.0,U
26493,-61.56071442763869,15.551691438368168,200.0,200.0,U
26494,-61.561882845300616,15.552764381897893,200.0,200.0,U
26495,-61.55928924785948,15.557451011799435,200.0,200.0,U
26496,-61.561626426265434,15.553771419643107,200.0,200.0,U
26497,-61.562698017177034,15.553539774657983,200.0,200.0,U
26498,-61.56052579486064,15.553977966932296,200.0,200.0,U
26499,-61.56317184009845,15.55387210227199,200.0,200.0,U
26500,-61.5605517464028,15.554782709463785,200.0,200.0,U
26501,-61.56176830290772,15.554807819078285,200.0,200.0,U
26502,-61.562642971431394,15.554166068680411,200.0,200.0,U
26503,-61.56136494147156,15.553414906136865,200.0,200.0,U
26504,-61.561324489084676,15.553293079441369,200.0,200.0,U
26505,-61.56164866862674,15.553108031289803,200.0,200.0,U
26506,-61.5615338718304,15.553800194932192,200.0,200.0,U
26507,-61.560941937035956,15.555341862171003,200.0,200.0,U
26508,-61.5588637833237,15.555959631567772,200.0,200.0,U
26509,-61.56255262664564,15.553417810067682,200.0,200.0,U
26510,-61.56151038491012,15.554092311355118,200.0,200.0,U
26511,-61.56113523849149,15.553321147365484,200.0,200.0,U
26512,-61.56178558634085,15.554804726368896,200.0,200.0,U
26513,-61.560765858864464,15.553810837767687,200.0,200.0,U
26514,-61.56381652021964,15.554887357761679,200.0,200.0,U
26515,-61.55820009690473,15.5553639060874,200.0,200.0,U
26516,-61.56157563280665,15.55249041049717,200.0,200.0,U
26517,-61.56295590921106,15.549835538481927,200.0,200.0,U
26518,-61.56156139332328,15.55449131273414,200.0,200.0,U
26519,-61.56163493686849,15.555135667130688,200.0,200.0,U
26520,-61.561430383580586,15.553970449342616,200.0,200.0,U
26521,-61.562277364575706,15.551885298237696,200.0,200.0,U
26522,-61.56269529589392,15.55271193893972,200.0,200.0,U
26523,-61.56223495990287,15.552523895384688,200.0,200.0,U
26524,-61.56241413821274,15.552981584609782,200.0,200.0,U
26525,-61.56058473203491,15.55160705031839,200.0,200.0,U
26526,-61.5610080510392,15.554872894957903,200.0,200.0,U
26527,-61.56167928954797,15.553497991612478,200.0,200.0,U
26528,-61.56165952554502,15.553628447212727,200.0,200.0,U
26529,-61.562012784532214,15.553283628333174,200.0,200.0,U
26530,-61.561733333436656,15.553627557582045,200.0,200.0,U
26531,-61.56135560680882,15.55366763482767,200.0,200.0,U
26532,-61.561703650532856,15.553860921722503,200.0,200.0,U
26533,-61.564310713378745,15.553634338033103,200.0,200.0,U
26534,-61.561536098799195,15.554204502066243,200.0,200.0,U
26535,-61.56170213371516,15.55119076946155,200.0,200.0,U
26536,-61.5613421497832,15.552621339409251,200.0,200.0,U
26537,-61.562949647851454,15.553987695683764,200.0,200.0,U
26538,-61.56177794566642,15.553368638161366,200.0,200.0,U
26539,-61.56176062148795,15.555005944063478,200.0,200.0,U
26540,-61.56122276943438,15.554751837843902,200.0,200.0,U
26541,-61.56200177659406,15.553842859304934,200.0,200.0,U
26542,-61.562554322568005,15.5546266444604,200.0,200.0,U
26543,-61.56241145955554,15.555321272083619,200.0,200.0,U
26544,-61.56335387544375,15.55349312634052,200.0,200.0,U
26545,-61.56366471360278,15.550699859635822,200.0,200.0,U
26546,-61.56131377097679,15.553551725944324,200.0,200.0,U
26547,-61.56166611775578,15.55570069478694,200.0,200.0,U
26548,-61.56189182830356,15.553464408721624,200.0,200.0,U
26549,-61.560994001229055,15.554155447173516,200.0,200.0,U
26550,-61.56038967148368,15.555170308984778,200.0,200.0,U
26551,-61.5620929573537,15.553368525466922,200.0,200.0,U
26552,-61.56113249113352,15.552969767588419,200.0,200.0,U
26553,-61.56120201951856,15.553728270140686,200.0,200.0,U
26554,-61.55922446358211,15.556287628869617,200.0,200.0,U
26555,-61.562699251173434,15.55244625705455,200.0,200.0,U
26556,-61.56172181945013,15.55561018514836,200.0,200.0,U
26557,-61.56389799024229,15.55120198137047,200.0,200.0,U
26558,-61.55861846273626,15.552955611173992,200.0,200.0,U
26559,-61.562242028578325,15.554476899383896,200.0,200.0,U
26560,-61.56227117297227,15.55326530619037,200.0,200.0,U
26561,-61.56122181275255,15.55280342303073,200.0,200.0,U
26562,-61.56311139487778,15.553609873757674,200.0,200.0,U
26563,-61.562239124932304,15.553163834999296,200.0,200.0,U
26564,-61.56064752614593,15.552407591166958,200.0,200.0,U
26565,-61.56237763836958,15.552151578530458,200.0,200.0,U
26566,-61.55814842104845,15.550293398668593,200.0,200.0,U
26567,-61.55895584989164,15.553565715202524,200.0,200.0,U
26568,-61.562049723304625,15.551487910493975,200.0,200.0,U
26569,-61.56122084047489,15.556300848988725,200.0,200.0,U
26570,-61.561652376472054,15.553621320674994,200.0,200.0,U
26571,-61.56235062575631,15.552636880553258,200.0,200.0,U
26572,-61.56322806086746,15.551338330952927,200.0,200.0,U
26573,-61.56194354432698,15.553441128657955,200.0,200.0,U
26574,-61.56160112934471,15.553568343486358,200.0,200.0,U
26575,-61.56099050134673,15.553675315168954,200.0,200.0,U
26576,-61.56158741565906,15.552911490877063,200.0,200.0,U
26577,-61.560139380923154,15.55338505380701,200.0,200.0,U
26578,-61.56189440953203,15.553540554728347,200.0,200.0,U
26579,-61.5636874792279,15.553491964998932,200.0,200.0,U
26580,-61.561748113398565,15.553269107592742,200.0,200.0,U
26581,-61.56152291485351,15.553826506534968,200.0,200.0,U
26582,-61.55955002929005,15.552559689608273,200.0,200.0,U
26583,-61.560319964250006,15.5515081264732,200.0,200.0,U
26584,-61.561633698829894,15.55328287298676,200.0,200.0,U
26585,-61.562108001476425,15.553451113890766,200.0,200.0,U
26586,-61.56168003853623,15.554044074360874,200.0,200.0,U
26587,-61.563673629990504,15.551968768696472,200.0,200.0,U
26588,-61.56155556278763,15.552640271472093,200.0,200.0,U
26589,-61.56242657695888,15.554360745627262,200.0,200.0,U
26590,-61.56199886163631,15.553235495269195,200.0,200.0,U
26591,-61.56342625561921,15.555907630263913,200.0,200.0,U
26592,-61.56173196926725,15.554166964150136,200.0,200.0,U
26593,-61.563106675258226,15.55569717549742,200.0,200.0,U
26594,-61.5630473533953,15.55320460206497,200.0,200.0,U
26595,-61.5638259142669,15.552300595994277,200.0,200.0,U
26596,-61.56494902276368,15.554584548767757,200.0,200.0,U
26597,-61.56167512205161,15.553297554082443,200.0,200.0,U
26598,-61.56186527409349,15.55309079779944,200.0,200.0,U
26599,-61.56058461825589,15.554920544394472,200.0,200.0,U
26600,-61.56277051736755,15.554683473871732,200.0,200.0,U
26601,-61.56017030908304,15.551890075123898,200.0,200.0,U
26602,-61.56230658412613,15.55339072271821,200.0,200.0,U
26603,-61.56089064308203,15.552741732082417,200.0,200.0,U
26604,-61.56292183726818,15.552636150078024,200.0,200.0,U
26605,-61.56329275676252,15.554711413849754,200.0,200.0,U
26606,-61.56328259896109,15.553031047289577,200.0,200.0,U
26607,-61.56322710873361,15.55225967484987,200.0,200.0,U
26608,-61.561861773829975,15.553379404116086,200.0,200.0,U
26609,-61.56171548283424,15.553426014080083,200.0,200.0,U
26610,-61.56245686824394,15.55166386913746,200.0,200.0,U
26611,-61.561347131272846,15.551948604909414,200.0,200.0,U
26612,-61.56283382929322,15.554295661804113,200.0,200.0,U
26613,-61.565920066420354,15.551488219437218,200.0,200.0,U
26614,-61.562713349891126,15.553194028693573,200.0,200.0,U
26615,-61.55918280035392,15.551295841588654,200.0,200.0,U
26616,-61.56198793514011,15.553033528705598,200.0,200.0,U
26617,-61.56109497432312,15.554077881306956,200.0,200.0,U
26618,-61.56223317724572,15.55249247115571,200.0,200.0,U
26619,-61.5621174074318,15.553718502372412,200.0,200.0,U
26620,-61.56233843325696,15.552854247638564,200.0,200.0,U
26621,-61.56163332955354,15.553631314435217,200.0,200.0,U
26622,-61.562312032394935,15.553410864606883,200.0,200.0,U
26623,-61.56181803668031,15.552471890566286,200.0,200.0,U
26624,-61.56146986330644,15.551964130424288,200.0,200.0,U
26625,-61.561690700819,15.551522284920313,200.0,200.0,U
26626,-61.5624635038364,15.554259492803455,200.0,200.0,U
26627,-61.562044519885134,15.553035788702974,200.0,200.0,U
26628,-61.56140593872261,15.553595132746821,200.0,200.0,U
26629,-61.56345134549815,15.552820337127708,200.0,200.0,U
26630,-61.561874136563056,15.554048717154094,200.0,200.0,U
26631,-61.56243347078385,15.553122019616433,200.0,200.0,U
26632,-61.56216104659813,15.553440761153313,200.0,200.0,U
26633,-61.563274728865906,15.553719893653257,200.0,200.0,U
26634,-61.56153881870703,15.552503701955983,200.0,200.0,U
26635,-61.56162282233238,15.553860667182127,200.0,200.0,U
26636,-61.56222837955859,15.553022888110743,200.0,200.0,U
26637,-61.56351786833663,15.552019187595949,200.0,200.0,U
26638,-61.561602607987496,15.552709241574762,200.0,200.0,U
26639,-61.56204226115038,15.553628352015107,200.0,200.0,U
26640,-61.562010535649925,15.552210725826841,200.0,200.0,U
26641,-61.55928660646916,15.551762127596943,200.0,200.0,U
26642,-61.56301637147731,15.553030704546737,200.0,200.0,U
26643,-61.559854251915205,15.55230283654825,200.0,200.0,U
26644,-61.561587411185755,15.553903237030987,200.0,200.0,U
26645,-61.5635193053361,15.553563748933975,200.0,200.0,U
26646,-61.56247708720631,15.55380784183725,200.0,200.0,U
26647,-61.56397288840376,15.552770455336578,200.0,200.0,U
26648,-61.56388673299756,15.552309433483778,200.0,200.0,U
26649,-61.56189344120359,15.553453301155844,200.0,200.0,U
26650,-61.56268770669824,15.554048561641178,200.0,200.0,U
26651,-61.56245982404082,15.55145321203609,200.0,200.0,U
26652,-61.56179411376087,15.551775750084229,200.0,200.0,U
26653,-61.560909823401026,15.551887257868845,200.0,200.0,U
26654,-61.56240035970012,15.553272189616523,200.0,200.0,U
26655,-61.56168283894012,15.557153569693144,200.0,200.0,U
26656,-61.56269433849987,15.554153067937566,200.0,200.0,U
26657,-61.5619037665942,15.552643268523417,200.0,200.0,U
26658,-61.5642092790142,15.552161601833998,200.0,200.0,U
26659,-61.56125151426222,15.553232352976359,200.0,200.0,U
26660,-61.56393411665838,15.552552141197562,200.0,200.0,U
26661,-61.56224719310697,15.553049961265833,200.0,200.0,U
26662,-61.562028139989984,15.553197094817246,200.0,200.0,U
26663,-61.561288819945396,15.555339811256367,200.0,200.0,U
26664,-61.56114538132208,15.552541998046065,200.0,200.0,U
26665,-61.56222934663548,15.553148540822079,200.0,200.0,U
26666,-61.56246267626812,15.553726462567463,200.0,200.0,U
26667,-61.55856824762176,15.556000530542484,200.0,200.0,U
26668,-61.56221136326104,15.552949300689138,200.0,200.0,U
26669,-61.56251156289609,15.553192026376678,200.0,200.0,U
26670,-61.560219277425816,15.55056622009601,200.0,200.0,U
26671,-61.56315529830163,15.555103713876843,200.0,200.0,U
26672,-61.56299354235952,15.55274626901569,200.0,200.0,U
26673,-61.56274066077406,15.553379079710096,200.0,200.0,U
26674,-61.56472123109499,15.553826757576129,200.0,200.0,U
26675,-61.5621831154941,15.552376348150382,200.0,200.0,U
26676,-61.56286341262236,15.552402096347633,200.0,200.0,U
26677,-61.55899978008738,15.556464578528876,200.0,200.0,U
26678,-61.56149492340944,15.552383569420478,200.0,200.0,U
26679,-61.56409933821585,15.554110241245395,200.0,200.0,U
26680,-61.559793539199475,15.552962008707501,200.0,200.0,U
26681,-61.56079261292992,15.55328715615814,200.0,200.0,U
26682,-61.562289027225425,15.553479487435865,200.0,200.0,U
26683,-61.56225161783551,15.553160136507515,200.0,200.0,U
26684,-61.5625877121501,15.551343524235152,200.0,200.0,U
26685,-61.56384162618796,15.551772145805865,200.0,200.0,U
26686,-61.56229146906612,15.553134172647413,200.0,200.0,U
26687,-61.56176932224304,15.553163647295195,200.0,200.0,U
26688,-61.563904566836094,15.550488439176736,200.0,200.0,U
26689,-61.562251772450715,15.55310700513919,200.0,200.0,U
26690,-61.561566355933536,15.553036492661823,200.0,200.0,U
26691,-61.56232525824765,15.553170085673859,200.0,200.0,U
26692,-61.562292074776586,15.553527351245426,200.0,200.0,U
26693,-61.56434291055081,15.552263010484515,200.0,200.0,U
26694,-61.56236647129909,15.555060697741547,200.0,200.0,U
26695,-61.560685539193315,15.555053937140265,200.0,200.0,U
26696,-61.56053041494165,15.553635634535311,200.0,200.0,U
26697,-61.559246888622596,15.553153740499225,200.0,200.0,U
26698,-61.55976196871972,15.553663940938518,200.0,200.0,U
26699,-61.56199090097813,15.554889896583884,200.0,200.0,U
26700,-61.56072087423182,15.554805297736085,200.0,200.0,U
26701,-61.563754300919925,15.55265449007215,200.0,200.0,U
26702,-61.56452562200288,15.55421094054343,200.0,200.0,U
26703,-61.56280806467229,15.553050945517365,200.0,200.0,U
26704,-61.56213109137566,15.552727717983958,200.0,200.0,U
26705,-61.562885122754174,15.552415781669989,200.0,200.0,U
26706,-61.563680926315584,15.553080461869156,200.0,200.0,U
26707,-61.56316279254337,15.552579469965213,200.0,200.0,U
26708,-61.560253175029345,15.554668504749024,200.0,200.0,U
26709,-61.56054191630284,15.550936969867081,200.0,200.0,U
26710,-61.56279805257052,15.553411384477355,200.0,200.0,U
26711,-61.56258501614201,15.553048239191131,200.0,200.0,U
26712,-61.563405314476384,15.551776936315035,200.0,200.0,U
26713,-61.55955018260839,15.553014077711834,200.0,200.0,U
26714,-61.562210694566396,15.552877837251474,200.0,200.0,U
26715,-61.563433458028875,15.55290050160159,200.0,200.0,U
26716,-61.56221308006629,15.55138833701322,200.0,200.0,U
26717,-61.564729654390256,15.555421093930494,200.0,200.0,U
26718,-61.561629670675124,15.553009932956382,200.0,200.0,U
26719,-61.563202820423896,15.552013216537059,200.0,200.0,U
26720,-61.56316739363325,15.5523474380312,200.0,200.0,U
26721,-61.56252259398199,15.553228376944443,200.0,200.0,U
26722,-61.5644776929966,15.552140652211055,200.0,200.0,U
26723,-61.56138443822024,15.555451567992447,200.0,200.0,U
26724,-61.56224055565788,15.552803358814387,200.0,200.0,U
26725,-61.56249983850796,15.554061887908166,200.0,200.0,U
26726,-61.56372422506802,15.551757285429364,200.0,200.0,U
26727,-61.560119724413845,15.550154842453185,200.0,200.0,U
26728,-61.56406162659604,15.551298401386811,200.0,200.0,U
26729,-61.562848470218036,15.553567897340669,200.0,200.0,U
26730,-61.562426831158504,15.55312504408146,200.0,200.0,U
26731,-61.56317533582451,15.55111983835981,200.0,200.0,U
26732,-61.56218690793224,15.553342004734219,200.0,200.0,U
26733,-61.56315810508947,15.553611398856697,200.0,200.0,U
26734,-61.56256223957148,15.55556591216403,200.0,200.0,U
26735,-61.56279477263856,15.553492202043095,200.0,200.0,U
26736,-61.56486451743303,15.552179938783192,200.0,200.0,U
26737,-61.561494315905755,15.55259722776173,200.0,200.0,U
26738,-61.56042411454095,15.554746492970537,200.0,200.0,U
26739,-61.562518884491865,15.552882441662678,200.0,200.0,U
26740,-61.56428373346095,15.553243825571686,200.0,200.0,U
26741,-61.561788667444134,15.554411721929936,200.0,200.0,U
26742,-61.56263091579043,15.553814453369258,200.0,200.0,U
26743,-61.566061417410616,15.55297860072775,200.0,200.0,U
26744,-61.56474436036391,15.552574192518144,200.0,200.0,U
26745,-61.562253249686485,15.554300124622333,200.0,200.0,U
26746,-61.56261065157062,15.553130806055806,200.0,200.0,U
26747,-61.56237054495686,15.551360015560315,200.0,200.0,U
26748,-61.562450190500215,15.552484880463624,200.0,200.0,U
26749,-61.56345144756612,15.552218072898464,200.0,200.0,U
26750,-61.56165647639957,15.553489088423948,200.0,200.0,U
26751,-61.56136353284393,15.554570957716496,200.0,200.0,U
26752,-61.56223118250653,15.555490851854458,200.0,200.0,U
26753,-61.56288765199782,15.552537331911392,200.0,200.0,U
26754,-61.561288144250746,15.553455525381821,200.0,200.0,U
26755,-61.562182082590695,15.55718176656613,200.0,200.0,U
26756,-61.563014191185424,15.551441773709398,200.0,200.0,U
26757,-61.56189377562363,15.555288513171172,200.0,200.0,U
26758,-61.562794558814474,15.554185011721078,200.0,200.0,U
26759,-61.56222198905214,15.553136090166387,200.0,200.0,U
26760,-61.563353446381655,15.554366045456531,200.0,200.0,U
26761,-61.56271350841833,15.55314852410124,200.0,200.0,U
26762,-61.56293472253197,15.552781418623397,200.0,200.0,U
26763,-61.56258679204523,15.552900184129184,200.0,200.0,U
26764,-61.562404699824285,15.552204799740892,200.0,200.0,U
26765,-61.564262004471594,15.549832717148716,200.0,200.0,U
26766,-61.5649980505816,15.550379972855888,200.0,200.0,U
26767,-61.56193262203035,15.552908556655801,200.0,200.0,U
26768,-61.56450218151995,15.551272663764152,200.0,200.0,U
26769,-61.56274256995944,15.552814743930897,200.0,200.0,U
26770,-61.5630290033534,15.554679713010742,200.0,200.0,U
26771,-61.560393748569865,15.553443603034157,200.0,200.0,U
26772,-61.562777180253654,15.553199098272394,200.0,200.0,U
26773,-61.56259509923733,15.55312514756794,200.0,200.0,U
26774,-61.56139741809853,15.551494045245235,200.0,200.0,U
26775,-61.56397211978901,15.551235215082396,200.0,200.0,U
26776,-61.5627906434386,15.552874499526402,200.0,200.0,U
26777,-61.562351614963895,15.54959735143597,200.0,200.0,U
26778,-61.56392409947819,15.553985378646695,200.0,200.0,U
26779,-61.56224012681443,15.554903660718555,200.0,200.0,U
26780,-61.56273695588418,15.553529999014,200.0,200.0,U
26781,-61.56427561273898,15.552447427917494,200.0,200.0,U
26782,-61.5621915830458,15.55589218836052,200.0,200.0,U
26783,-61.561363756714904,15.55111430663109,200.0,200.0,U
26784,-61.56319048213723,15.552571783935427,200.0,200.0,U
26785,-61.56221753735429,15.552899258119607,200.0,200.0,U
26786,-61.56328577752948,15.552807127574754,200.0,200.0,U
26787,-61.56304575641375,15.552990154596229,200.0,200.0,U
26788,-61.5630434064562,15.551672509456473,200.0,200.0,U
26789,-61.56221119220808,15.553436239585642,200.0,200.0,U
26790,-61.55951618294915,15.551743867409058,200.0,200.0,U
26791,-61.56494281970071,15.55381907612648,200.0,200.0,U
26792,-61.563857654036134,15.55106050093453,200.0,200.0,U
26793,-61.561290944737166,15.552497794713409,200.0,200.0,U
26794,-61.56289450733821,15.551819022241178,200.0,200.0,U
26795,-61.56004416901847,15.554111542024737,200.0,200.0,U
26796,-61.5625205552082,15.552764854279294,200.0,200.0,U
26797,-61.56160754703364,15.552559084940686,200.0,200.0,U
26798,-61.561669515278055,15.552669788334866,200.0,200.0,U
26799,-61.562981698991436,15.551615740017189,200.0,200.0,U
26800,-61.56306566097605,15.551113228255259,200.0,200.0,U
26801,-61.55902541903897,15.55620332596931,200.0,200.0,U
26802,-61.56074536381181,15.55196596165242,200.0,200.0,U
26803,-61.562616883067044,15.552391104679044,200.0,200.0,U
26804,-61.56282116473852,15.552819459050282,200.0,200.0,U
26805,-61.5651570687073,15.551946596937269,200.0,200.0,U
26806,-61.56050038438465,15.552601440063754,200.0,200.0,U
26807,-61.56240150725146,15.551491796838507,200.0,200.0,U
26808,-61.562269052318314,15.553373620527616,200.0,200.0,U
26809,-61.56293266236478,15.552700436449651,200.0,200.0,U
26810,-61.565019404596136,15.550786408701375,200.0,200.0,U
26811,-61.561211623335254,15.552151662813591,200.0,200.0,U
26812,-61.562855731520365,15.552803784258428,200.0,200.0,U
26813,-61.56403709174152,15.551216795704754,200.0,200.0,U
26814,-61.564682212589105,15.55025880677719,200.0,200.0,U
26815,-61.56369787860626,15.549144445301858,200.0,200.0,U
26816,-61.56424547379947,15.552982443468533,200.0,200.0,U
26817,-61.56293940142369,15.552832241432222,200.0,200.0,U
26818,-61.561547175027115,15.551387906983733,200.0,200.0,U
26819,-61.562068600284114,15.551266950358752,200.0,200.0,U
26820,-61.5624173601716,15.553064905549816,200.0,200.0,U
26821,-61.563079279407944,15.553495983405284,200.0,200.0,U
26822,-61.56303563990637,15.55272742961365,200.0,200.0,U
26823,-61.562466178676296,15.551657343910174,200.0,200.0,U
26824,-61.56277578125568,15.552379053471173,200.0,200.0,U
26825,-61.560877028540276,15.554874453469315,200.0,200.0,U
26826,-61.563229895116145,15.55202288437677,200.0,200.0,U
26827,-61.56112790312742,15.550927312658914,200.0,200.0,U
26828,-61.563873961006074,15.552515168511514,200.0,200.0,U
26829,-61.56173017692426,15.552704779211297,200.0,200.0,U
26830,-61.56287196875355,15.552801197923637,200.0,200.0,U
26831,-61.56379118697898,15.550049653292973,200.0,200.0,U
26832,-61.56574330251682,15.553348934279223,200.0,200.0,U
26833,-61.56118434361637,15.551022981956336,200.0,200.0,U
26834,-61.56301010322886,15.5519922359564,200.0,200.0,U
26835,-61.56192822923883,15.55061147463784,200.0,200.0,U
26836,-61.56245790102731,15.554387028888074,200.0,200.0,U
26837,-61.56338121673928,15.555681282478911,200.0,200.0,U
26838,-61.56582673184847,15.549967680138082,200.0,200.0,U
26839,-61.563262974534666,15.553059778457396,200.0,200.0,U
26840,-61.562467364149846,15.55050548536054,200.0,200.0,U
26841,-61.562996593614926,15.552650366700682,200.0,200.0,U
26842,-61.56319372977498,15.551982427713499,200.0,200.0,U
26843,-61.56258301059931,15.552575065563534,200.0,200.0,U
26844,-61.56301081016404,15.552115773763209,200.0,200.0,U
26845,-61.56509714244753,15.555165977552049,200.0,200.0,U
26846,-61.56608414288949,15.552733580751298,200.0,200.0,U
26847,-61.562345492401434,15.552592259294034,200.0,200.0,U
26848,-61.56307650411893,15.552180512359708,200.0,200.0,U
26849,-61.56228172652071,15.553441537398328,200.0,200.0,U
26850,-61.56223464440132,15.551153072904977,200.0,200.0,U
26851,-61.56559306365934,15.552518924148336,200.0,200.0,U
26852,-61.56317145753831,15.55266038709551,200.0,200.0,U
26853,-61.56353306140976,15.553556471202759,200.0,200.0,U
26854,-61.56420849024535,15.551580476967752,200.0,200.0,U
26855,-61.564794776572164,15.55327539978589,200.0,200.0,U
26856,-61.56381160740379,15.5530472645142,200.0,200.0,U
26857,-61.5606277382428,15.552222292457955,200.0,200.0,U
26858,-61.56306680513066,15.552649097126377,200.0,200.0,U
26859,-61.56269513360671,15.551622313338163,200.0,200.0,U
26860,-61.56299090550562,15.552719875676953,200.0,200.0,U
26861,-61.56309165380365,15.553432786727383,200.0,200.0,U
26862,-61.56154075427444,15.552169771215382,200.0,200.0,U
26863,-61.56168315720279,15.554129924756019,200.0,200.0,U
26864,-61.56171931963806,15.550317236984828,200.0,200.0,U
26865,-61.56093903773472,15.551901087904792,200.0,200.0,U
26866,-61.56348876789179,15.551135155517336,200.0,200.0,U
26867,-61.56292950064278,15.552451838045968,200.0,200.0,U
26868,-61.56663472287455,15.55068589771477,200.0,200.0,U
26869,-61.563394221273455,15.55226557218728,200.0,200.0,U
26870,-61.56315350842788,15.555670479139541,200.0,200.0,U
26871,-61.56477001126555,15.551817825883205,200.0,200.0,U
26872,-61.56480034792724,15.553471568295134,200.0,200.0,U
26873,-61.56460065739668,15.552173761314156,200.0,200.0,U
26874,-61.563456826230265,15.552211590165689,200.0,200.0,U
26875,-61.56325384258131,15.552673162483918,200.0,200.0,U
26876,-61.56307134892709,15.551789602436406,200.0,200.0,U
26877,-61.56273334056396,15.550563046680889,200.0,200.0,U
26878,-61.56363555740267,15.553371533302931,200.0,200.0,U
26879,-61.56243684669026,15.553135297308845,200.0,200.0,U
26880,-61.563517275065735,15.551735684375707,200.0,200.0,U
26881,-61.562286848658104,15.554486609188936,200.0,200.0,U
26882,-61.560806197584256,15.55167293653489,200.0,200.0,U
26883,-61.562805381461786,15.552611159986382,200.0,200.0,U
26884,-61.56446420500894,15.553124692510382,200.0,200.0,U
26885,-61.56223115580904,15.551290225491888,200.0,200.0,U
26886,-61.56234185830224,15.55182933862524,200.0,200.0,U
26887,-61.56173625867922,15.55228815147874,200.0,200.0,U
26888,-61.56391623813827,15.553047427371794,200.0,200.0,U
26889,-61.56286375536529,15.5503303097848,200.0,200.0,U
26890,-61.56547082118854,15.554283399236835,200.0,200.0,U
26891,-61.56346027594908,15.55354290370425,200.0,200.0,U
26892,-61.5641336114242,15.55197364271975,200.0,200.0,U
26893,-61.56423771016889,15.553516230462805,200.0,200.0,U
26894,-61.56364255220405,15.553285251661306,200.0,200.0,U
26895,-61.56295172212902,15.553035373735757,200.0,200.0,U
26896,-61.56187254697184,15.553769222635015,200.0,200.0,U
26897,-61.562135743941994,15.553818768207357,200.0,200.0,U
26898,-61.564795240862644,15.552537875948575,200.0,200.0,U
26899,-61.56396888540871,15.552869737756813,200.0,200.0,U
26900,-61.565076370575106,15.55109923020149,200.0,200.0,U
26901,-61.56323619070479,15.552652688412921,200.0,200.0,U
26902,-61.56318344134325,15.552436713580445,200.0,200.0,U
26903,-61.562333803400755,15.553486362447721,200.0,200.0,U
26904,-61.56308602108427,15.552935345470067,200.0,200.0,U
26905,-61.56244858521559,15.552223423800084,200.0,200.0,U
26906,-61.562060480106474,15.552120465671825,200.0,200.0,U
26907,-61.565177835238735,15.550133257618727,200.0,200.0,U
26908,-61.562534462707745,15.552529881102899,200.0,200.0,U
26909,-61.56120400522261,15.554110926325999,200.0,200.0,U
26910,-61.56273827641363,15.55347527145169,200.0,200.0,U
26911,-61.56706634981086,15.553040308589772,200.0,200.0,U
26912,-61.564263069680706,15.553570314136763,200.0,200.0,U
26913,-61.56373764558987,15.551551917298662,200.0,200.0,U
26914,-61.56294328933993,15.552050618898354,200.0,200.0,U
26915,-61.563596554589324,15.55239420339113,200.0,200.0,U
26916,-61.562955106607156,15.553224412598862,200.0,200.0,U
26917,-61.56350882015782,15.552253943033413,200.0,200.0,U
26918,-61.562302387119004,15.55225001211937,200.0,200.0,U
26919,-61.56399051415875,15.55084940608551,200.0,200.0,U
26920,-61.56330634325508,15.552594581113311,200.0,200.0,U
26921,-61.56378010288182,15.55139896501795,200.0,200.0,U
26922,-61.5642633732003,15.551965524878783,200.0,200.0,U
26923,-61.56327792377978,15.552493845058507,200.0,200.0,U
26924,-61.563860324664766,15.553045440809292,200.0,200.0,U
26925,-61.56443018727324,15.55310240816895,200.0,200.0,U
26926,-61.56434580723839,15.553270987562051,200.0,200.0,U
26927,-61.56515891175938,15.552009176003724,200.0,200.0,U
26928,-61.56320039262373,15.552124091960403,200.0,200.0,U
26929,-61.56338782650328,15.55244459923474,200.0,200.0,U
26930,-61.56340544205785,15.552358603766214,200.0,200.0,U
26931,-61.563258188575205,15.55246308710704,200.0,200.0,U
26932,-61.563521300077205,15.55160543874292,200.0,200.0,U
26933,-61.56291875471676,15.55241369308091,200.0,200.0,U
26934,-61.56313966844298,15.553920871304788,200.0,200.0,U
26935,-61.561857975830755,15.55408272331199,200.0,200.0,U
26936,-61.563898119029304,15.552716051973913,200.0,200.0,U
26937,-61.562528402125814,15.553265005319648,200.0,200.0,U
26938,-61.56349237999933,15.553243816338647,200.0,200.0,U
26939,-61.560499936107114,15.551025274893169,200.0,200.0,U
26940,-61.563400978442935,15.552465937640182,200.0,200.0,U
26941,-61.563647009269204,15.552187752183297,200.0,200.0,U
26942,-61.56229823484194,15.55414770669034,200.0,200.0,U
26943,-61.563684215087534,15.549936049447693,200.0,200.0,U
26944,-61.56411589552443,15.55416727867107,200.0,200.0,U
26945,-61.56165635258662,15.555269567501526,200.0,200.0,U
26946,-61.5646550147511,15.553242269462084,200.0,200.0,U
26947,-61.56325656739875,15.552636785450764,200.0,200.0,U
26948,-61.56318897399156,15.552667363509483,200.0,200.0,U
26949,-61.56451556983383,15.552030931964204,200.0,200.0,U
26950,-61.563211422755046,15.552333357106676,200.0,200.0,U
26951,-61.56431872324856,15.551197654454509,200.0,200.0,U
26952,-61.563863592154966,15.552679590145116,200.0,200.0,U
26953,-61.56342862451459,15.552203487659277,200.0,200.0,U
26954,-61.560896549850824,15.551985291293374,200.0,200.0,U
26955,-61.56673437656718,15.555328291603017,200.0,200.0,U
26956,-61.56430743049119,15.552872974956687,200.0,200.0,U
26957,-61.56323829517927,15.55167061976397,200.0,200.0,U
26958,-61.56305693623019,15.55163881784159,200.0,200.0,U
26959,-61.563848892043396,15.55323674093741,200.0,200.0,U
26960,-61.56302838184308,15.551469296911574,200.0,200.0,U
26961,-61.562421681824155,15.552107519927695,200.0,200.0,U
26962,-61.56309829989028,15.550671261556563,200.0,200.0,U
26963,-61.56378342234227,15.552255073962124,200.0,200.0,U
26964,-61.562285488093664,15.55085967475222,200.0,200.0,U
26965,-61.56351747671854,15.552304805368925,200.0,200.0,U
26966,-61.563701813865826,15.552660723445424,200.0,200.0,U
26967,-61.563033440616636,15.552150720293023,200.0,200.0,U
26968,-61.56489902292571,15.55529398939185,200.0,200.0,U
26969,-61.566174345546486,15.554102447331102,200.0,200.0,U
26970,-61.561612756239874,15.553184724408405,200.0,200.0,U
26971,-61.56360434819037,15.551255856336967,200.0,200.0,U
26972,-61.564555361708706,15.552763341240528,200.0,200.0,U
26973,-61.56365799081343,15.552313991330507,200.0,200.0,U
26974,-61.56229760270677,15.552765879523227,200.0,200.0,U
26975,-61.56244376411918,15.552903859480674,200.0,200.0,U
26976,-61.564647110732885,15.551731388836622,200.0,200.0,U
26977,-61.563282775428576,15.551475076325666,200.0,200.0,U
26978,-61.56387559362095,15.552688612279198,200.0,200.0,U
26979,-61.56249540698491,15.551994072398161,200.0,200.0,U
26980,-61.56256775914155,15.55336788348265,200.0,200.0,U
26981,-61.56410644089177,15.551889895313288,200.0,200.0,U
26982,-61.56401984046303,15.551171208536294,200.0,200.0,U
26983,-61.56206895554682,15.552144435856176,200.0,200.0,U
26984,-61.56349528040935,15.553758104271257,200.0,200.0,U
26985,-61.56301707601699,15.552013774324934,200.0,200.0,U
26986,-61.562288333404496,15.553168750793779,200.0,200.0,U
26987,-61.56334155037355,15.552459551115481,200.0,200.0,U
26988,-61.56195918423341,15.553247970642722,200.0,200.0,U
26989,-61.56344809197858,15.551959302421068,200.0,200.0,U
26990,-61.56416721008063,15.554876970602695,200.0,200.0,U
26991,-61.561649753533075,15.55250276018523,200.0,200.0,U
26992,-61.56262590822105,15.550944565608445,200.0,200.0,U
26993,-61.56236945484546,15.551220349672379,200.0,200.0,U
26994,-61.56301913457747,15.552847383342609,200.0,200.0,U
26995,-61.56248751786658,15.552638443095164,200.0,200.0,U
26996,-61.56371309076998,15.5530404359068,200.0,200.0,U
26997,-61.56416226416726,15.552605078412833,200.0,200.0,U
26998,-61.56434612315583,15.55146557103956,200.0,200.0,U
26999,-61.56312295930392,15.553272230370714,200.0,200.0,U
27000,-61.56313479042599,15.551084980672787,200.0,200.0,U
27001,-61.5595911278674,15.55140753385041,200.0,200.0,U
27002,-61.56096445063592,15.551795279771337,200.0,200.0,U
27003,-61.56184243874145,15.550461802360791,200.0,200.0,U
27004,-61.56303253044267,15.551562819188844,200.0,200.0,U
27005,-61.56079407036628,15.553283988913568,200.0,200.0,U
27006,-61.563305029343894,15.54885737084212,200.0,200.0,U
27007,-61.563466439980374,15.551669866674757,200.0,200.0,U
27008,-61.5651564323396,15.55340449912053,200.0,200.0,U
27009,-61.56306016696664,15.554623011061505,200.0,200.0,U
27010,-61.564217632399696,15.552331332097257,200.0,200.0,U
27011,-61.56480800635086,15.553054240164313,200.0,200.0,U
27012,-61.56210615254331,15.553826849773571,200.0,200.0,U
27013,-61.565120547671896,15.551924748954564,200.0,200.0,U
27014,-61.5631766448547,15.552427883346345,200.0,200.0,U
27015,-61.55904231736823,15.554422546359453,200.0,200.0,U
27016,-61.56355635176103,15.55414740695127,200.0,200.0,U
27017,-61.5637552884619,15.552289720740262,200.0,200.0,U
27018,-61.5658414989902,15.554944785033873,200.0,200.0,U
27019,-61.562883868793556,15.552079117929852,200.0,200.0,U
27020,-61.56542563248846,15.554149712868282,200.0,200.0,U
27021,-61.56121077071144,15.55223303516123,200.0,200.0,U
27022,-61.56282574659075,15.55334163339252,200.0,200.0,U
27023,-61.56389221985494,15.552166804413247,200.0,200.0,U
27024,-61.56401514635743,15.55210756422855,200.0,200.0,U
27025,-61.56450872418683,15.55255392524945,200.0,200.0,U
27026,-61.56241295679878,15.553471651045243,200.0,200.0,U
27027,-61.56318872170903,15.551782894253343,200.0,200.0,U
27028,-61.564074444635565,15.552517837627343,200.0,200.0,U
27029,-61.563582603061974,15.552266772976546,200.0,200.0,U
27030,-61.563953247803305,15.551751623672619,200.0,200.0,U
27031,-61.56368075949727,15.551871567775342,200.0,200.0,U
27032,-61.563995954104996,15.552995142931046,200.0,200.0,U
27033,-61.56323648814284,15.551350729029274,200.0,200.0,U
27034,-61.56441289144455,15.552640286548508,200.0,200.0,U
27035,-61.56376757220036,15.5523939674871,200.0,200.0,U
27036,-61.56158703503882,15.553319975827225,200.0,200.0,U
27037,-61.5638518142809,15.554363376610787,200.0,200.0,U
27038,-61.56539037384116,15.553916345747165,200.0,200.0,U
27039,-61.56361294753042,15.552064980088184,200.0,200.0,U
27040,-61.56363495693128,15.552294259687365,200.0,200.0,U
27041,-61.56498917298785,15.551011343844385,200.0,200.0,U
27042,-61.56107578705928,15.551715061345222,200.0,200.0,U
27043,-61.56390015153525,15.552061590661234,200.0,200.0,U
27044,-61.56375817168231,15.553765468622887,200.0,200.0,U
27045,-61.56392648629818,15.55210626138114,200.0,200.0,U
27046,-61.563802177630656,15.551108096406303,200.0,200.0,U
27047,-61.563844073485484,15.552108390786035,200.0,200.0,U
27048,-61.56145478434967,15.551273072465037,200.0,200.0,U
27049,-61.564657391148415,15.551967011080587,200.0,200.0,U
27050,-61.5638369490792,15.550699218883317,200.0,200.0,U
27051,-61.56351558370464,15.554637175977618,200.0,200.0,U
27052,-61.56102628846439,15.550424487009398,200.0,200.0,U
27053,-61.56241962374441,15.553296189159063,200.0,200.0,U
27054,-61.567025755288974,15.552799314762893,200.0,200.0,U
27055,-61.56420385711911,15.550847295071392,200.0,200.0,U
27056,-61.56410337324295,15.552420496455284,200.0,200.0,U
27057,-61.564512801886984,15.554184750980362,200.0,200.0,U
27058,-61.562579663883376,15.552456936038933,200.0,200.0,U
27059,-61.5672443099792,15.552537105005163,200.0,200.0,U
27060,-61.56191606519327,15.55330247597197,200.0,200.0,U
27061,-61.56411920747494,15.551998495545275,200.0,200.0,U
27062,-61.56393124318769,15.55265352799268,200.0,200.0,U
27063,-61.56219426400207,15.551470791566597,200.0,200.0,U
27064,-61.56482690224355,15.552112072969967,200.0,200.0,U
27065,-61.56446935551774,15.550546164333216,200.0,200.0,U
27066,-61.56462898877248,15.551324386007924,200.0,200.0,U
27067,-61.563993494357064,15.5508556431885,200.0,200.0,U
27068,-61.5637727367025,15.551479242101376,200.0,200.0,U
27069,-61.563425125033454,15.552032968354572,200.0,200.0,U
27070,-61.564277080343125,15.551542294628536,200.0,200.0,U
27071,-61.56358304622932,15.552306901123021,200.0,200.0,U
27072,-61.56492202115897,15.549538667363981,200.0,200.0,U
27073,-61.56350382239185,15.551999673704085,200.0,200.0,U
27074,-61.56372400051507,15.551770309546336,200.0,200.0,U
27075,-61.56134816949914,15.551551987705558,200.0,200.0,U
27076,-61.56272305042569,15.552735889582703,200.0,200.0,U
27077,-61.564254013802085,15.551331575023774,200.0,200.0,U
27078,-61.5642997056978,15.551833382309955,200.0,200.0,U
27079,-61.56462048866548,15.55217313113976,200.0,200.0,U
27080,-61.5647380331001,15.550423118464364,200.0,200.0,U
27081,-61.56432273198135,15.551901540420523,200.0,200.0,U
27082,-61.563232801694454,15.551608834843607,200.0,200.0,U
27083,-61.564672981562985,15.552228285963244,200.0,200.0,U
27084,-61.56456541579235,15.552319495179686,200.0,200.0,U
27085,-61.56412306953917,15.55238159865314,200.0,200.0,U
27086,-61.56361905901984,15.552160425382683,200.0,200.0,U
27087,-61.5635800666743,15.551616255197867,200.0,200.0,U
27088,-61.5651381027175,15.550406435782579,200.0,200.0,U
27089,-61.565113712069234,15.55313431180857,200.0,200.0,U
27090,-61.561375452072895,15.552430859163373,200.0,200.0,U
27091,-61.56530704065408,15.54836137937242,200.0,200.0,U
27092,-61.56305855063177,15.553112252282162,200.0,200.0,U
27093,-61.56496989393947,15.553375666511252,200.0,200.0,U
27094,-61.56768828379204,15.549380763078561,200.0,200.0,U
27095,-61.56531866776573,15.55115240070924,200.0,200.0,U
27096,-61.56546036303439,15.552574225645376,200.0,200.0,U
27097,-61.56667567344453,15.551841113560215,200.0,200.0,U
27098,-61.564586331533626,15.549019610211467,200.0,200.0,U
27099,-61.56412962702081,15.5544605732386,200.0,200.0,U
27100,-61.56363870152201,15.549925226693157,200.0,200.0,U
27101,-61.564149990098294,15.551685475407627,200.0,200.0,U
27102,-61.56490608632135,15.55386149110696,200.0,200.0,U
27103,-61.564480778950234,15.550225128837354,200.0,200.0,U
27104,-61.56414698730887,15.551618596951684,200.0,200.0,U
27105,-61.56415517996255,15.552055114786029,200.0,200.0,U
27106,-61.56419112621199,15.55221568619711,200.0,200.0,U
27107,-61.564963389124586,15.553197205840172,200.0,200.0,U
27108,-61.56375123463446,15.549668695434521,200.0,200.0,U
27109,-61.56439221036727,15.552450307901324,200.0,200.0,U
27110,-61.56284307089602,15.55003213137241,200.0,200.0,U
27111,-61.564249790584796,15.551968254672303,200.0,200.0,U
27112,-61.562498693592424,15.549185538036156,200.0,200.0,U
27113,-61.56413493711324,15.552036804042157,200.0,200.0,U
27114,-61.56695684100877,15.553255919965217,200.0,200.0,U
27115,-61.56196942443053,15.551023891115532,200.0,200.0,U
27116,-61.56382121469069,15.553712248313838,200.0,200.0,U
27117,-61.56420481515223,15.554186205176233,200.0,200.0,U
27118,-61.56456361985031,15.551734694215966,200.0,200.0,U
27119,-61.562474795780815,15.55212615534122,200.0,200.0,U
27120,-61.56400449660853,15.55189820099707,200.0,200.0,U
27121,-61.5637472967288,15.552517823859976,200.0,200.0,U
27122,-61.56447322322713,15.55181622288669,200.0,200.0,U
27123,-61.56552951506835,15.55164237542943,200.0,200.0,U
27124,-61.56479650092824,15.55195054220069,200.0,200.0,U
27125,-61.561865924726845,15.550963263226338,200.0,200.0,U
27126,-61.5642828808217,15.551857838161164,200.0,200.0,U
27127,-61.56540787608303,15.551983768293615,200.0,200.0,U
27128,-61.562696632025826,15.553928144679823,200.0,200.0,U
27129,-61.56552156984407,15.551588655520288,200.0,200.0,U
27130,-61.56429728738158,15.551776831961723,200.0,200.0,U
27131,-61.56525958270819,15.551436641558404,200.0,200.0,U
27132,-61.56346703695833,15.549606115552363,200.0,200.0,U
27133,-61.565887064608404,15.551342450810125,200.0,200.0,U
27134,-61.56331114701105,15.553713344388479,200.0,200.0,U
27135,-61.56685443193115,15.553673725061715,200.0,200.0,U
27136,-61.56805814292065,15.552049573374248,200.0,200.0,U
27137,-61.56395955842744,15.551622064348086,200.0,200.0,U
27138,-61.56314446806331,15.555404423352716,200.0,200.0,U
27139,-61.564372394751736,15.552066851731967,200.0,200.0,U
27140,-61.56521219854444,15.5479912105545,200.0,200.0,U
27141,-61.564490397228106,15.552286039800196,200.0,200.0,U
27142,-61.56435169606439,15.552682571365308,200.0,200.0,U
27143,-61.56455465582058,15.551904200753889,200.0,200.0,U
27144,-61.56480534033718,15.551487397744534,200.0,200.0,U
27145,-61.56614680245708,15.549368580113073,200.0,200.0,U
27146,-61.56393531738485,15.551387912509602,200.0,200.0,U
27147,-61.56452716584406,15.551706348043641,200.0,200.0,U
27148,-61.564598925280464,15.551358258626216,200.0,200.0,U
27149,-61.56191220552154,15.550734508797332,200.0,200.0,U
27150,-61.562451501238385,15.552851430540581,200.0,200.0,U
27151,-61.560653032972226,15.553496194170602,200.0,200.0,U
27152,-61.563343366061154,15.553350897704982,200.0,200.0,U
27153,-61.566776993924535,15.551462217221076,200.0,200.0,U
27154,-61.56557979737819,15.551676231697597,200.0,200.0,U
27155,-61.565122795809025,15.552774138712442,200.0,200.0,U
27156,-61.56465275108111,15.552139316835818,200.0,200.0,U
27157,-61.56240351543724,15.552085809974011,200.0,200.0,U
27158,-61.56831441568581,15.550810999812452,200.0,200.0,U
27159,-61.56544951831741,15.548730817487437,200.0,200.0,U
27160,-61.56236112866413,15.552228733893807,200.0,200.0,U
27161,-61.5633679216877,15.555532590152875,200.0,200.0,U
27162,-61.56486323807263,15.54833889362728,200.0,200.0,U
27163,-61.56312457459884,15.551811168672698,200.0,200.0,U
27164,-61.56558456560258,15.55285862277794,200.0,200.0,U
27165,-61.56402275017844,15.551852856426182,200.0,200.0,U
27166,-61.56411509641241,15.551167708562685,200.0,200.0,U
27167,-61.563092125386135,15.55090641789969,200.0,200.0,U
27168,-61.56448794697158,15.551643062131374,200.0,200.0,U
27169,-61.560903805904786,15.551047493435915,200.0,200.0,U
27170,-61.563113212953496,15.550324762573965,200.0,200.0,U
27171,-61.56459682813961,15.550693166187974,200.0,200.0,U
27172,-61.56515432572142,15.549123842482288,200.0,200.0,U
27173,-61.565199858233186,15.552315127291596,200.0,200.0,U
27174,-61.564941470164364,15.550066712798145,200.0,200.0,U
27175,-61.56378894755803,15.550851686978278,200.0,200.0,U
27176,-61.56391089871166,15.55082570299396,200.0,200.0,U
27177,-61.56319002427091,15.552701488380748,200.0,200.0,U
27178,-61.564780620764736,15.549442597594963,200.0,200.0,U
27179,-61.56600867263027,15.55191925316754,200.0,200.0,U
27180,-61.56546377086608,15.551383696453701,200.0,200.0,U
27181,-61.56461190193622,15.550240512737972,200.0,200.0,U
27182,-61.56481473774301,15.551827171193604,200.0,200.0,U
27183,-61.56638383546873,15.553597611124927,200.0,200.0,U
27184,-61.56627985973787,15.551247554060838,200.0,200.0,U
27185,-61.56539433505622,15.551702541873546,200.0,200.0,U
27186,-61.56407732419706,15.552170929037423,200.0,200.0,U
27187,-61.56651384097903,15.552437813856608,200.0,200.0,U
27188,-61.564527819420036,15.552534069489568,200.0,200.0,U
27189,-61.56451897350814,15.55164959230194,200.0,200.0,U
27190,-61.5657688443442,15.549850672686524,200.0,200.0,U
27191,-61.56667736425206,15.552951528678365,200.0,200.0,U
27192,-61.564939250891356,15.553702396508974,200.0,200.0,U
27193,-61.56229405219729,15.555567773012301,200.0,200.0,U
27194,-61.56492653870267,15.55178469013015,200.0,200.0,U
27195,-61.56515303022225,15.551068343452785,200.0,200.0,U
27196,-61.56453497392717,15.551578629147775,200.0,200.0,U
27197,-61.56486369757892,15.552125171501386,200.0,200.0,U
27198,-61.56393083567388,15.555935665155241,200.0,200.0,U
27199,-61.5657828727145,15.55296405770242,200.0,200.0,U
27200,-61.56443447419051,15.552413925392688,200.0,200.0,U
27201,-61.56615035370817,15.551185219390419,200.0,200.0,U
27202,-61.56156873236577,15.549725177417685,200.0,200.0,U
27203,-61.564782615632204,15.552839888628347,200.0,200.0,U
27204,-61.56738556442715,15.55468700150874,200.0,200.0,U
27205,-61.564163332343355,15.552269574749111,200.0,200.0,U
27206,-61.56204641494073,15.552781415358407,200.0,200.0,U
27207,-61.5649124284756,15.551867178919062,200.0,200.0,U
27208,-61.56530449422852,15.551517928488641,200.0,200.0,U
27209,-61.563201679931424,15.549872839610194,200.0,200.0,U
27210,-61.56434516129105,15.551175812198482,200.0,200.0,U
27211,-61.5689265851914,15.552740927410392,200.0,200.0,U
27212,-61.5618411405254,15.551390047947555,200.0,200.0,U
27213,-61.56489890370562,15.552130592837305,200.0,200.0,U
27214,-61.56460190981198,15.550658268386718,200.0,200.0,U
27215,-61.56531183991453,15.553718041371559,200.0,200.0,U
27216,-61.56086498752159,15.552707983178538,200.0,200.0,U
27217,-61.56825190750372,15.553769211100956,200.0,200.0,U
27218,-61.56447185135206,15.551297417337816,200.0,200.0,U
27219,-61.56285896572975,15.550490449550518,200.0,200.0,U
27220,-61.56544353590651,15.551468792965085,200.0,200.0,U
27221,-61.56394814654219,15.552146028690263,200.0,200.0,U
27222,-61.564691888871025,15.551389684213781,200.0,200.0,U
27223,-61.56479189203393,15.551485325727205,200.0,200.0,U
27224,-61.565416196906185,15.549933816908032,200.0,200.0,U
27225,-61.56482879609664,15.55296688750482,200.0,200.0,U
27226,-61.565644756103275,15.552408773796483,200.0,200.0,U
27227,-61.56473466436496,15.55226073668052,200.0,200.0,U
27228,-61.56662875063794,15.552063895111248,200.0,200.0,U
27229,-61.566023345211164,15.550508944479892,200.0,200.0,U
27230,-61.562680177563266,15.552485540961142,200.0,200.0,U
27231,-61.563287978631166,15.553737129526949,200.0,200.0,U
27232,-61.567488798775486,15.551611055143995,200.0,200.0,U
27233,-61.567257358801626,15.55153836589337,200.0,200.0,U
27234,-61.56786516188822,15.552682432894036,200.0,200.0,U
27235,-61.565972042965114,15.552246733961026,200.0,200.0,U
27236,-61.56315678195738,15.54958354609138,200.0,200.0,U
27237,-61.562487933285084,15.550859677895273,200.0,200.0,U
27238,-61.56591517447559,15.553890812628056,200.0,200.0,U
27239,-61.56481433664472,15.551528628675303,200.0,200.0,U
27240,-61.564362657334364,15.551565173612682,200.0,200.0,U
27241,-61.56357970321955,15.552190401587927,200.0,200.0,U
27242,-61.56877386648357,15.549713512109703,200.0,200.0,U
27243,-61.564822481808164,15.55238252606879,200.0,200.0,U
27244,-61.564886957335105,15.55155848692923,200.0,200.0,U
27245,-61.56761771904961,15.549857695113829,200.0,200.0,U
27246,-61.56425092784444,15.54948507089761,200.0,200.0,U
27247,-61.56491233598788,15.55145847125984,200.0,200.0,U
27248,-61.564926189167984,15.552332993065214,200.0,200.0,U
27249,-61.56482311160414,15.550894758364857,200.0,200.0,U
27250,-61.56557134552543,15.550962817525246,200.0,200.0,U
27251,-61.56426943209202,15.553218943468785,200.0,200.0,U
27252,-61.56347157833556,15.553065463871974,200.0,200.0,U
27253,-61.56586955139555,15.551316598398238,200.0,200.0,U
27254,-61.56576201188503,15.551445585212168,200.0,200.0,U
27255,-61.56404392251424,15.550020682103025,200.0,200.0,U
27256,-61.5644734721286,15.551086059938726,200.0,200.0,U
27257,-61.565468284677685,15.551108385740564,200.0,200.0,U
27258,-61.56707282719707,15.548681145139671,200.0,200.0,U
27259,-61.566343886908754,15.554104095616276,200.0,200.0,U
27260,-61.56413463687787,15.552139622483995,200.0,200.0,U
27261,-61.56592521401992,15.550788135234308,200.0,200.0,U
27262,-61.564695096965956,15.551448194364728,200.0,200.0,U
27263,-61.564889343374595,15.549234666684672,200.0,200.0,U
27264,-61.564619260623836,15.551322572040823,200.0,200.0,U
27265,-61.56795559764115,15.551008526392579,200.0,200.0,U
27266,-61.56475375619019,15.555420393718144,200.0,200.0,U
27267,-61.56366085356723,15.550230823370567,200.0,200.0,U
27268,-61.56687328069346,15.551934467318368,200.0,200.0,U
27269,-61.56474881955445,15.55505610855189,200.0,200.0,U
27270,-61.5650565415503,15.55133427739084,200.0,200.0,U
27271,-61.56522457305221,15.551529872030114,200.0,200.0,U
27272,-61.56219969327525,15.551219303107176,200.0,200.0,U
27273,-61.56519153018093,15.550714742740459,200.0,200.0,U
27274,-61.56562935223994,15.55136696300523,200.0,200.0,U
27275,-61.56487162757108,15.551606825020437,200.0,200.0,U
27276,-61.56601641642047,15.55239480899767,200.0,200.0,U
27277,-61.56706758730397,15.551737120489713,200.0,200.0,U
27278,-61.56593135244719,15.55104554079295,200.0,200.0,U
27279,-61.56682803570025,15.551905751007947,200.0,200.0,U
27280,-61.56470970212261,15.551308362064113,200.0,200.0,U
27281,-61.565710788593705,15.55459902262986,200.0,200.0,U
27282,-61.564838687705816,15.552788733783077,200.0,200.0,U
27283,-61.565488445626606,15.552839272144665,200.0,200.0,U
27284,-61.565792857467606,15.552877800973578,200.0,200.0,U
27285,-61.56520551132827,15.551155903092068,200.0,200.0,U
27286,-61.56734994373948,15.553258882718291,200.0,200.0,U
27287,-61.565279743993074,15.551016452996121,200.0,200.0,U
27288,-61.56243663145224,15.550721153062455,200.0,200.0,U
27289,-61.56675202281659,15.551716649327519,200.0,200.0,U
27290,-61.56592567040853,15.550372316711533,200.0,200.0,U
27291,-61.56529872072926,15.550807389767597,200.0,200.0,U
27292,-61.564775258731835,15.55052280980368,200.0,200.0,U
27293,-61.56471340037401,15.549925561255252,200.0,200.0,U
27294,-61.56516239045267,15.55169460519446,200.0,200.0,U
27295,-61.564886180188466,15.551276440396933,200.0,200.0,U
27296,-61.56619232267188,15.552606389232789,200.0,200.0,U
27297,-61.5657436122336,15.55333505448598,200.0,200.0,U
27298,-61.56661605925091,15.55408420144774,200.0,200.0,U
27299,-61.56563491296935,15.55069052426855,200.0,200.0,U
27300,-61.56266188857227,15.551671173236542,200.0,200.0,U
27301,-61.56680579698899,15.552155774743767,200.0,200.0,U
27302,-61.56423858546475,15.550997329363597,200.0,200.0,U
27303,-61.565559350073755,15.552072582360518,200.0,200.0,U
27304,-61.56498288955871,15.552248595390688,200.0,200.0,U
27305,-61.56439080110974,15.551728263994255,200.0,200.0,U
27306,-61.56335113284037,15.549707241796357,200.0,200.0,U
27307,-61.5673559451516,15.551426906583853,200.0,200.0,U
27308,-61.56420505552529,15.551002672320388,200.0,200.0,U
27309,-61.566852736563405,15.556606592295985,200.0,200.0,U
27310,-61.56629214554174,15.54889014413341,200.0,200.0,U
27311,-61.56463061624102,15.550878443124688,200.0,200.0,U
27312,-61.567614359024965,15.547129218742997,200.0,200.0,U
27313,-61.56225251597651,15.553144560250166,200.0,200.0,U
27314,-61.56399806533783,15.552443751633717,200.0,200.0,U
27315,-61.56540999410586,15.551224996887072,200.0,200.0,U
27316,-61.566213361024516,15.55111467055806,200.0,200.0,U
27317,-61.565194173504736,15.551581635108036,200.0,200.0,U
27318,-61.565550143625394,15.551333741959606,200.0,200.0,U
27319,-61.56364990657403,15.552001678958954,200.0,200.0,U
27320,-61.56358326249014,15.552902935046937,200.0,200.0,U
27321,-61.56742580939778,15.552252314667982,200.0,200.0,U
27322,-61.56544023975745,15.551526070465625,200.0,200.0,U
27323,-61.56480797579366,15.550454965339876,200.0,200.0,U
27324,-61.56519901636426,15.55123340274904,200.0,200.0,U
27325,-61.56379353885294,15.549956823686834,200.0,200.0,U
27326,-61.56481910272915,15.548796271197912,200.0,200.0,U
27327,-61.56430903378005,15.551720894638333,200.0,200.0,U
27328,-61.564957029309525,15.550837676195252,200.0,200.0,U
27329,-61.56559398552787,15.551730998032948,200.0,200.0,U
27330,-61.568226357435286,15.551660501504651,200.0,200.0,U
27331,-61.565262333781604,15.551086469169432,200.0,200.0,U
27332,-61.56531563045378,15.551253206605832,200.0,200.0,U
27333,-61.56527383918593,15.552287902707288,200.0,200.0,U
27334,-61.56562863028339,15.549955971359891,200.0,200.0,U
27335,-61.56393565770592,15.551083445253589,200.0,200.0,U
27336,-61.562886490717226,15.55150932804058,200.0,200.0,U
27337,-61.56489234533648,15.548938068454778,200.0,200.0,U
27338,-61.56498027014786,15.54961182230952,200.0,200.0,U
27339,-61.56478631450253,15.552236378144515,200.0,200.0,U
27340,-61.56652028606395,15.551956423311093,200.0,200.0,U
27341,-61.56417616953595,15.551961579943091,200.0,200.0,U
27342,-61.5657467889513,15.551111634520545,200.0,200.0,U
27343,-61.56579163722642,15.551461933924521,200.0,200.0,U
27344,-61.56751780766371,15.55039963131748,200.0,200.0,U
27345,-61.56509774507174,15.552029208410321,200.0,200.0,U
27346,-61.56342075096899,15.549499357031594,200.0,200.0,U
27347,-61.565790681321396,15.55256577036552,200.0,200.0,U
27348,-61.56430305107253,15.553047916739347,200.0,200.0,U
27349,-61.56573691888544,15.551062963165187,200.0,200.0,U
27350,-61.563050122220346,15.550976152151422,200.0,200.0,U
27351,-61.560572384575515,15.552400646222418,200.0,200.0,U
27352,-61.56560956113527,15.551309604593298,200.0,200.0,U
27353,-61.56710067112455,15.552255571320329,200.0,200.0,U
27354,-61.566487879296446,15.551237784990871,200.0,200.0,U
27355,-61.564885944964615,15.54867327829998,200.0,200.0,U
27356,-61.567558281721105,15.554024878366059,200.0,200.0,U
27357,-61.56634124126614,15.549707080179985,200.0,200.0,U
27358,-61.56465871889861,15.550588298786996,200.0,200.0,U
27359,-61.566413313500505,15.552418165917617,200.0,200.0,U
27360,-61.56646414017228,15.551329608568064,200.0,200.0,U
27361,-61.56597562308087,15.550707430306469,200.0,200.0,U
27362,-61.56316584046577,15.551157412277464,200.0,200.0,U
27363,-61.56477335724173,15.550840882393883,200.0,200.0,U
27364,-61.56481974841994,15.550295151221745,200.0,200.0,U
27365,-61.5654769612698,15.551216786729505,200.0,200.0,U
27366,-61.56596899245009,15.55235544492625,200.0,200.0,U
27367,-61.56603577873043,15.551051235748128,200.0,200.0,U
27368,-61.56563208753392,15.550500961714723,200.0,200.0,U
27369,-61.56594026131947,15.551645623016013,200.0,200.0,U
27370,-61.565180165137015,15.551774826845099,200.0,200.0,U
27371,-61.565736523422125,15.550644524908785,200.0,200.0,U
27372,-61.56462459870903,15.547611667011752,200.0,200.0,U
27373,-61.564560726842856,15.549425879269755,200.0,200.0,U
27374,-61.56562679563288,15.551203806894437,200.0,200.0,U
27375,-61.56469068529368,15.548197717700505,200.0,200.0,U
27376,-61.56581522255132,15.551098497972653,200.0,200.0,U
27377,-61.565590386458,15.551020081806048,200.0,200.0,U
27378,-61.56498681186096,15.549352505691408,200.0,200.0,U
27379,-61.56507766666204,15.549961110845468,200.0,200.0,U
27380,-61.56595348177462,15.550579436534004,200.0,200.0,U
27381,-61.56581960523128,15.5496043568173,200.0,200.0,U
27382,-61.565100149385074,15.548930240018144,200.0,200.0,U
27383,-61.566170448176315,15.55059233143048,200.0,200.0,U
27384,-61.56403357278852,15.551214285981196,200.0,200.0,U
27385,-61.56566139311766,15.550900518035759,200.0,200.0,U
27386,-61.565922490996854,15.551444033743158,200.0,200.0,U
27387,-61.56560884111942,15.550975015983042,200.0,200.0,U
27388,-61.56361716034715,15.548915411131913,200.0,200.0,U
27389,-61.564254549463705,15.55001645764865,200.0,200.0,U
27390,-61.565309013522494,15.550322462418158,200.0,200.0,U
27391,-61.566533567409124,15.55361413861791,200.0,200.0,U
27392,-61.56711573160066,15.550582363729825,200.0,200.0,U
27393,-61.56617047779164,15.552706507193813,200.0,200.0,U
27394,-61.56559420871643,15.551215138295756,200.0,200.0,U
27395,-61.56637675818602,15.550778203060679,200.0,200.0,U
27396,-61.56570664492323,15.551430627676181,200.0,200.0,U
27397,-61.56515807418192,15.552351905102698,200.0,200.0,U
27398,-61.56399279663261,15.552031330994765,200.0,200.0,U
27399,-61.566043988108284,15.551008661981975,200.0,200.0,U
27400,-61.56584772936062,15.550869888410988,200.0,200.0,U
27401,-61.56667153443123,15.550768083857712,200.0,200.0,U
27402,-61.56421222317085,15.551056935456568,200.0,200.0,U
27403,-61.564973668645365,15.550116132960127,200.0,200.0,U
27404,-61.56653603821563,15.552304453266109,200.0,200.0,U
27405,-61.568642173449824,15.551880804506542,200.0,200.0,U
27406,-61.5652065156315,15.551401314039571,200.0,200.0,U
27407,-61.56396296789916,15.54918594306149,200.0,200.0,U
27408,-61.56578512073641,15.550775921597007,200.0,200.0,U
27409,-61.56498070935517,15.552004064638966,200.0,200.0,U
27410,-61.56546200602519,15.550825004343084,200.0,200.0,U
27411,-61.565990610992976,15.549488024268403,200.0,200.0,U
27412,-61.563880804561244,15.550688931997032,200.0,200.0,U
27413,-61.56634722908428,15.551310526830306,200.0,200.0,U
27414,-61.56604129978902,15.550859378773271,200.0,200.0,U
27415,-61.56796000835899,15.553790679330614,200.0,200.0,U
27416,-61.566952176332784,15.55022962982612,200.0,200.0,U
27417,-61.56784636425734,15.550301559069611,200.0,200.0,U
27418,-61.56861224553216,15.551743564727149,200.0,200.0,U
27419,-61.56665273880691,15.552113693473485,200.0,200.0,U
27420,-61.566695854993206,15.551291535408366,200.0,200.0,U
27421,-61.56649919279063,15.550748430428596,200.0,200.0,U
27422,-61.56495412814184,15.551431801351095,200.0,200.0,U
27423,-61.56603155567188,15.55006332654318,200.0,200.0,U
27424,-61.56610394691998,15.549819899528256,200.0,200.0,U
27425,-61.567034470192574,15.548336056470362,200.0,200.0,U
27426,-61.56546658120998,15.551322264412748,200.0,200.0,U
27427,-61.56540572950381,15.551014144578883,200.0,200.0,U
27428,-61.566201463371215,15.550751939994033,200.0,200.0,U
27429,-61.566142991618484,15.550239028064805,200.0,200.0,U
27430,-61.56644780378838,15.550066302483033,200.0,200.0,U
27431,-61.56623475594712,15.551478313457409,200.0,200.0,U
27432,-61.567380440567504,15.55211964352903,200.0,200.0,U
27433,-61.56553769676516,15.550167730331662,200.0,200.0,U
27434,-61.568421450957366,15.551201407979548,200.0,200.0,U
27435,-61.565816881838686,15.54907117460748,200.0,200.0,U
27436,-61.563965299580914,15.552719975825429,200.0,200.0,U
27437,-61.567453854831975,15.549257446793877,200.0,200.0,U
27438,-61.565784843774615,15.551323500013906,200.0,200.0,U
27439,-61.56822365516161,15.550000973936687,200.0,200.0,U
27440,-61.56421909473116,15.551964437709527,200.0,200.0,U
27441,-61.56730670172984,15.55130732635715,200.0,200.0,U
27442,-61.56536701802634,15.55053545216051,200.0,200.0,U
27443,-61.56520680031962,15.551841126553935,200.0,200.0,U
27444,-61.56636973657989,15.552591307241311,200.0,200.0,U
27445,-61.56498681272082,15.551207544702288,200.0,200.0,U
27446,-61.56087978761231,15.553012309641515,200.0,200.0,U
27447,-61.56529499336204,15.550030710453871,200.0,200.0,U
27448,-61.56603734465027,15.550265266396053,200.0,200.0,U
27449,-61.566108833935495,15.550820184828583,200.0,200.0,U
27450,-61.5645527108226,15.548859277852848,200.0,200.0,U
27451,-61.56602069400654,15.550684428868825,200.0,200.0,U
27452,-61.56545130382654,15.547532321729294,200.0,200.0,U
27453,-61.567906555175966,15.55108209838154,200.0,200.0,U
27454,-61.56682304117592,15.550063205030298,200.0,200.0,U
27455,-61.56553875336504,15.55066173168598,200.0,200.0,U
27456,-61.56579029920461,15.550000497001394,200.0,200.0,U
27457,-61.56554338992863,15.552010663507941,200.0,200.0,U
27458,-61.56526301273484,15.55095358836568,200.0,200.0,U
27459,-61.56720104933631,15.552944823249035,200.0,200.0,U
27460,-61.566316056157106,15.549530860039395,200.0,200.0,U
27461,-61.56490268555546,15.550900345009088,200.0,200.0,U
27462,-61.56518485098615,15.550714028956545,200.0,200.0,U
27463,-61.56321577857251,15.552920438446714,200.0,200.0,U
27464,-61.56754951815996,15.551719561213142,200.0,200.0,U
27465,-61.56486442921235,15.552312010791844,200.0,200.0,U
27466,-61.566426515879826,15.550957317053879,200.0,200.0,U
27467,-61.5651121573905,15.55007782296739,200.0,200.0,U
27468,-61.564011824178195,15.552641658189279,200.0,200.0,U
27469,-61.56369535440764,15.553291277111144,200.0,200.0,U
27470,-61.56644329879947,15.550389286593385,200.0,200.0,U
27471,-61.56493587645555,15.549083171574024,200.0,200.0,U
27472,-61.567189773520475,15.548473392182155,200.0,200.0,U
27473,-61.565770323935205,15.550308726309988,200.0,200.0,U
27474,-61.56545012030544,15.552759102892132,200.0,200.0,U
27475,-61.56562505677666,15.550149803265752,200.0,200.0,U
27476,-61.56780405471353,15.551644050206798,200.0,200.0,U
27477,-61.56944303181919,15.549510901900758,200.0,200.0,U
27478,-61.564715955163514,15.55096332387073,200.0,200.0,U
27479,-61.5668899162534,15.552093118304898,200.0,200.0,U
27480,-61.56580355119885,15.552713325513999,200.0,200.0,U
27481,-61.5662136642476,15.551811333829601,200.0,200.0,U
27482,-61.56612932633988,15.550409626519084,200.0,200.0,U
27483,-61.566604810780476,15.55290449462505,200.0,200.0,U
27484,-61.566254591669164,15.550702891361563,200.0,200.0,U
27485,-61.566244489507824,15.551701113297774,200.0,200.0,U
27486,-61.56548103996581,15.54912079050241,200.0,200.0,U
27487,-61.56605576905808,15.550801259194316,200.0,200.0,U
27488,-61.56863263241873,15.547707799295326,200.0,200.0,U
27489,-61.56633911171996,15.550661315767128,200.0,200.0,U
27490,-61.56650766477066,15.55014008908052,200.0,200.0,U
27491,-61.56437501748192,15.551489374500607,200.0,200.0,U
27492,-61.56631017472211,15.549745786565612,200.0,200.0,U
27493,-61.56544769809792,15.549347685032448,200.0,200.0,U
27494,-61.56673314945724,15.55065449322451,200.0,200.0,U
27495,-61.566181927323676,15.550610184646919,200.0,200.0,U
27496,-61.564985871789034,15.549549227615156,200.0,200.0,U
27497,-61.56560741812891,15.551318325426951,200.0,200.0,U
27498,-61.56732584712193,15.55057744410211,200.0,200.0,U
27499,-61.56649132914562,15.55007947572037,200.0,200.0,U
27500,-61.57003837688284,15.552628631334601,200.0,200.0,U
27501,-61.56602518403142,15.548875995637708,200.0,200.0,U
27502,-61.565026091909296,15.551170346637706,200.0,200.0,U
27503,-61.567062991616815,15.55136459280913,200.0,200.0,U
27504,-61.56529018696003,15.550426921570821,200.0,200.0,U
27505,-61.56550662587573,15.552008424255904,200.0,200.0,U
27506,-61.56568301444619,15.55312665197003,200.0,200.0,U
27507,-61.56516157392332,15.550671928701036,200.0,200.0,U
27508,-61.565544316678896,15.549522380308229,200.0,200.0,U
27509,-61.56381239679181,15.552001258458182,200.0,200.0,U
27510,-61.56627912453129,15.550580608751401,200.0,200.0,U
27511,-61.567575987238584,15.549685172470133,200.0,200.0,U
27512,-61.56673165144835,15.550219453956146,200.0,200.0,U
27513,-61.566180053182904,15.54884964401971,200.0,200.0,U
27514,-61.56629736694759,15.55056187094071,200.0,200.0,U
27515,-61.56613642369647,15.550512199260343,200.0,200.0,U
27516,-61.566476381047806,15.550832534321419,200.0,200.0,U
27517,-61.56530772466916,15.550106776486716,200.0,200.0,U
27518,-61.56639197318862,15.550345317392077,200.0,200.0,U
27519,-61.566335461725096,15.550491632624817,200.0,200.0,U
27520,-61.56609328025639,15.551019556603073,200.0,200.0,U
27521,-61.56825234249802,15.554002087357029,200.0,200.0,U
27522,-61.56663893587385,15.550572844479223,200.0,200.0,U
27523,-61.56620332151116,15.550648503900286,200.0,200.0,U
27524,-61.56616432110505,15.550673174839886,200.0,200.0,U
27525,-61.566571334957594,15.548871655503046,200.0,200.0,U
27526,-61.56607239739266,15.550307540766223,200.0,200.0,U
27527,-61.567034997358725,15.550888206130896,200.0,200.0,U
27528,-61.567917667724906,15.550704226814878,200.0,200.0,U
27529,-61.56410383581487,15.554353341058293,200.0,200.0,U
27530,-61.56544533701051,15.549429112665221,200.0,200.0,U
27531,-61.56655119438307,15.550573529622365,200.0,200.0,U
27532,-61.57062359981571,15.549045862075262,200.0,200.0,U
27533,-61.56607557930844,15.551585745427124,200.0,200.0,U
27534,-61.569008314440694,15.55422423635374,200.0,200.0,U
27535,-61.56880600114503,15.548296245219413,200.0,200.0,U
27536,-61.56599500778472,15.552639244596689,200.0,200.0,U
27537,-61.566267030063884,15.550908743088046,200.0,200.0,U
27538,-61.570955031466106,15.552108361795195,200.0,200.0,U
27539,-61.56594610653867,15.55064091359977,200.0,200.0,U
27540,-61.567327547157475,15.55335732676808,200.0,200.0,U
27541,-61.56536634229305,15.552763060189672,200.0,200.0,U
27542,-61.56656239879009,15.551199742947633,200.0,200.0,U
27543,-61.56686985146687,15.550664790652897,200.0,200.0,U
27544,-61.56625953592107,15.552760189624157,200.0,200.0,U
27545,-61.56689655333844,15.552605585957096,200.0,200.0,U
27546,-61.56718548946148,15.548958489991689,200.0,200.0,U
27547,-61.56615617607438,15.550595619355565,200.0,200.0,U
27548,-61.56831072290631,15.549237608361825,200.0,200.0,U
27549,-61.566422946969425,15.550395929321253,200.0,200.0,U
27550,-61.565956035813294,15.55168749276236,200.0,200.0,U
27551,-61.56747297831799,15.547684747824713,200.0,200.0,U
27552,-61.56585435139029,15.549108343139968,200.0,200.0,U
27553,-61.56600842798887,15.550460074495858,200.0,200.0,U
27554,-61.56646547377313,15.550352451988052,200.0,200.0,U
27555,-61.56846472997767,15.55296357959349,200.0,200.0,U
27556,-61.56526484023833,15.55172273891146,200.0,200.0,U
27557,-61.568015548709894,15.553560309996803,200.0,200.0,U
27558,-61.56584023219393,15.54871138545746,200.0,200.0,U
27559,-61.56629437686622,15.55036835250587,200.0,200.0,U
27560,-61.563156240000815,15.546378915865692,200.0,200.0,U
27561,-61.56582240631796,15.550729288248315,200.0,200.0,U
27562,-61.565668710111126,15.551371476870367,200.0,200.0,U
27563,-61.56435755917606,15.551281292617691,200.0,200.0,U
27564,-61.5648318070615,15.55019145494138,200.0,200.0,U
27565,-61.566714627433704,15.550545383701484,200.0,200.0,U
27566,-61.566545007269035,15.550451876398041,200.0,200.0,U
27567,-61.567944057694554,15.549698886324332,200.0,200.0,U
27568,-61.56668172796709,15.552243277026836,200.0,200.0,U
27569,-61.566766025245556,15.551403162396944,200.0,200.0,U
27570,-61.566970907352655,15.550571669634675,200.0,200.0,U
27571,-61.56555808621375,15.550079195022574,200.0,200.0,U
27572,-61.56544699137941,15.549591552237242,200.0,200.0,U
27573,-61.5659306013846,15.548011705259338,200.0,200.0,U
27574,-61.566317396043424,15.550664771937097,200.0,200.0,U
27575,-61.56636608853106,15.549681455085816,200.0,200.0,U
27576,-61.56673838898888,15.550511814606468,200.0,200.0,U
27577,-61.566946696074226,15.548760100332736,200.0,200.0,U
27578,-61.56508793960578,15.551406257661165,200.0,200.0,U
27579,-61.56628851992828,15.550501129694467,200.0,200.0,U
27580,-61.56498789601181,15.55052099642711,200.0,200.0,U
27581,-61.56707593039513,15.550660392718829,200.0,200.0,U
27582,-61.56838935375004,15.548225655299726,200.0,200.0,U
27583,-61.56543774321198,15.551123583958049,200.0,200.0,U
27584,-61.566341435589294,15.550941108952454,200.0,200.0,U
27585,-61.5660432035522,15.549927646408552,200.0,200.0,U
27586,-61.56664010604563,15.550274484834416,200.0,200.0,U
27587,-61.56699532409336,15.550724208615605,200.0,200.0,U
27588,-61.56750670249287,15.549489685142289,200.0,200.0,U
27589,-61.56656027120805,15.550484487900077,200.0,200.0,U
27590,-61.567072558656946,15.551312051617359,200.0,200.0,U
27591,-61.5652732065736,15.546710623068378,200.0,200.0,U
27592,-61.56749957864989,15.552200280647375,200.0,200.0,U
27593,-61.56773612871186,15.551077085341893,200.0,200.0,U
27594,-61.5677461755686,15.550532753188811,200.0,200.0,U
27595,-61.56556739050196,15.549915640852285,200.0,200.0,U
27596,-61.56431327258558,15.549431918532116,200.0,200.0,U
27597,-61.56698252237178,15.550520003535368,200.0,200.0,U
27598,-61.566165432859016,15.550387002737185,200.0,200.0,U
27599,-61.564197501947554,15.549960204774324,200.0,200.0,U
27600,-61.566882957724495,15.549574601141584,200.0,200.0,U
27601,-61.56642133101665,15.549828630744985,200.0,200.0,U
27602,-61.566986309028565,15.552716126325317,200.0,200.0,U
27603,-61.566774393459504,15.550552441261992,200.0,200.0,U
27604,-61.5670974919894,15.550408442408296,200.0,200.0,U
27605,-61.56758422628712,15.550490208227346,200.0,200.0,U
27606,-61.565985668168146,15.55020334886814,200.0,200.0,U
27607,-61.566588027255214,15.550306179570654,200.0,200.0,U
27608,-61.56742778169279,15.55006432988177,200.0,200.0,U
27609,-61.5667288476238,15.548552341899587,200.0,200.0,U
27610,-61.56851803511665,15.548980580443539,200.0,200.0,U
27611,-61.56691044751077,15.550189383417463,200.0,200.0,U
27612,-61.56663377712128,15.548946728226428,200.0,200.0,U
27613,-61.56681072121448,15.549879078763825,200.0,200.0,U
27614,-61.567056771974,15.550269052345035,200.0,200.0,U
27615,-61.567499311928685,15.550027781170707,200.0,200.0,U
27616,-61.56671879449025,15.551343397397126,200.0,200.0,U
27617,-61.56695810632416,15.550758294606839,200.0,200.0,U
27618,-61.56555551819358,15.550421073646215,200.0,200.0,U
27619,-61.56741277809721,15.550420361519542,200.0,200.0,U
27620,-61.563772808974,15.548805586310527,200.0,200.0,U
27621,-61.56590219233217,15.551232523935644,200.0,200.0,U
27622,-61.568073900438,15.550186160203642,200.0,200.0,U
27623,-61.56613576607307,15.549876151522696,200.0,200.0,U
27624,-61.5676067448423,15.551351344544672,200.0,200.0,U
27625,-61.56971417664534,15.547797705687298,200.0,200.0,U
27626,-61.56647123252483,15.549446042942042,200.0,200.0,U
27627,-61.5666058449227,15.550178246549937,200.0,200.0,U
27628,-61.5677789306636,15.547832631571644,200.0,200.0,U
27629,-61.566151094757956,15.548865381434178,200.0,200.0,U
27630,-61.56712572984462,15.550604716824731,200.0,200.0,U
27631,-61.56675621934325,15.550651868361891,200.0,200.0,U
27632,-61.566059990597466,15.549990446457217,200.0,200.0,U
27633,-61.56723029814334,15.55009529976795,200.0,200.0,U
27634,-61.56655702536752,15.5492571646819,200.0,200.0,U
27635,-61.56669652696892,15.551101759073854,200.0,200.0,U
27636,-61.566839521593,15.550226806082915,200.0,200.0,U
27637,-61.56612245180435,15.547876666858288,200.0,200.0,U
27638,-61.567423765122165,15.548670952048894,200.0,200.0,U
27639,-61.56583797706711,15.550644369687113,200.0,200.0,U
27640,-61.568437821101035,15.548924899094338,200.0,200.0,U
27641,-61.567014149072385,15.550095736414871,200.0,200.0,U
27642,-61.56650441298386,15.549526853535482,200.0,200.0,U
27643,-61.56654489188437,15.552601808365353,200.0,200.0,U
27644,-61.57242095620092,15.550860584811257,200.0,200.0,U
27645,-61.567177235111785,15.550605028933232,200.0,200.0,U
27646,-61.5667482186259,15.551049747971893,200.0,200.0,U
27647,-61.5672325756693,15.550775538126578,200.0,200.0,U
27648,-61.56835572918326,15.548988687299238,200.0,200.0,U
27649,-61.564604393872266,15.5487395606231,200.0,200.0,U
27650,-61.56779993996615,15.550730116158944,200.0,200.0,U
27651,-61.567343085464145,15.550427958434975,200.0,200.0,U
27652,-61.567558296030015,15.55030387068204,200.0,200.0,U
27653,-61.56745777062397,15.550557996201192,200.0,200.0,U
27654,-61.567270999043544,15.550359926764905,200.0,200.0,U
27655,-61.56585340449092,15.550850259448053,200.0,200.0,U
27656,-61.56697627606311,15.549965189740867,200.0,200.0,U
27657,-61.568918418898285,15.550771161708424,200.0,200.0,U
27658,-61.56910844195826,15.549254541720364,200.0,200.0,U
27659,-61.56897709231734,15.550733450422248,200.0,200.0,U
27660,-61.56602586401567,15.548922425950368,200.0,200.0,U
27661,-61.56557751020939,15.548839670410329,200.0,200.0,U
27662,-61.56646016214473,15.54856141633116,200.0,200.0,U
27663,-61.568250621716125,15.551051935324699,200.0,200.0,U
27664,-61.56643916896209,15.551730403297373,200.0,200.0,U
27665,-61.5658317743241,15.55119279030542,200.0,200.0,U
27666,-61.56886182066407,15.54885023048037,200.0,200.0,U
27667,-61.56741194855629,15.549789544738045,200.0,200.0,U
27668,-61.56723942207242,15.54998253277465,200.0,200.0,U
27669,-61.567085142364725,15.549807862632916,200.0,200.0,U
27670,-61.56969247401137,15.551774322006274,200.0,200.0,U
27671,-61.56820150864624,15.54875037777702,200.0,200.0,U
27672,-61.56710700625857,15.549948766997963,200.0,200.0,U
27673,-61.5652820740981,15.55113243535501,200.0,200.0,U
27674,-61.56668821010462,15.549712278633008,200.0,200.0,U
27675,-61.5675649217178,15.549581550249407,200.0,200.0,U
27676,-61.56784582580894,15.549093798912667,200.0,200.0,U
27677,-61.56710211204708,15.549866928846964,200.0,200.0,U
27678,-61.56553717545935,15.550657728942307,200.0,200.0,U
27679,-61.56572541274866,15.54954315660659,200.0,200.0,U
27680,-61.56670946758549,15.550231019817728,200.0,200.0,U
27681,-61.568475743975505,15.54876274208641,200.0,200.0,U
27682,-61.567237750770865,15.550428373876775,200.0,200.0,U
27683,-61.569473417277564,15.549728672374812,200.0,200.0,U
27684,-61.568227269392715,15.549688278323929,200.0,200.0,U
27685,-61.57057701627512,15.550816905029752,200.0,200.0,U
27686,-61.56619730543875,15.550605791325115,200.0,200.0,U
27687,-61.567151947938456,15.549996733787545,200.0,200.0,U
27688,-61.56534118076941,15.547354527146155,200.0,200.0,U
27689,-61.56615508568227,15.55012087153746,200.0,200.0,U
27690,-61.570702505512756,15.549929238280127,200.0,200.0,U
27691,-61.56732193181181,15.55063141695566,200.0,200.0,U
27692,-61.568941117703716,15.550250658257967,200.0,200.0,U
27693,-61.56751148638358,15.55031995672416,200.0,200.0,U
27694,-61.566279165794434,15.547635076870453,200.0,200.0,U
27695,-61.56572906974496,15.550338404915161,200.0,200.0,U
27696,-61.566634215014304,15.549971974272331,200.0,200.0,U
27697,-61.565518524404055,15.549290407802863,200.0,200.0,U
27698,-61.56697154284664,15.549755179834488,200.0,200.0,U
27699,-61.567163725431996,15.54909944053837,200.0,200.0,U
27700,-61.566385990916714,15.550150784139635,200.0,200.0,U
27701,-61.56748804597433,15.550178783460193,200.0,200.0,U
27702,-61.567207289751444,15.549950765230225,200.0,200.0,U
27703,-61.567117125191984,15.550129734039386,200.0,200.0,U
27704,-61.56716388140607,15.550523628446442,200.0,200.0,U
27705,-61.5668800772856,15.548536249641536,200.0,200.0,U
27706,-61.56917790410529,15.547519245985717,200.0,200.0,U
27707,-61.56743755156449,15.549241947537116,200.0,200.0,U
27708,-61.56758313069168,15.552014712658668,200.0,200.0,U
27709,-61.56987867960772,15.54835385514393,200.0,200.0,U
27710,-61.56666648706662,15.549676218029699,200.0,200.0,U
27711,-61.569212534135296,15.550224716542576,200.0,200.0,U
27712,-61.56639654241412,15.548478807881159,200.0,200.0,U
27713,-61.56730797375551,15.550215266351262,200.0,200.0,U
27714,-61.56755498072217,15.550403059514908,200.0,200.0,U
27715,-61.568838729571766,15.55044213112831,200.0,200.0,U
27716,-61.56767870268591,15.550158617778782,200.0,200.0,U
27717,-61.56828356053509,15.549870979176179,200.0,200.0,U
27718,-61.566805588798395,15.550251529269639,200.0,200.0,U
27719,-61.56708594567733,15.550607209731705,200.0,200.0,U
27720,-61.56519816358859,15.54554780096474,200.0,200.0,U
27721,-61.56548153998941,15.550735357211291,200.0,200.0,U
27722,-61.566636529365354,15.550199812205497,200.0,200.0,U
27723,-61.567840596972935,15.548925963289607,200.0,200.0,U
27724,-61.56665441213203,15.549807670299371,200.0,200.0,U
27725,-61.565868778162105,15.548931028452982,200.0,200.0,U
27726,-61.568742390437485,15.551700927274739,200.0,200.0,U
27727,-61.56647722066258,15.550859080866932,200.0,200.0,U
27728,-61.56690719933643,15.548265151002479,200.0,200.0,U
27729,-61.56749327369132,15.549727276737727,200.0,200.0,U
27730,-61.56963837397619,15.548660167643735,200.0,200.0,U
27731,-61.56673718991159,15.549078984046,200.0,200.0,U
27732,-61.56770945756346,15.550685315441662,200.0,200.0,U
27733,-61.567001674112454,15.549531919053793,200.0,200.0,U
27734,-61.564805462149685,15.552130691491813,200.0,200.0,U
27735,-61.56908545840758,15.55010142910007,200.0,200.0,U
27736,-61.568264934460124,15.549775658067206,200.0,200.0,U
27737,-61.57202523401332,15.550347580572174,200.0,200.0,U
27738,-61.56788676088172,15.549847359712219,200.0,200.0,U
27739,-61.56769859070684,15.550300113142072,200.0,200.0,U
27740,-61.568661988806284,15.549401849484541,200.0,200.0,U
27741,-61.568629157926615,15.55014697198112,200.0,200.0,U
27742,-61.56476064303386,15.54805406311125,200.0,200.0,U
27743,-61.568453376456524,15.549495915754788,200.0,200.0,U
27744,-61.56639474442003,15.549568137375065,200.0,200.0,U
27745,-61.56753345291779,15.548486171743384,200.0,200.0,U
27746,-61.56670266518974,15.549852495794436,200.0,200.0,U
27747,-61.56749157590524,15.549979864581351,200.0,200.0,U
27748,-61.5690767706121,15.550738402315112,200.0,200.0,U
27749,-61.56733796885181,15.549329857270436,200.0,200.0,U
27750,-61.56563333981758,15.551099668442932,200.0,200.0,U
27751,-61.566987064594755,15.55034542404308,200.0,200.0,U
27752,-61.56737890070409,15.550483963474967,200.0,200.0,U
27753,-61.56805868612021,15.55049676363276,200.0,200.0,U
27754,-61.567178978129284,15.548804078623856,200.0,200.0,U
27755,-61.56669858788329,15.548849362721212,200.0,200.0,U
27756,-61.56797589016584,15.547810755126772,200.0,200.0,U
27757,-61.56755380358743,15.549145411849027,200.0,200.0,U
27758,-61.56821894276395,15.549621791360224,200.0,200.0,U
27759,-61.567394791367754,15.549791533547994,200.0,200.0,U
27760,-61.567826663540835,15.550280802432074,200.0,200.0,U
27761,-61.567765772677646,15.549284536407923,200.0,200.0,U
27762,-61.56509121045668,15.548675088689706,200.0,200.0,U
27763,-61.56839823147613,15.550570303362122,200.0,200.0,U
27764,-61.56739246507968,15.55048504247123,200.0,200.0,U
27765,-61.56758407087702,15.551773621134204,200.0,200.0,U
27766,-61.56799617460986,15.550386640060253,200.0,200.0,U
27767,-61.56741597618576,15.54984054114062,200.0,200.0,U
27768,-61.56732147060116,15.55080988661203,200.0,200.0,U
27769,-61.56818024806739,15.549587389609737,200.0,200.0,U
27770,-61.567806386254944,15.549674975898792,200.0,200.0,U
27771,-61.567674113963996,15.550036775683525,200.0,200.0,U
27772,-61.56769863403638,15.549551413885744,200.0,200.0,U
27773,-61.56836896617383,15.550080958863658,200.0,200.0,U
27774,-61.56789038308275,15.551062178572447,200.0,200.0,U
27775,-61.57010900886218,15.551100447432228,200.0,200.0,U
27776,-61.571813469367484,15.55239929997044,200.0,200.0,U
27777,-61.567697194517,15.548766993466069,200.0,200.0,U
27778,-61.56835325608541,15.549780947141517,200.0,200.0,U
27779,-61.56847917394867,15.55282318869708,200.0,200.0,U
27780,-61.56772954793437,15.549522889919494,200.0,200.0,U
27781,-61.56763438422285,15.549583625550513,200.0,200.0,U
27782,-61.571237351199336,15.54953555105405,200.0,200.0,U
27783,-61.56701312968414,15.551224379093377,200.0,200.0,U
27784,-61.56716790827094,15.54954348453095,200.0,200.0,U
27785,-61.567658142849936,15.549474678350785,200.0,200.0,U
27786,-61.5670940435221,15.548075283616926,200.0,200.0,U
27787,-61.56641738248598,15.549207847286583,200.0,200.0,U
27788,-61.56946006703606,15.550224750884228,200.0,200.0,U
27789,-61.56795428625702,15.549555742541513,200.0,200.0,U
27790,-61.56829151341784,15.550550718463485,200.0,200.0,U
27791,-61.56827908126668,15.54834363972198,200.0,200.0,U
27792,-61.56899186415178,15.547533132219518,200.0,200.0,U
27793,-61.56773012325371,15.549895341890247,200.0,200.0,U
27794,-61.5661098128148,15.550473465642975,200.0,200.0,U
27795,-61.5679196218751,15.550054023808515,200.0,200.0,U
27796,-61.56820373396889,15.549244891166811,200.0,200.0,U
27797,-61.5678725663658,15.54959573520429,200.0,200.0,U
27798,-61.567744441745425,15.549321285657564,200.0,200.0,U
27799,-61.56823310924802,15.548125066919843,200.0,200.0,U
27800,-61.5687894800309,15.550125301363302,200.0,200.0,U
27801,-61.568884850783114,15.549048276757524,200.0,200.0,U
27802,-61.569750268869115,15.547846757321784,200.0,200.0,U
27803,-61.568020008129636,15.550016517861474,200.0,200.0,U
27804,-61.56808242793181,15.549291112721987,200.0,200.0,U
27805,-61.569126050757866,15.550880614652478,200.0,200.0,U
27806,-61.567383506207996,15.549057078445676,200.0,200.0,U
27807,-61.56704063168984,15.549036766613247,200.0,200.0,U
27808,-61.565561618786,15.550308300745337,200.0,200.0,U
27809,-61.565114659749206,15.55223826791044,200.0,200.0,U
27810,-61.569338431678574,15.549553103256827,200.0,200.0,U
27811,-61.56705877670628,15.549294298602824,200.0,200.0,U
27812,-61.56904118516119,15.55068923747364,200.0,200.0,U
27813,-61.56836538145988,15.54993047302184,200.0,200.0,U
27814,-61.56908166181997,15.551169769473717,200.0,200.0,U
27815,-61.5670583254909,15.547896703645893,200.0,200.0,U
27816,-61.56706201674011,15.550238929164076,200.0,200.0,U
27817,-61.5661258189388,15.551022694150008,200.0,200.0,U
27818,-61.566234462560615,15.550231115316315,200.0,200.0,U
27819,-61.56752764774099,15.549294281317527,200.0,200.0,U
27820,-61.567577788486055,15.548313351256422,200.0,200.0,U
27821,-61.56533397785302,15.550452172875977,200.0,200.0,U
27822,-61.56771781120897,15.549402673998593,200.0,200.0,U
27823,-61.56843873246728,15.55185104861766,200.0,200.0,U
27824,-61.56825947575509,15.550089552899838,200.0,200.0,U
27825,-61.56795762290131,15.547275081104756,200.0,200.0,U
27826,-61.568491660401726,15.550484965501388,200.0,200.0,U
27827,-61.56572795123744,15.548483088641648,200.0,200.0,U
27828,-61.56701320840897,15.547484778233507,200.0,200.0,U
27829,-61.567935858150484,15.549074238307,200.0,200.0,U
27830,-61.56845347314039,15.547193470771242,200.0,200.0,U
27831,-61.56668096833598,15.54919848309764,200.0,200.0,U
27832,-61.568558640255816,15.549329061296415,200.0,200.0,U
27833,-61.57044987672841,15.549883698899928,200.0,200.0,U
27834,-61.56706439705571,15.549908285260523,200.0,200.0,U
27835,-61.567539477411664,15.549686415644738,200.0,200.0,U
27836,-61.56665657036513,15.548586132463086,200.0,200.0,U
27837,-61.56742097418725,15.549757109368775,200.0,200.0,U
27838,-61.567176962309055,15.548585682192888,200.0,200.0,U
27839,-61.566035619584966,15.547914274488255,200.0,200.0,U
27840,-61.5679655488112,15.5491637609887,200.0,200.0,U
27841,-61.57079938402175,15.547604019695074,200.0,200.0,U
27842,-61.569811275961975,15.550839432273833,200.0,200.0,U
27843,-61.56829785244174,15.551479187018803,200.0,200.0,U
27844,-61.568643535560696,15.54943666794859,200.0,200.0,U
27845,-61.56852147912863,15.548994514111074,200.0,200.0,U
27846,-61.566803333669064,15.549936662908799,200.0,200.0,U
27847,-61.57023606459779,15.54974597700652,200.0,200.0,U
27848,-61.56774964630542,15.548765198272262,200.0,200.0,U
27849,-61.56815929011362,15.549314988751718,200.0,200.0,U
27850,-61.56849976524096,15.5487853476436,200.0,200.0,U
27851,-61.5702106660361,15.550010295984338,200.0,200.0,U
27852,-61.568926588300975,15.550158868896323,200.0,200.0,U
27853,-61.567239432473215,15.550511984485865,200.0,200.0,U
27854,-61.56838884691713,15.546096203139907,200.0,200.0,U
27855,-61.56914762847738,15.546834631458122,200.0,200.0,U
27856,-61.56722297518305,15.548914030473215,200.0,200.0,U
27857,-61.56719483832178,15.549068990898345,200.0,200.0,U
27858,-61.568646069396415,15.548827611559942,200.0,200.0,U
27859,-61.56815288293255,15.54874267626811,200.0,200.0,U
27860,-61.569666142615574,15.54974180037616,200.0,200.0,U
27861,-61.566819673533665,15.549056243922118,200.0,200.0,U
27862,-61.565815515575274,15.550586605723709,200.0,200.0,U
27863,-61.56839174634078,15.548980824297594,200.0,200.0,U
27864,-61.56805175232854,15.548962884092719,200.0,200.0,U
27865,-61.56931657109028,15.548453977052654,200.0,200.0,U
27866,-61.56964534120117,15.55003891555125,200.0,200.0,U
27867,-61.568202686001406,15.549285545770925,200.0,200.0,U
27868,-61.56555979474716,15.54585410047349,200.0,200.0,U
27869,-61.56753324030562,15.548487361059207,200.0,200.0,U
27870,-61.568680617690156,15.547749304992486,200.0,200.0,U
27871,-61.56824567591806,15.549185601109007,200.0,200.0,U
27872,-61.56754729925869,15.550013866251465,200.0,200.0,U
27873,-61.56812249976453,15.549268935362713,200.0,200.0,U
27874,-61.5688012675814,15.549237721085321,200.0,200.0,U
27875,-61.568371821048274,15.549043356124246,200.0,200.0,U
27876,-61.569588420230026,15.54825164921996,200.0,200.0,U
27877,-61.56943162654518,15.54824896489828,200.0,200.0,U
27878,-61.56829884960869,15.549154800466377,200.0,200.0,U
27879,-61.56855532790782,15.547480222820097,200.0,200.0,U
27880,-61.56776153257958,15.550132264611438,200.0,200.0,U
27881,-61.56785418623295,15.549838668430409,200.0,200.0,U
27882,-61.568891023023546,15.547946641488362,200.0,200.0,U
27883,-61.5682714109412,15.549139727363864,200.0,200.0,U
27884,-61.56887062397031,15.54984086537866,200.0,200.0,U
27885,-61.57062088755011,15.548276827282265,200.0,200.0,U
27886,-61.56565978289944,15.549516996680705,200.0,200.0,U
27887,-61.57008045806276,15.547405972168248,200.0,200.0,U
27888,-61.56782206032641,15.549761671697109,200.0,200.0,U
27889,-61.56892011054931,15.549489710815031,200.0,200.0,U
27890,-61.56770499027526,15.548832186315675,200.0,200.0,U
27891,-61.5650891666027,15.548142329516345,200.0,200.0,U
27892,-61.568439385084794,15.549614137058482,200.0,200.0,U
27893,-61.56900301459076,15.549073285281107,200.0,200.0,U
27894,-61.568212545122456,15.549633419808936,200.0,200.0,U
27895,-61.5679844706358,15.549205017961825,200.0,200.0,U
27896,-61.56878312753592,15.549048161049408,200.0,200.0,U
27897,-61.56908904312224,15.54872128306915,200.0,200.0,U
27898,-61.56846863754701,15.552443090039276,200.0,200.0,U
27899,-61.56917400629881,15.550148721576177,200.0,200.0,U
27900,-61.56848505895285,15.5491657823829,200.0,200.0,U
27901,-61.56795040269435,15.548236212369872,200.0,200.0,U
27902,-61.56733495215782,15.54929801548767,200.0,200.0,U
27903,-61.56690865458941,15.547014317977995,200.0,200.0,U
27904,-61.567036724823566,15.5500964795899,200.0,200.0,U
27905,-61.56911032104871,15.55121682002213,200.0,200.0,U
27906,-61.56843226878269,15.548802727422595,200.0,200.0,U
27907,-61.567680437800966,15.550250173379643,200.0,200.0,U
27908,-61.57195810444681,15.548493732625722,200.0,200.0,U
27909,-61.57224855483364,15.54861698557779,200.0,200.0,U
27910,-61.56772918606628,15.550983070732158,200.0,200.0,U
27911,-61.56864946375638,15.549491337430489,200.0,200.0,U
27912,-61.56618808917624,15.55035281867415,200.0,200.0,U
27913,-61.5673760203736,15.549494753123604,200.0,200.0,U
27914,-61.5681904221662,15.549106552883245,200.0,200.0,U
27915,-61.570099903616686,15.549235228875945,200.0,200.0,U
27916,-61.56778659442455,15.550264304258757,200.0,200.0,U
27917,-61.56887225387836,15.548597955449706,200.0,200.0,U
27918,-61.56924364897333,15.548515951235414,200.0,200.0,U
27919,-61.5690345134503,15.54727416899689,200.0,200.0,U
27920,-61.56641194159937,15.549309786121192,200.0,200.0,U
27921,-61.568681608076545,15.549276118664341,200.0,200.0,U
27922,-61.56882991658309,15.54937287297712,200.0,200.0,U
27923,-61.56850590411056,15.548988227741951,200.0,200.0,U
27924,-61.567780829901594,15.549653066314033,200.0,200.0,U
27925,-61.56851257462877,15.549078774399936,200.0,200.0,U
27926,-61.56930984445629,15.54594288580361,200.0,200.0,U
27927,-61.568680091826906,15.548014431340045,200.0,200.0,U
27928,-61.56750879090738,15.550201827120029,200.0,200.0,U
27929,-61.568977013440154,15.549205464876028,200.0,200.0,U
27930,-61.569525011491464,15.549008609640657,200.0,200.0,U
27931,-61.56603684683755,15.54829185702997,200.0,200.0,U
27932,-61.567312597063705,15.551048268096444,200.0,200.0,U
27933,-61.568619734690266,15.54884714481628,200.0,200.0,U
27934,-61.56860170623602,15.548982650791892,200.0,200.0,U
27935,-61.567972413879374,15.550276107533628,200.0,200.0,U
27936,-61.566093993710844,15.54632946200217,200.0,200.0,U
27937,-61.566803833353845,15.547758258824334,200.0,200.0,U
27938,-61.56752286225043,15.54892221387785,200.0,200.0,U
27939,-61.567205240530086,15.54737755023519,200.0,200.0,U
27940,-61.568488849675376,15.549762782135943,200.0,200.0,U
27941,-61.57046819161847,15.54767544983538,200.0,200.0,U
27942,-61.56895089523568,15.548367480754013,200.0,200.0,U
27943,-61.56746894254568,15.54976644945669,200.0,200.0,U
27944,-61.56826419919141,15.549381392782351,200.0,200.0,U
27945,-61.56678290473976,15.548103314373972,200.0,200.0,U
27946,-61.568886752198104,15.549700847806317,200.0,200.0,U
27947,-61.57019290857614,15.547637702254443,200.0,200.0,U
27948,-61.56789900159942,15.550857985232305,200.0,200.0,U
27949,-61.56871352234725,15.549832689492597,200.0,200.0,U
27950,-61.568895041800594,15.548237707351714,200.0,200.0,U
27951,-61.56929187855934,15.547907119641824,200.0,200.0,U
27952,-61.570407388492235,15.548073214447285,200.0,200.0,U
27953,-61.56677463144126,15.549195383708641,200.0,200.0,U
27954,-61.57029217578851,15.548695183074733,200.0,200.0,U
27955,-61.56877395372754,15.548836422173686,200.0,200.0,U
27956,-61.56922144416744,15.549744875918426,200.0,200.0,U
27957,-61.5672355772904,15.550219744086526,200.0,200.0,U
27958,-61.56883101294939,15.548918325622838,200.0,200.0,U
27959,-61.56817217897253,15.552324346664813,200.0,200.0,U
27960,-61.567432339110994,15.548298075517096,200.0,200.0,U
27961,-61.56820367133774,15.549152089689137,200.0,200.0,U
27962,-61.568264929273646,15.548174848036602,200.0,200.0,U
27963,-61.56887758783303,15.54909570717252,200.0,200.0,U
27964,-61.568787102808294,15.548966341380872,200.0,200.0,U
27965,-61.570492283378734,15.54713263505937,200.0,200.0,U
27966,-61.56760691024132,15.549308302359515,200.0,200.0,U
27967,-61.5704678492252,15.547283667682906,200.0,200.0,U
27968,-61.56657681713059,15.55069917857189,200.0,200.0,U
27969,-61.56891283486212,15.548996009488258,200.0,200.0,U
27970,-61.57121283364019,15.54969380475047,200.0,200.0,U
27971,-61.56758843152769,15.549159204326102,200.0,200.0,U
27972,-61.56631283843783,15.549387800514749,200.0,200.0,U
27973,-61.57078368587442,15.548279196281284,200.0,200.0,U
27974,-61.568921926078986,15.548740836759551,200.0,200.0,U
27975,-61.56708843871599,15.548838034938019,200.0,200.0,U
27976,-61.5693195506098,15.54719512524609,200.0,200.0,U
27977,-61.56675030607597,15.551448244902554,200.0,200.0,U
27978,-61.56892729109363,15.547597359222559,200.0,200.0,U
27979,-61.5691223179228,15.549458409875166,200.0,200.0,U
27980,-61.56861831753333,15.548287814589258,200.0,200.0,U
27981,-61.56884622167018,15.548685749445086,200.0,200.0,U
27982,-61.56847306914633,15.546927280928582,200.0,200.0,U
27983,-61.56944993797398,15.549314926391002,200.0,200.0,U
27984,-61.572080887837636,15.550410559941971,200.0,200.0,U
27985,-61.56843901402319,15.54852296773052,200.0,200.0,U
27986,-61.56785278442385,15.549432934924411,200.0,200.0,U
27987,-61.56562190112763,15.548755666134788,200.0,200.0,U
27988,-61.566029830094166,15.548884735910894,200.0,200.0,U
27989,-61.56663580290238,15.547970660163271,200.0,200.0,U
27990,-61.56785085313138,15.55163631843984,200.0,200.0,U
27991,-61.568499359309385,15.549270947838163,200.0,200.0,U
27992,-61.56742933729182,15.548491678297639,200.0,200.0,U
27993,-61.568948332141844,15.549057803147255,200.0,200.0,U
27994,-61.568054547353775,15.5481224935532,200.0,200.0,U
27995,-61.56873091124714,15.54869076479889,200.0,200.0,U
27996,-61.56843714874512,15.546875071361937,200.0,200.0,U
27997,-61.5697081416261,15.545713263890546,200.0,200.0,U
27998,-61.56909070171779,15.548648313626718,200.0,200.0,U
27999,-61.57007513067542,15.548438904044819,200.0,200.0,U
28000,-61.56908435242917,15.549295467550095,200.0,200.0,U
28001,-61.569068954695666,15.547991427100493,200.0,200.0,U
28002,-61.56907240887199,15.547757298361077,200.0,200.0,U
28003,-61.569328923213085,15.54877760545648,200.0,200.0,U
28004,-61.56982653577114,15.548356918213695,200.0,200.0,U
28005,-61.56904186891387,15.550777367930738,200.0,200.0,U
28006,-61.56751575075115,15.546845237909109,200.0,200.0,U
28007,-61.57029452854235,15.548560954013025,200.0,200.0,U
28008,-61.56914150167993,15.548618268536865,200.0,200.0,U
28009,-61.57135528532009,15.55055223856037,200.0,200.0,U
28010,-61.567378379579765,15.54700501924472,200.0,200.0,U
28011,-61.56891306589126,15.547030212326833,200.0,200.0,U
28012,-61.567610681312395,15.54790664590746,200.0,200.0,U
28013,-61.56855326144465,15.549890010158617,200.0,200.0,U
28014,-61.57157300113686,15.549384685891594,200.0,200.0,U
28015,-61.56872337148954,15.551964128899616,200.0,200.0,U
28016,-61.56914536214653,15.548241545989677,200.0,200.0,U
28017,-61.57043648126831,15.549133784393641,200.0,200.0,U
28018,-61.56953050883188,15.549132260540468,200.0,200.0,U
28019,-61.56994730237274,15.548324174322254,200.0,200.0,U
28020,-61.57192332666268,15.54757512789205,200.0,200.0,U
28021,-61.56910408879036,15.548142612648242,200.0,200.0,U
28022,-61.569384783474476,15.548641100134502,200.0,200.0,U
28023,-61.569383574857284,15.55108625731438,200.0,200.0,U
28024,-61.56919412491056,15.548535893651167,200.0,200.0,U
28025,-61.5705180475884,15.544876796723683,200.0,200.0,U
28026,-61.5686758396379,15.549253081732575,200.0,200.0,U
28027,-61.5694920521496,15.549472766156239,200.0,200.0,U
28028,-61.56933339609833,15.548524815597798,200.0,200.0,U
28029,-61.568325839884594,15.549897190859157,200.0,200.0,U
28030,-61.568485658429175,15.548303346613698,200.0,200.0,U
28031,-61.56969589652114,15.548086229216429,200.0,200.0,U
28032,-61.570233870652956,15.549987057649403,200.0,200.0,U
28033,-61.57094940265231,15.548932709214835,200.0,200.0,U
28034,-61.566339674703514,15.548562353420254,200.0,200.0,U
28035,-61.569677501759855,15.548680698167784,200.0,200.0,U
28036,-61.56935045678489,15.548654600622033,200.0,200.0,U
28037,-61.56916600641193,15.54709415441416,200.0,200.0,U
28038,-61.570181671438974,15.549929892654898,200.0,200.0,U
28039,-61.568273393970614,15.547992797645563,200.0,200.0,U
28040,-61.57036394798742,15.549223941834008,200.0,200.0,U
28041,-61.5679995463035,15.549129627749743,200.0,200.0,U
28042,-61.5695329219047,15.548401559804264,200.0,200.0,U
28043,-61.56952115405517,15.54851505763885,200.0,200.0,U
28044,-61.56927147487354,15.548130981640421,200.0,200.0,U
28045,-61.56979519599615,15.550449493536979,200.0,200.0,U
28046,-61.56927144357915,15.54767686889003,200.0,200.0,U
28047,-61.56831532125459,15.549559729063402,200.0,200.0,U
28048,-61.56846007676845,15.547645327827608,200.0,200.0,U
28049,-61.567178795756035,15.548969347613115,200.0,200.0,U
28050,-61.56701056958588,15.546241946103954,200.0,200.0,U
28051,-61.56858401951302,15.548319767103875,200.0,200.0,U
28052,-61.56736236144216,15.547244926738575,200.0,200.0,U
28053,-61.56856626776234,15.54754028067685,200.0,200.0,U
28054,-61.57033315709031,15.54801892594824,200.0,200.0,U
28055,-61.56748039614252,15.546598749745643,200.0,200.0,U
28056,-61.569653377869386,15.548698405480234,200.0,200.0,U
28057,-61.570195806390316,15.548820138027933,200.0,200.0,U
28058,-61.56987219090118,15.549108164035824,200.0,200.0,U
28059,-61.56933919860199,15.548387738486406,200.0,200.0,U
28060,-61.56679004822653,15.547217405383094,200.0,200.0,U
28061,-61.570409918780484,15.547068494494987,200.0,200.0,U
28062,-61.56936888786075,15.547854788665214,200.0,200.0,U
28063,-61.571803681370376,15.548003973965908,200.0,200.0,U
28064,-61.56919930699533,15.548268209753424,200.0,200.0,U
28065,-61.56909149287914,15.548316152393816,200.0,200.0,U
28066,-61.56964153597607,15.547651773280085,200.0,200.0,U
28067,-61.57182359605629,15.549292494259797,200.0,200.0,U
28068,-61.569428495382546,15.54842079500494,200.0,200.0,U
28069,-61.56809279201362,15.547755247325803,200.0,200.0,U
28070,-61.568243647270975,15.550484524232195,200.0,200.0,U
28071,-61.56910629688769,15.548652235530339,200.0,200.0,U
28072,-61.56977255005645,15.54883022000093,200.0,200.0,U
28073,-61.57306247041068,15.546882437788145,200.0,200.0,U
28074,-61.57013737833898,15.548034429615328,200.0,200.0,U
28075,-61.570595564783915,15.548076224631524,200.0,200.0,U
28076,-61.569481514755545,15.548224613097693,200.0,200.0,U
28077,-61.568163102471416,15.5478597148892,200.0,200.0,U
28078,-61.56950671131542,15.548286769713629,200.0,200.0,U
28079,-61.569416473367276,15.547939018240633,200.0,200.0,U
28080,-61.56982816312192,15.548193951870307,200.0,200.0,U
28081,-61.56971304067561,15.548276821763153,200.0,200.0,U
28082,-61.569246318809626,15.547544334209794,200.0,200.0,U
28083,-61.56957702506621,15.549738951065278,200.0,200.0,U
28084,-61.57000094879925,15.548670419909522,200.0,200.0,U
28085,-61.569255132394396,15.5480681681365,200.0,200.0,U
28086,-61.56798067187168,15.55147750157986,200.0,200.0,U
28087,-61.570467918398755,15.546932176659663,200.0,200.0,U
28088,-61.569234393246774,15.552981253907687,200.0,200.0,U
28089,-61.56978362662323,15.54928016292847,200.0,200.0,U
28090,-61.56950733470384,15.548251893397238,200.0,200.0,U
28091,-61.571137113047776,15.54931551039535,200.0,200.0,U
28092,-61.569518328325756,15.548344787914747,200.0,200.0,U
28093,-61.571152263628846,15.54892617208224,200.0,200.0,U
28094,-61.56747603934375,15.549674633063372,200.0,200.0,U
28095,-61.572998847874665,15.546325247013174,200.0,200.0,U
28096,-61.56769458549225,15.549601963677604,200.0,200.0,U
28097,-61.57193973432495,15.549071042161522,200.0,200.0,U
28098,-61.57138762691963,15.549137674576755,200.0,200.0,U
28099,-61.568239372920566,15.54804688848341,200.0,200.0,U
28100,-61.57213896230766,15.548224937412407,200.0,200.0,U
28101,-61.56874079937285,15.549603732322627,200.0,200.0,U
28102,-61.56830228410059,15.548712643018423,200.0,200.0,U
28103,-61.57005256721744,15.548464272199361,200.0,200.0,U
28104,-61.569773601087626,15.54823330595022,200.0,200.0,U
28105,-61.56935468804065,15.548103837937692,200.0,200.0,U
28106,-61.567519065617525,15.548490145648444,200.0,200.0,U
28107,-61.5697146023625,15.5490397849094,200.0,200.0,U
28108,-61.56993905618453,15.549363434961863,200.0,200.0,U
28109,-61.57136983704271,15.548627094249923,200.0,200.0,U
28110,-61.567931937141246,15.54759159373433,200.0,200.0,U
28111,-61.57171350118969,15.54771316693886,200.0,200.0,U
28112,-61.56913058739569,15.548308622501754,200.0,200.0,U
28113,-61.57008375616629,15.549501836680616,200.0,200.0,U
28114,-61.568019377471934,15.548023991715404,200.0,200.0,U
28115,-61.567461022626325,15.548691819268765,200.0,200.0,U
28116,-61.57027944154572,15.547724082047612,200.0,200.0,U
28117,-61.57162163303463,15.54810077491492,200.0,200.0,U
28118,-61.56891791753519,15.548359469163957,200.0,200.0,U
28119,-61.57160735762146,15.548609909115065,200.0,200.0,U
28120,-61.56796148935661,15.550493432370722,200.0,200.0,U
28121,-61.56785722466845,15.549250965846758,200.0,200.0,U
28122,-61.56880929609546,15.549054672530675,200.0,200.0,U
28123,-61.57262066780125,15.544907262479729,200.0,200.0,U
28124,-61.569877899001185,15.548060551523806,200.0,200.0,U
28125,-61.56961461634598,15.54826726198659,200.0,200.0,U
28126,-61.57008117706016,15.548174969875026,200.0,200.0,U
28127,-61.56547836433615,15.545750114782736,200.0,200.0,U
28128,-61.57009481948605,15.54856967488892,200.0,200.0,U
28129,-61.57012234862996,15.547218488688138,200.0,200.0,U
28130,-61.57189168768072,15.547479876359738,200.0,200.0,U
28131,-61.56928460471023,15.551018787328543,200.0,200.0,U
28132,-61.56957589982274,15.548357086461507,200.0,200.0,U
28133,-61.56981623164531,15.548129291540913,200.0,200.0,U
28134,-61.569570831482906,15.549542868757067,200.0,200.0,U
28135,-61.56984283623167,15.548087638485292,200.0,200.0,U
28136,-61.569686639340325,15.548277596883795,200.0,200.0,U
28137,-61.57000922467173,15.5495847616937,200.0,200.0,U
28138,-61.56770041263845,15.545086658003706,200.0,200.0,U
28139,-61.57152425710923,15.547214477701258,200.0,200.0,U
28140,-61.568185415456306,15.548663530979901,200.0,200.0,U
28141,-61.57242354501742,15.550370499229293,200.0,200.0,U
28142,-61.56810528165306,15.549876437014685,200.0,200.0,U
28143,-61.569246864734495,15.551363494902871,200.0,200.0,U
28144,-61.57128368670658,15.549527196444883,200.0,200.0,U
28145,-61.567805227843216,15.549431519904777,200.0,200.0,U
28146,-61.57075129490385,15.548753848481972,200.0,200.0,U
28147,-61.56935567686739,15.547868327735847,200.0,200.0,U
28148,-61.570815146045476,15.547482656084723,200.0,200.0,U
28149,-61.56947077405451,15.54881659122843,200.0,200.0,U
28150,-61.56890670516511,15.548207759031921,200.0,200.0,U
28151,-61.571095917410815,15.545999924195716,200.0,200.0,U
28152,-61.56747759707613,15.545814453120794,200.0,200.0,U
28153,-61.57087208477199,15.544531532364859,200.0,200.0,U
28154,-61.57011074532728,15.54803286753406,200.0,200.0,U
28155,-61.57043510466219,15.548388795128432,200.0,200.0,U
28156,-61.5699503459961,15.548108288495039,200.0,200.0,U
28157,-61.5683428720236,15.54932099755614,200.0,200.0,U
28158,-61.57059155945659,15.548361880844098,200.0,200.0,U
28159,-61.56956401910473,15.54734033103294,200.0,200.0,U
28160,-61.570111820908934,15.545438072800188,200.0,200.0,U
28161,-61.56934028695504,15.548307594144408,200.0,200.0,U
28162,-61.57013096720441,15.547857128143434,200.0,200.0,U
28163,-61.56997902191838,15.548055090376979,200.0,200.0,U
28164,-61.57165209871914,15.548478485071776,200.0,200.0,U
28165,-61.569086066973796,15.548729727693878,200.0,200.0,U
28166,-61.56953698860328,15.552478792874998,200.0,200.0,U
28167,-61.568174401928616,15.548962469801387,200.0,200.0,U
28168,-61.57035368255632,15.550144355440938,200.0,200.0,U
28169,-61.56916946259528,15.54691661684812,200.0,200.0,U
28170,-61.57363312666534,15.547352070894924,200.0,200.0,U
28171,-61.56760681422187,15.547822064230514,200.0,200.0,U
28172,-61.57103605213393,15.547126534174856,200.0,200.0,U
28173,-61.57002842895531,15.547656868123997,200.0,200.0,U
28174,-61.570757037574886,15.546958534739659,200.0,200.0,U
28175,-61.57056852966568,15.54613579054437,200.0,200.0,U
28176,-61.57086119909841,15.549044692504951,200.0,200.0,U
28177,-61.56891962140431,15.546986646812673,200.0,200.0,U
28178,-61.569264437259626,15.547743097816815,200.0,200.0,U
28179,-61.57199887449217,15.547420177333077,200.0,200.0,U
28180,-61.56885692020844,15.548478095604866,200.0,200.0,U
28181,-61.56927282021772,15.54879807469739,200.0,200.0,U
28182,-61.56981223406102,15.548044756657216,200.0,200.0,U
28183,-61.57029202258372,15.549248169079426,200.0,200.0,U
28184,-61.57393723550195,15.548924119994393,200.0,200.0,U
28185,-61.57298583592283,15.545628250782435,200.0,200.0,U
28186,-61.56970829988892,15.549034669483863,200.0,200.0,U
28187,-61.56946833150833,15.54678957321958,200.0,200.0,U
28188,-61.57093687497657,15.548095784164651,200.0,200.0,U
28189,-61.56971424311358,15.548573715219836,200.0,200.0,U
28190,-61.569617779816646,15.549570453775408,200.0,200.0,U
28191,-61.571959161885864,15.54945759290471,200.0,200.0,U
28192,-61.57080477394123,15.548551226147996,200.0,200.0,U
28193,-61.57020286558138,15.547854362960887,200.0,200.0,U
28194,-61.56865860270515,15.54954598004448,200.0,200.0,U
28195,-61.57217423489213,15.546067485827452,200.0,200.0,U
28196,-61.5717344762676,15.54911161093451,200.0,200.0,U
28197,-61.569634235661646,15.54605177190008,200.0,200.0,U
28198,-61.57282898887442,15.547310799910672,200.0,200.0,U
28199,-61.570077398982995,15.546761048931371,200.0,200.0,U
28200,-61.569400624246526,15.546868732998451,200.0,200.0,U
28201,-61.57020915511238,15.54782640194931,200.0,200.0,U
28202,-61.568760075789605,15.547260348979297,200.0,200.0,U
28203,-61.56995766075608,15.547975381814755,200.0,200.0,U
28204,-61.570998122299834,15.549839652902264,200.0,200.0,U
28205,-61.569662025627,15.5447246750416,200.0,200.0,U
28206,-61.572350602442704,15.545982313638676,200.0,200.0,U
28207,-61.57027261324948,15.548989387398017,200.0,200.0,U
28208,-61.57295566766798,15.54565350016333,200.0,200.0,U
28209,-61.569992136823224,15.547287526155555,200.0,200.0,U
28210,-61.57104670197801,15.548829726204872,200.0,200.0,U
28211,-61.57027111646362,15.54773160928589,200.0,200.0,U
28212,-61.56964704599904,15.547497950747871,200.0,200.0,U
28213,-61.57074133572411,15.54744566662458,200.0,200.0,U
28214,-61.57089082930741,15.548890101149825,200.0,200.0,U
28215,-61.57031587692299,15.547795240921355,200.0,200.0,U
28216,-61.56841103582069,15.548300863916685,200.0,200.0,U
28217,-61.5737504213566,15.547831143061043,200.0,200.0,U
28218,-61.5702904617509,15.54753568268043,200.0,200.0,U
28219,-61.57050407553641,15.547823538272842,200.0,200.0,U
28220,-61.57021744715649,15.547670593372567,200.0,200.0,U
28221,-61.567643205757946,15.547871425314348,200.0,200.0,U
28222,-61.57058267319516,15.547991975700379,200.0,200.0,U
28223,-61.570204084206395,15.547756432741748,200.0,200.0,U
28224,-61.57208768508862,15.549090524433486,200.0,200.0,U
28225,-61.57217502204035,15.548835277826482,200.0,200.0,U
28226,-61.56876526762416,15.546361501728198,200.0,200.0,U
28227,-61.5681826794837,15.54945856907645,200.0,200.0,U
28228,-61.57015320862318,15.547858998356482,200.0,200.0,U
28229,-61.568152494182556,15.551034217306496,200.0,200.0,U
28230,-61.572293055852725,15.549324018839814,200.0,200.0,U
28231,-61.57017231473115,15.543892352729785,200.0,200.0,U
28232,-61.568518410524064,15.547405674160366,200.0,200.0,U
28233,-61.56747930847747,15.546373008961677,200.0,200.0,U
28234,-61.57009152104266,15.545428685032451,200.0,200.0,U
28235,-61.57003580886483,15.550144062387233,200.0,200.0,U
28236,-61.5705540336068,15.548380114224901,200.0,200.0,U
28237,-61.565636913196755,15.546488771433927,200.0,200.0,U
28238,-61.56929501636098,15.54900230517513,200.0,200.0,U
28239,-61.571551909593396,15.548441874515273,200.0,200.0,U
28240,-61.570442600908294,15.547693233166651,200.0,200.0,U
28241,-61.574494260539,15.5487395178197,200.0,200.0,U
28242,-61.5719430603215,15.550597486361657,200.0,200.0,U
28243,-61.56917134712065,15.54739360798533,200.0,200.0,U
28244,-61.57171345643747,15.546840553364424,200.0,200.0,U
28245,-61.571518620948375,15.546960618368338,200.0,200.0,U
28246,-61.5687050573122,15.547883380897767,200.0,200.0,U
28247,-61.569810596411,15.54647257574621,200.0,200.0,U
28248,-61.5699730373605,15.549173879037069,200.0,200.0,U
28249,-61.56771547475037,15.549397274425873,200.0,200.0,U
28250,-61.57220231032714,15.5456072055214,200.0,200.0,U
28251,-61.57122911538158,15.546097633090515,200.0,200.0,U
28252,-61.57177809488649,15.549738445245705,200.0,200.0,U
28253,-61.57255400358018,15.547459333201841,200.0,200.0,U
28254,-61.571408389204485,15.547802616239482,200.0,200.0,U
28255,-61.56932152077746,15.546383376534054,200.0,200.0,U
28256,-61.57119523071509,15.547854566204538,200.0,200.0,U
28257,-61.569993218118896,15.547774336738621,200.0,200.0,U
28258,-61.569898488184656,15.547377370427887,200.0,200.0,U
28259,-61.57095185360072,15.548922889548894,200.0,200.0,U
28260,-61.56979953135827,15.54791788387117,200.0,200.0,U
28261,-61.57137175766134,15.546038010819823,200.0,200.0,U
28262,-61.573827197274476,15.54802394371904,200.0,200.0,U
28263,-61.57114875668076,15.54801084609171,200.0,200.0,U
28264,-61.57025041198452,15.548620218092553,200.0,200.0,U
28265,-61.57034504547907,15.54783229812927,200.0,200.0,U
28266,-61.571840173293424,15.549432470818367,200.0,200.0,U
28267,-61.57093749690794,15.546927862610154,200.0,200.0,U
28268,-61.56879663997197,15.547358656262753,200.0,200.0,U
28269,-61.56726677208312,15.547851187309771,200.0,200.0,U
28270,-61.570877309087095,15.545809333468982,200.0,200.0,U
28271,-61.571491664256094,15.548278387728562,200.0,200.0,U
28272,-61.56970427945414,15.548383045244973,200.0,200.0,U
28273,-61.57339045656687,15.549905901221257,200.0,200.0,U
28274,-61.56969964470202,15.550070477376716,200.0,200.0,U
28275,-61.57127940664392,15.551230340843974,200.0,200.0,U
28276,-61.57016759450803,15.549397360837288,200.0,200.0,U
28277,-61.56963632705579,15.548215890979447,200.0,200.0,U
28278,-61.57148135052486,15.547252684996534,200.0,200.0,U
28279,-61.569398186373235,15.549199582518364,200.0,200.0,U
28280,-61.57131095228371,15.548214102977555,200.0,200.0,U
28281,-61.572172618492274,15.546273507606193,200.0,200.0,U
28282,-61.57080542170621,15.547427144669172,200.0,200.0,U
28283,-61.569913068287875,15.54617443949222,200.0,200.0,U
28284,-61.56900534779444,15.545723808325564,200.0,200.0,U
28285,-61.5715278573835,15.547793894358886,200.0,200.0,U
28286,-61.56701140358629,15.544643171352762,200.0,200.0,U
28287,-61.57344021279004,15.546937448261824,200.0,200.0,U
28288,-61.570756828025615,15.547062388343647,200.0,200.0,U
28289,-61.57074707833708,15.548124385573036,200.0,200.0,U
28290,-61.56907836612981,15.547825935410307,200.0,200.0,U
28291,-61.570866940904736,15.547350555030931,200.0,200.0,U
28292,-61.568984953419935,15.548858991519994,200.0,200.0,U
28293,-61.57278064596601,15.548741184537388,200.0,200.0,U
28294,-61.56924358871155,15.546208911576826,200.0,200.0,U
28295,-61.5708378259342,15.547499084513495,200.0,200.0,U
28296,-61.57136979321897,15.547576163145628,200.0,200.0,U
28297,-61.571823837139846,15.548505043342775,200.0,200.0,U
28298,-61.57051034966614,15.547185298859597,200.0,200.0,U
28299,-61.57211706872848,15.54961683654998,200.0,200.0,U
28300,-61.570237834373025,15.547111944058116,200.0,200.0,U
28301,-61.573864902056876,15.546266225131552,200.0,200.0,U
28302,-61.57011744721797,15.54587507801723,200.0,200.0,U
28303,-61.568997196981925,15.545344815621855,200.0,200.0,U
28304,-61.569458999105045,15.547544673274972,200.0,200.0,U
28305,-61.570012317459266,15.548101782467748,200.0,200.0,U
28306,-61.57015582698459,15.547418126667852,200.0,200.0,U
28307,-61.57081407247133,15.548784824087306,200.0,200.0,U
28308,-61.5704116577031,15.544620538447633,200.0,200.0,U
28309,-61.569580158752274,15.548402066473326,200.0,200.0,U
28310,-61.569631474040754,15.547013586998215,200.0,200.0,U
28311,-61.56962786536628,15.546116467598834,200.0,200.0,U
28312,-61.571750834790265,15.548039814308144,200.0,200.0,U
28313,-61.57035296840434,15.547750917631248,200.0,200.0,U
28314,-61.570200933423614,15.548454602064002,200.0,200.0,U
28315,-61.5713907387526,15.54659893226932,200.0,200.0,U
28316,-61.56986764857227,15.547935232411202,200.0,200.0,U
28317,-61.57244142371027,15.548203457668667,200.0,200.0,U
28318,-61.57105501724634,15.547355684090448,200.0,200.0,U
28319,-61.57120484140486,15.545477692461256,200.0,200.0,U
28320,-61.57207663833792,15.547723796569217,200.0,200.0,U
28321,-61.57166885746683,15.544973694017468,200.0,200.0,U
28322,-61.571573244810885,15.549154444157328,200.0,200.0,U
28323,-61.571006178752455,15.547330226836767,200.0,200.0,U
28324,-61.57094686318356,15.547277443558972,200.0,200.0,U
28325,-61.57128041301907,15.546759914770485,200.0,200.0,U
28326,-61.56976164913322,15.547759343335867,200.0,200.0,U
28327,-61.570558845858145,15.547469340627876,200.0,200.0,U
28328,-61.571303599088864,15.548548344936673,200.0,200.0,U
28329,-61.570511258201584,15.547285259338267,200.0,200.0,U
28330,-61.57118338931927,15.547273486860917,200.0,200.0,U
28331,-61.57072990456233,15.550615035565505,200.0,200.0,U
28332,-61.572682396829585,15.548082610215536,200.0,200.0,U
28333,-61.57076474817791,15.54696845642636,200.0,200.0,U
28334,-61.5705765452628,15.548635466025864,200.0,200.0,U
28335,-61.5717940674523,15.54619622532465,200.0,200.0,U
28336,-61.574742344179924,15.549495026608978,200.0,200.0,U
28337,-61.57111625378,15.547203569437283,200.0,200.0,U
28338,-61.57291056831295,15.548809103007025,200.0,200.0,U
28339,-61.57337579406987,15.546754204977521,200.0,200.0,U
28340,-61.57091376191377,15.545434542875448,200.0,200.0,U
28341,-61.569738847489525,15.547340996747005,200.0,200.0,U
28342,-61.570270154716724,15.545878042700698,200.0,200.0,U
28343,-61.57080261684503,15.547945500771515,200.0,200.0,U
28344,-61.57040534873768,15.54523069465525,200.0,200.0,U
28345,-61.57100468615707,15.547500315778564,200.0,200.0,U
28346,-61.57088238699433,15.546900434014322,200.0,200.0,U
28347,-61.57114600935531,15.547200810096939,200.0,200.0,U
28348,-61.56893901896298,15.550878754742678,200.0,200.0,U
28349,-61.57161527272187,15.54565433313258,200.0,200.0,U
28350,-61.57157888611644,15.547887961296754,200.0,200.0,U
28351,-61.571189680873495,15.547146218709404,200.0,200.0,U
28352,-61.57158127271499,15.546929190883171,200.0,200.0,U
28353,-61.571143249447196,15.547244949721032,200.0,200.0,U
28354,-61.57116497663368,15.548109947793153,200.0,200.0,U
28355,-61.573028888342364,15.55053825266858,200.0,200.0,U
28356,-61.57097636308036,15.54710696937707,200.0,200.0,U
28357,-61.575233678127525,15.546290532827085,200.0,200.0,U
28358,-61.571362339147164,15.547613773493213,200.0,200.0,U
28359,-61.57083338865784,15.54940391305287,200.0,200.0,U
28360,-61.567608840439775,15.548762381585242,200.0,200.0,U
28361,-61.5721358566898,15.547851764368984,200.0,200.0,U
28362,-61.57080136088118,15.54679043108469,200.0,200.0,U
28363,-61.57077747188012,15.5473541309389,200.0,200.0,U
28364,-61.57345085042087,15.550022920321693,200.0,200.0,U
28365,-61.57202479240423,15.54673798878653,200.0,200.0,U
28366,-61.57364406928554,15.54765198525341,200.0,200.0,U
28367,-61.57086910267945,15.547209513865415,200.0,200.0,U
28368,-61.57316227167145,15.546365739390353,200.0,200.0,U
28369,-61.573151169646536,15.546038332445123,200.0,200.0,U
28370,-61.57166175435602,15.547458699592262,200.0,200.0,U
28371,-61.57007042546183,15.545414316477721,200.0,200.0,U
28372,-61.5712309506447,15.545146514121969,200.0,200.0,U
28373,-61.57195392598772,15.547512368058436,200.0,200.0,U
28374,-61.571074656159645,15.547474729647934,200.0,200.0,U
28375,-61.57131100517067,15.54711087574487,200.0,200.0,U
28376,-61.57017136526267,15.548685385865845,200.0,200.0,U
28377,-61.569772551638714,15.544565526808768,200.0,200.0,U
28378,-61.57069002916379,15.545771001737759,200.0,200.0,U
28379,-61.572022082305494,15.547379265054277,200.0,200.0,U
28380,-61.57087140804611,15.548233074672915,200.0,200.0,U
28381,-61.572800593464784,15.550592399902328,200.0,200.0,U
28382,-61.57120672241535,15.549219744172689,200.0,200.0,U
28383,-61.57391325592984,15.546526197691295,200.0,200.0,U
28384,-61.56946863590475,15.54679982005193,200.0,200.0,U
28385,-61.57151253491726,15.547083141931527,200.0,200.0,U
28386,-61.57167563126983,15.546700162477174,200.0,200.0,U
28387,-61.57126737704818,15.545562069872355,200.0,200.0,U
28388,-61.566802098593634,15.548253524443833,200.0,200.0,U
28389,-61.57102372339876,15.547330722396966,200.0,200.0,U
28390,-61.57081844343226,15.5459268658591,200.0,200.0,U
28391,-61.57129423353128,15.546926326262563,200.0,200.0,U
28392,-61.57292229010335,15.54591601943692,200.0,200.0,U
28393,-61.57090408100082,15.549747091767772,200.0,200.0,U
28394,-61.5710106563133,15.548117396656163,200.0,200.0,U
28395,-61.569785791053064,15.545651351139968,200.0,200.0,U
28396,-61.57172708053246,15.547696318702878,200.0,200.0,U
28397,-61.57114895591983,15.54569278381942,200.0,200.0,U
28398,-61.57183605278919,15.546773070449742,200.0,200.0,U
28399,-61.5713889984091,15.547131652212641,200.0,200.0,U
28400,-61.572044081017495,15.54711615144655,200.0,200.0,U
28401,-61.57015327564709,15.54793065850995,200.0,200.0,U
28402,-61.572271721795374,15.54744572103434,200.0,200.0,U
28403,-61.57466367714267,15.547095314831996,200.0,200.0,U
28404,-61.57114241076946,15.547235938161274,200.0,200.0,U
28405,-61.57266710911804,15.54716056283832,200.0,200.0,U
28406,-61.57171477206223,15.546918719123145,200.0,200.0,U
28407,-61.57013291848678,15.546938336039082,200.0,200.0,U
28408,-61.56852785632644,15.545439486304344,200.0,200.0,U
28409,-61.57114017966626,15.54751482405372,200.0,200.0,U
28410,-61.56635842078368,15.547635264625141,200.0,200.0,U
28411,-61.57051147864003,15.546136565307648,200.0,200.0,U
28412,-61.571707525653125,15.546732100917268,200.0,200.0,U
28413,-61.571531969159544,15.54663135400569,200.0,200.0,U
28414,-61.56907395004081,15.547202334661963,200.0,200.0,U
28415,-61.570272354983096,15.547059689490503,200.0,200.0,U
28416,-61.57285404831657,15.546353326384352,200.0,200.0,U
28417,-61.571877131210954,15.544678479159744,200.0,200.0,U
28418,-61.572349445602306,15.54683014146259,200.0,200.0,U
28419,-61.57371328398858,15.54600149110894,200.0,200.0,U
28420,-61.570017511162256,15.545768689286712,200.0,200.0,U
28421,-61.569784052284184,15.547849899327723,200.0,200.0,U
28422,-61.5669503871916,15.547560243974445,200.0,200.0,U
28423,-61.56989978120286,15.544713352202296,200.0,200.0,U
28424,-61.56951387182216,15.546452607634983,200.0,200.0,U
28425,-61.57258305649753,15.547382846539206,200.0,200.0,U
28426,-61.57205757662656,15.546709424877484,200.0,200.0,U
28427,-61.571276906494994,15.547496123714104,200.0,200.0,U
28428,-61.573461483666065,15.543634189331724,200.0,200.0,U
28429,-61.57008291922283,15.547932818271134,200.0,200.0,U
28430,-61.56976441409396,15.545210270449035,200.0,200.0,U
28431,-61.57171504287324,15.546778069174113,200.0,200.0,U
28432,-61.57098975763979,15.545847078281348,200.0,200.0,U
28433,-61.57297923531913,15.546369781195137,200.0,200.0,U
28434,-61.571628491249726,15.546686117395119,200.0,200.0,U
28435,-61.57096487933851,15.546366272390022,200.0,200.0,U
28436,-61.569475933284934,15.547045415708459,200.0,200.0,U
28437,-61.57107492791366,15.546262156556452,200.0,200.0,U
28438,-61.572841725743864,15.545815398239856,200.0,200.0,U
28439,-61.56956065036989,15.545327837789046,200.0,200.0,U
28440,-61.57205463711008,15.546570841476928,200.0,200.0,U
28441,-61.572283299644866,15.548126327097162,200.0,200.0,U
28442,-61.57069513033226,15.54737816491665,200.0,200.0,U
28443,-61.568611145863876,15.548629959331613,200.0,200.0,U
28444,-61.57156028014029,15.545953275132925,200.0,200.0,U
28445,-61.57267065032528,15.54652949652854,200.0,200.0,U
28446,-61.57472735089707,15.54719781934169,200.0,200.0,U
28447,-61.57337827943033,15.546204883471248,200.0,200.0,U
28448,-61.57105316737914,15.543634092088533,200.0,200.0,U
28449,-61.57078286270132,15.548323104098435,200.0,200.0,U
28450,-61.57183390749831,15.54671301592142,200.0,200.0,U
28451,-61.571990117598816,15.54789910671743,200.0,200.0,U
28452,-61.57068539974401,15.54601845451321,200.0,200.0,U
28453,-61.57023438340505,15.545347674144423,200.0,200.0,U
28454,-61.572946015508094,15.54626404602702,200.0,200.0,U
28455,-61.57298040186878,15.545468361577347,200.0,200.0,U
28456,-61.573356157086906,15.54923465578055,200.0,200.0,U
28457,-61.57186793031724,15.546874859844774,200.0,200.0,U
28458,-61.57227920463309,15.547193876512495,200.0,200.0,U
28459,-61.57188090317214,15.54668173116658,200.0,200.0,U
28460,-61.57046252705718,15.54791456227407,200.0,200.0,U
28461,-61.57297646738554,15.548275291621037,200.0,200.0,U
28462,-61.57172930996839,15.548332530290413,200.0,200.0,U
28463,-61.571939422972775,15.547001665028109,200.0,200.0,U
28464,-61.5719828448708,15.546655139092108,200.0,200.0,U
28465,-61.5711694655307,15.547949586118046,200.0,200.0,U
28466,-61.57173221502896,15.547230433834466,200.0,200.0,U
28467,-61.57410018784194,15.54692675712542,200.0,200.0,U
28468,-61.57636728415909,15.543009501415138,200.0,200.0,U
28469,-61.56794031071781,15.543909275904218,200.0,200.0,U
28470,-61.571964317163214,15.546747245498803,200.0,200.0,U
28471,-61.57230748373834,15.54584480868078,200.0,200.0,U
28472,-61.57186861773522,15.545162797929986,200.0,200.0,U
28473,-61.57196837250687,15.546635431793765,200.0,200.0,U
28474,-61.57164332901219,15.544796869460955,200.0,200.0,U
28475,-61.571977850423906,15.546641236355889,200.0,200.0,U
28476,-61.57255570392367,15.546300792521956,200.0,200.0,U
28477,-61.57215939681879,15.54632023672928,200.0,200.0,U
28478,-61.571727597685395,15.547170752376838,200.0,200.0,U
28479,-61.57132815150431,15.545449448875852,200.0,200.0,U
28480,-61.57320869456189,15.547023872508248,200.0,200.0,U
28481,-61.57202104924648,15.546597718873,200.0,200.0,U
28482,-61.571344329249506,15.54679070345148,200.0,200.0,U
28483,-61.57408564548389,15.54723991699581,200.0,200.0,U
28484,-61.573398119216655,15.546752588427443,200.0,200.0,U
28485,-61.57476722757723,15.549290238245959,200.0,200.0,U
28486,-61.57239082429128,15.544212357281555,200.0,200.0,U
28487,-61.569986230324936,15.54523317638344,200.0,200.0,U
28488,-61.57146994897168,15.54494753775989,200.0,200.0,U
28489,-61.57292010615634,15.545496548934052,200.0,200.0,U
28490,-61.57343027126159,15.548493115591892,200.0,200.0,U
28491,-61.57258581542726,15.547150561879903,200.0,200.0,U
28492,-61.57289202870424,15.546212520129675,200.0,200.0,U
28493,-61.56850984109442,15.547592443775995,200.0,200.0,U
28494,-61.571717940681005,15.547144628186585,200.0,200.0,U
28495,-61.57307833242836,15.546490979145142,200.0,200.0,U
28496,-61.57047508200385,15.545740522848355,200.0,200.0,U
28497,-61.57617940337818,15.546818236171731,200.0,200.0,U
28498,-61.57212409495113,15.546689407783933,200.0,200.0,U
28499,-61.570692882172025,15.545807154697162,200.0,200.0,U
28500,-61.57209334596419,15.546522263077396,200.0,200.0,U
28501,-61.572516585322475,15.547726073515111,200.0,200.0,U
28502,-61.57270660325785,15.54593890146606,200.0,200.0,U
28503,-61.56995476023102,15.545592500438937,200.0,200.0,U
28504,-61.5718649730654,15.545688500274762,200.0,200.0,U
28505,-61.57004064480831,15.54657603114742,200.0,200.0,U
28506,-61.57214663434438,15.547427235732249,200.0,200.0,U
28507,-61.57193309369179,15.546772718375092,200.0,200.0,U
28508,-61.57110258069508,15.546780787532303,200.0,200.0,U
28509,-61.572034806374916,15.546263452071337,200.0,200.0,U
28510,-61.57220205527456,15.54654368722013,200.0,200.0,U
28511,-61.57342444836983,15.549171235597258,200.0,200.0,U
28512,-61.57183052744479,15.546160023249193,200.0,200.0,U
28513,-61.57257871022721,15.547479100340768,200.0,200.0,U
28514,-61.57226903006119,15.548379695359873,200.0,200.0,U
28515,-61.573392131117494,15.54854672238492,200.0,200.0,U
28516,-61.57216634820603,15.54651810880307,200.0,200.0,U
28517,-61.5702282301195,15.54843770535482,200.0,200.0,U
28518,-61.57161684495027,15.546547388467463,200.0,200.0,U
28519,-61.57230303244568,15.548996883026652,200.0,200.0,U
28520,-61.57227632196037,15.546501115469875,200.0,200.0,U
28521,-61.56966963269545,15.543366889450203,200.0,200.0,U
28522,-61.573548691622435,15.546341740921536,200.0,200.0,U
28523,-61.5714756807407,15.54654483219253,200.0,200.0,U
28524,-61.57308313173758,15.545502823684025,200.0,200.0,U
28525,-61.57229440811069,15.5464658270564,200.0,200.0,U
28526,-61.57124387953004,15.548159132046024,200.0,200.0,U
28527,-61.57432612454036,15.54586654559304,200.0,200.0,U
28528,-61.57348103462658,15.545151807491422,200.0,200.0,U
28529,-61.57142703695063,15.545763777260158,200.0,200.0,U
28530,-61.570883691967694,15.545697681678961,200.0,200.0,U
28531,-61.57314470097352,15.54725315542765,200.0,200.0,U
28532,-61.56979306048271,15.546539381846245,200.0,200.0,U
28533,-61.5716989627606,15.548501619443785,200.0,200.0,U
28534,-61.57277697274797,15.546439843324443,200.0,200.0,U
28535,-61.57250160369827,15.546287172529984,200.0,200.0,U
28536,-61.57101695262696,15.547975173556274,200.0,200.0,U
28537,-61.572071658595306,15.54571304287193,200.0,200.0,U
28538,-61.57338725364095,15.54652848279792,200.0,200.0,U
28539,-61.57215208261992,15.547302690506964,200.0,200.0,U
28540,-61.57213958120861,15.545787452152988,200.0,200.0,U
28541,-61.574682945127144,15.546874060518833,200.0,200.0,U
28542,-61.57213538664449,15.541687825603729,200.0,200.0,U
28543,-61.57170649207502,15.546506008686523,200.0,200.0,U
28544,-61.57138180701347,15.546086570093935,200.0,200.0,U
28545,-61.57194230646874,15.546605136522238,200.0,200.0,U
28546,-61.5745067101885,15.545380606213742,200.0,200.0,U
28547,-61.5701660560396,15.546047752331852,200.0,200.0,U
28548,-61.56830672891797,15.54484293363528,200.0,200.0,U
28549,-61.57332310172124,15.545367512828264,200.0,200.0,U
28550,-61.572802312915144,15.545135383619476,200.0,200.0,U
28551,-61.57353659448332,15.545897145732045,200.0,200.0,U
28552,-61.57288141700133,15.544832856105872,200.0,200.0,U
28553,-61.571606727462814,15.547254089633151,200.0,200.0,U
28554,-61.57274823548132,15.547211551552262,200.0,200.0,U
28555,-61.572502175191836,15.545882346792544,200.0,200.0,U
28556,-61.57295304708967,15.546972204320834,200.0,200.0,U
28557,-61.57328445123308,15.547637599359415,200.0,200.0,U
28558,-61.56955904479166,15.54687817490452,200.0,200.0,U
28559,-61.57397749283469,15.54685014533389,200.0,200.0,U
28560,-61.57385972388697,15.548129462041086,200.0,200.0,U
28561,-61.57287613945446,15.546856607577018,200.0,200.0,U
28562,-61.57174116305659,15.54593090123992,200.0,200.0,U
28563,-61.57340819814531,15.54465843717963,200.0,200.0,U
28564,-61.57244372831126,15.547514772538381,200.0,200.0,U
28565,-61.575101919585364,15.54741471125669,200.0,200.0,U
28566,-61.572859474857204,15.545963774453122,200.0,200.0,U
28567,-61.572141033373,15.545125401732848,200.0,200.0,U
28568,-61.57231146615348,15.546393784194482,200.0,200.0,U
28569,-61.572548437913724,15.548298353446699,200.0,200.0,U
28570,-61.572833890825876,15.54634302558077,200.0,200.0,U
28571,-61.57240368812853,15.54565978774088,200.0,200.0,U
28572,-61.57315959819198,15.544230813788644,200.0,200.0,U
28573,-61.57287738493011,15.54755335414796,200.0,200.0,U
28574,-61.57299252915257,15.545783897129576,200.0,200.0,U
28575,-61.56932857769652,15.547662963883315,200.0,200.0,U
28576,-61.57242983270242,15.546312243935457,200.0,200.0,U
28577,-61.573084500960924,15.546664693982905,200.0,200.0,U
28578,-61.57270361392117,15.54586535831001,200.0,200.0,U
28579,-61.57284519887153,15.545892669821413,200.0,200.0,U
28580,-61.57333722199786,15.544210191755763,200.0,200.0,U
28581,-61.57233781009718,15.547153023237275,200.0,200.0,U
28582,-61.57228810030624,15.546426129137815,200.0,200.0,U
28583,-61.57235849507044,15.546001423409875,200.0,200.0,U
28584,-61.57263973759684,15.547339563620936,200.0,200.0,U
28585,-61.572449929355365,15.542067875628044,200.0,200.0,U
28586,-61.571863958375964,15.545338822896179,200.0,200.0,U
28587,-61.574296413589366,15.545386784589477,200.0,200.0,U
28588,-61.57220040716633,15.54380646646144,200.0,200.0,U
28589,-61.57411207150823,15.547051964972725,200.0,200.0,U
28590,-61.57279464417169,15.54470157017147,200.0,200.0,U
28591,-61.57280487158993,15.544860739067186,200.0,200.0,U
28592,-61.571095024198165,15.546734017676888,200.0,200.0,U
28593,-61.573414635120805,15.547216915156879,200.0,200.0,U
28594,-61.56836113272567,15.54382313045944,200.0,200.0,U
28595,-61.57278966951174,15.546234634529924,200.0,200.0,U
28596,-61.569405535185446,15.54434360613701,200.0,200.0,U
28597,-61.573909570472225,15.545977327034226,200.0,200.0,U
28598,-61.571355398013345,15.546407665807642,200.0,200.0,U
28599,-61.57390755038526,15.546194633702036,200.0,200.0,U
28600,-61.57397973915042,15.547775432329779,200.0,200.0,U
28601,-61.573590476943096,15.545854868189375,200.0,200.0,U
28602,-61.571859106087416,15.54508420235784,200.0,200.0,U
28603,-61.57283045037237,15.54540786596226,200.0,200.0,U
28604,-61.57322951018447,15.54488643102331,200.0,200.0,U
28605,-61.572515161635586,15.546830297592216,200.0,200.0,U
28606,-61.573320171994126,15.548516130661708,200.0,200.0,U
28607,-61.57254878210623,15.546344279108293,200.0,200.0,U
28608,-61.571857839518074,15.545897392605182,200.0,200.0,U
28609,-61.57458160142519,15.543592692483108,200.0,200.0,U
28610,-61.5714460095817,15.545795254259993,200.0,200.0,U
28611,-61.57448035654989,15.544767863178249,200.0,200.0,U
28612,-61.577255510601326,15.545894945070916,200.0,200.0,U
28613,-61.572817033867764,15.545998844276436,200.0,200.0,U
28614,-61.57048829836996,15.547990881219254,200.0,200.0,U
28615,-61.574416320067634,15.547495918361646,200.0,200.0,U
28616,-61.57248396083244,15.546255556633039,200.0,200.0,U
28617,-61.572952766018346,15.545977394591247,200.0,200.0,U
28618,-61.57201316525542,15.546227336867616,200.0,200.0,U
28619,-61.572499652621225,15.54618218980388,200.0,200.0,U
28620,-61.57564039103235,15.542665360471139,200.0,200.0,U
28621,-61.57076513204071,15.547566489750931,200.0,200.0,U
28622,-61.57246346872742,15.544918699561252,200.0,200.0,U
28623,-61.57216133318646,15.546223368577706,200.0,200.0,U
28624,-61.5746752281069,15.545572485642447,200.0,200.0,U
28625,-61.57202883972133,15.546230664181689,200.0,200.0,U
28626,-61.57326839545038,15.545406002995863,200.0,200.0,U
28627,-61.57431883820566,15.545988697901564,200.0,200.0,U
28628,-61.57371375510642,15.5449916165958,200.0,200.0,U
28629,-61.57453727404211,15.544125183630406,200.0,200.0,U
28630,-61.57360611587762,15.54579065747403,200.0,200.0,U
28631,-61.568351121472055,15.545274663820098,200.0,200.0,U
28632,-61.572988710222916,15.54576762803231,200.0,200.0,U
28633,-61.572982418903045,15.545797904920718,200.0,200.0,U
28634,-61.572928915671575,15.545638775431986,200.0,200.0,U
28635,-61.575309007439145,15.54492578448968,200.0,200.0,U
28636,-61.57081941819461,15.549506628151343,200.0,200.0,U
28637,-61.577417344680384,15.547403495324733,200.0,200.0,U
28638,-61.57025093531597,15.545362057583816,200.0,200.0,U
28639,-61.572539017773536,15.545048920901802,200.0,200.0,U
28640,-61.57361949841576,15.54559955240143,200.0,200.0,U
28641,-61.57195634615842,15.543302223263623,200.0,200.0,U
28642,-61.574598448028254,15.545724835693617,200.0,200.0,U
28643,-61.57330787464226,15.546343390926069,200.0,200.0,U
28644,-61.573089413293246,15.545449232517793,200.0,200.0,U
28645,-61.573079757882965,15.544962472270281,200.0,200.0,U
28646,-61.57287979051871,15.545774000028807,200.0,200.0,U
28647,-61.5742674778718,15.544964353047607,200.0,200.0,U
28648,-61.57396312352074,15.542213225019,200.0,200.0,U
28649,-61.574386163645684,15.545481714774787,200.0,200.0,U
28650,-61.570484993369114,15.544188287542946,200.0,200.0,U
28651,-61.57275312760982,15.545339668425326,200.0,200.0,U
28652,-61.571149432539656,15.543019816899868,200.0,200.0,U
28653,-61.572511755878004,15.547980762923146,200.0,200.0,U
28654,-61.57441748505592,15.546579014363079,200.0,200.0,U
28655,-61.57100409809962,15.547118861835665,200.0,200.0,U
28656,-61.573330618500975,15.545676960265984,200.0,200.0,U
28657,-61.57269913534239,15.546169472110874,200.0,200.0,U
28658,-61.57200243219205,15.54484512335388,200.0,200.0,U
28659,-61.5713885828769,15.54773055009627,200.0,200.0,U
28660,-61.57263160591134,15.546756411714181,200.0,200.0,U
28661,-61.57245351665535,15.546202143958626,200.0,200.0,U
28662,-61.573913111834074,15.546216965560088,200.0,200.0,U
28663,-61.57102735916885,15.545006719811875,200.0,200.0,U
28664,-61.572206703674155,15.543854496063867,200.0,200.0,U
28665,-61.57274844621815,15.544117708319478,200.0,200.0,U
28666,-61.57388126527138,15.54347388916424,200.0,200.0,U
28667,-61.57153518948518,15.54486296121088,200.0,200.0,U
28668,-61.573323876458325,15.5433759818659,200.0,200.0,U
28669,-61.57479666158926,15.545388309147038,200.0,200.0,U
28670,-61.570280538898594,15.544528079221884,200.0,200.0,U
28671,-61.573493451856976,15.54791170499016,200.0,200.0,U
28672,-61.5715780006261,15.546427691765805,200.0,200.0,U
28673,-61.57402721927835,15.545494705640579,200.0,200.0,U
28674,-61.572411380232445,15.546456931005682,200.0,200.0,U
28675,-61.57095732235238,15.546468523239412,200.0,200.0,U
28676,-61.57333133353793,15.545684294074029,200.0,200.0,U
28677,-61.571985648710466,15.547056699523726,200.0,200.0,U
28678,-61.57399648011103,15.548177341155027,200.0,200.0,U
28679,-61.574240296603904,15.545077120246876,200.0,200.0,U
28680,-61.57224131467206,15.544441992220456,200.0,200.0,U
28681,-61.574885986038446,15.546579660171457,200.0,200.0,U
28682,-61.57272778703007,15.543296314845998,200.0,200.0,U
28683,-61.57338533339614,15.54398683436928,200.0,200.0,U
28684,-61.57362777778782,15.545024904929589,200.0,200.0,U
28685,-61.576756349070564,15.545213134481596,200.0,200.0,U
28686,-61.57335237728697,15.545639136363652,200.0,200.0,U
28687,-61.57403875646701,15.545309726120834,200.0,200.0,U
28688,-61.57347749892644,15.545583409953814,200.0,200.0,U
28689,-61.57608647232712,15.546705606955932,200.0,200.0,U
28690,-61.573945225455994,15.546951982469398,200.0,200.0,U
28691,-61.57267744492859,15.544693320321585,200.0,200.0,U
28692,-61.57344224811576,15.545772979276325,200.0,200.0,U
28693,-61.570811357886726,15.54311037470632,200.0,200.0,U
28694,-61.573494176559066,15.54553073229411,200.0,200.0,U
28695,-61.572769960276766,15.545918686877787,200.0,200.0,U
28696,-61.5717964363103,15.545494169567569,200.0,200.0,U
28697,-61.57311974079892,15.542117765762821,200.0,200.0,U
28698,-61.57307373333335,15.545216899966837,200.0,200.0,U
28699,-61.57311661941008,15.544507208944234,200.0,200.0,U
28700,-61.57139372342231,15.544777643640407,200.0,200.0,U
28701,-61.574535230057,15.545663053816378,200.0,200.0,U
28702,-61.573447601498245,15.545309530068804,200.0,200.0,U
28703,-61.573550879467476,15.545508883697966,200.0,200.0,U
28704,-61.57325528668632,15.546773300601272,200.0,200.0,U
28705,-61.57426784650536,15.544236423402815,200.0,200.0,U
28706,-61.57336961317495,15.545459693525984,200.0,200.0,U
28707,-61.573539534627386,15.544900163112647,200.0,200.0,U
28708,-61.574281126514165,15.544704721374762,200.0,200.0,U
28709,-61.56986721146699,15.545170234311437,200.0,200.0,U
28710,-61.57509222489368,15.544379286826405,200.0,200.0,U
28711,-61.573534863483374,15.545568596915706,200.0,200.0,U
28712,-61.57492262089417,15.545191886270542,200.0,200.0,U
28713,-61.572318050333465,15.545185130758538,200.0,200.0,U
28714,-61.573835790441066,15.545726712591646,200.0,200.0,U
28715,-61.57690930816078,15.545342921693978,200.0,200.0,U
28716,-61.57441339180575,15.54660680075787,200.0,200.0,U
28717,-61.5733553724369,15.54618790548594,200.0,200.0,U
28718,-61.57232530286782,15.544841764843271,200.0,200.0,U
28719,-61.5752238126056,15.543730111417235,200.0,200.0,U
28720,-61.57362492315526,15.546489122076508,200.0,200.0,U
28721,-61.57274075955782,15.543847152294441,200.0,200.0,U
28722,-61.57372562053069,15.545575874046959,200.0,200.0,U
28723,-61.571865216302776,15.547307786821557,200.0,200.0,U
28724,-61.573257339356495,15.547263570869621,200.0,200.0,U
28725,-61.573619015996634,15.545595930533127,200.0,200.0,U
28726,-61.57467897645722,15.544257459213123,200.0,200.0,U
28727,-61.57395130284252,15.54661463549925,200.0,200.0,U
28728,-61.57216717814655,15.544007230877144,200.0,200.0,U
28729,-61.574012072832275,15.546183055499831,200.0,200.0,U
28730,-61.5732603796866,15.545597219604558,200.0,200.0,U
28731,-61.57275462189437,15.545080560452513,200.0,200.0,U
28732,-61.57364538609587,15.544768048803384,200.0,200.0,U
28733,-61.573107339851575,15.54153709286149,200.0,200.0,U
28734,-61.57403291990833,15.545563741614608,200.0,200.0,U
28735,-61.573430995021404,15.544617148881542,200.0,200.0,U
28736,-61.57358026689919,15.545299128100302,200.0,200.0,U
28737,-61.57349364519277,15.5458271423602,200.0,200.0,U
28738,-61.57377010152018,15.545052815874229,200.0,200.0,U
28739,-61.57541855963731,15.546118871632753,200.0,200.0,U
28740,-61.57515402377458,15.544071268447103,200.0,200.0,U
28741,-61.57249036423666,15.54728129867519,200.0,200.0,U
28742,-61.57475828288875,15.546347876764697,200.0,200.0,U
28743,-61.57436859949422,15.54666731123412,200.0,200.0,U
28744,-61.5726259095613,15.546881995849477,200.0,200.0,U
28745,-61.57368466648808,15.54540463543006,200.0,200.0,U
28746,-61.57358830979173,15.54535250874611,200.0,200.0,U
28747,-61.57217626621625,15.544561125267375,200.0,200.0,U
28748,-61.57309856164371,15.544646424832452,200.0,200.0,U
28749,-61.573184989968276,15.547191508336505,200.0,200.0,U
28750,-61.5772549880669,15.54402412676113,200.0,200.0,U
28751,-61.57380557108072,15.545089953658936,200.0,200.0,U
28752,-61.57610472913978,15.546569745133235,200.0,200.0,U
28753,-61.574090593092876,15.541600299389696,200.0,200.0,U
28754,-61.57609934013438,15.547437529723673,200.0,200.0,U
28755,-61.57384027204322,15.54537194418031,200.0,200.0,U
28756,-61.5743339354868,15.544324847249444,200.0,200.0,U
28757,-61.572545445553544,15.543827884752394,200.0,200.0,U
28758,-61.57417387824288,15.544586880666396,200.0,200.0,U
28759,-61.57367696505418,15.545327633264689,200.0,200.0,U
28760,-61.57571516071548,15.544084384831045,200.0,200.0,U
28761,-61.573269648208125,15.544863604945808,200.0,200.0,U
28762,-61.573830305135886,15.542561851998826,200.0,200.0,U
28763,-61.573943942998675,15.54537932736091,200.0,200.0,U
28764,-61.576717290600364,15.546549048743646,200.0,200.0,U
28765,-61.57417206318452,15.542082817030314,200.0,200.0,U
28766,-61.57412383248622,15.544915017581701,200.0,200.0,U
28767,-61.575025800472396,15.546321079229058,200.0,200.0,U
28768,-61.57449802339112,15.545266464431874,200.0,200.0,U
28769,-61.57414597207552,15.545197960642929,200.0,200.0,U
28770,-61.57311730661666,15.544368552475577,200.0,200.0,U
28771,-61.57415504248307,15.546167557386212,200.0,200.0,U
28772,-61.57606468978503,15.54441447932772,200.0,200.0,U
28773,-61.574177306969844,15.543768410040911,200.0,200.0,U
28774,-61.57410124771717,15.545058813859555,200.0,200.0,U
28775,-61.57364117280235,15.545940716858825,200.0,200.0,U
28776,-61.5766676557419,15.545247806542266,200.0,200.0,U
28777,-61.573931355493734,15.543450508294427,200.0,200.0,U
28778,-61.57458827195573,15.545970000471065,200.0,200.0,U
28779,-61.57377312921008,15.545401960694711,200.0,200.0,U
28780,-61.57482094181387,15.545397977653954,200.0,200.0,U
28781,-61.57460846341649,15.543927729015213,200.0,200.0,U
28782,-61.574260321030614,15.545222830917314,200.0,200.0,U
28783,-61.57411977760579,15.545051581547927,200.0,200.0,U
28784,-61.57415035341415,15.544978095890837,200.0,200.0,U
28785,-61.57452259633316,15.54502306881088,200.0,200.0,U
28786,-61.57617995118066,15.545902693587603,200.0,200.0,U
28787,-61.57392260301173,15.546793658685388,200.0,200.0,U
28788,-61.57338329038898,15.54488655478854,200.0,200.0,U
28789,-61.5744870113673,15.548084687733803,200.0,200.0,U
28790,-61.571149172815716,15.544162369131424,200.0,200.0,U
28791,-61.57528182269206,15.545415054533937,200.0,200.0,U
28792,-61.57350188892822,15.546309352880662,200.0,200.0,U
28793,-61.57457646909271,15.544733408533636,200.0,200.0,U
28794,-61.57440005225039,15.54513078347201,200.0,200.0,U
28795,-61.5755517672875,15.543197267255323,200.0,200.0,U
28796,-61.573606091890554,15.546502930166804,200.0,200.0,U
28797,-61.57348139550502,15.5451241942146,200.0,200.0,U
28798,-61.57273132131592,15.546446867526917,200.0,200.0,U
28799,-61.57476454513303,15.545202192760268,200.0,200.0,U
28800,-61.57398244540527,15.549384760726854,200.0,200.0,U
28801,-61.574034982476135,15.544645751752437,200.0,200.0,U
28802,-61.57398327539349,15.5450909424177,200.0,200.0,U
28803,-61.57597823424205,15.545578003612686,200.0,200.0,U
28804,-61.574855973320226,15.545691364924249,200.0,200.0,U
28805,-61.57472024484483,15.545257590033106,200.0,200.0,U
28806,-61.57460810284432,15.545769390919943,200.0,200.0,U
28807,-61.57302258376881,15.545150391366002,200.0,200.0,U
28808,-61.57424132148064,15.54502474389718,200.0,200.0,U
28809,-61.57420720404424,15.545027946289006,200.0,200.0,U
28810,-61.573255821107125,15.54345133008114,200.0,200.0,U
28811,-61.572679453807666,15.544440543221077,200.0,200.0,U
28812,-61.576515825352196,15.544255833123618,200.0,200.0,U
28813,-61.574283013047875,15.545120558796052,200.0,200.0,U
28814,-61.57640999299634,15.545966483066477,200.0,200.0,U
28815,-61.57562465820704,15.540331540394247,200.0,200.0,U
28816,-61.57464133960349,15.545238104221749,200.0,200.0,U
28817,-61.57372798954867,15.543450175939366,200.0,200.0,U
28818,-61.57432141701212,15.545176470624478,200.0,200.0,U
28819,-61.57483420347362,15.545099054288785,200.0,200.0,U
28820,-61.574363048401615,15.544909445042551,200.0,200.0,U
28821,-61.573346091280136,15.545365660891791,200.0,200.0,U
28822,-61.57550340192118,15.544917929000727,200.0,200.0,U
28823,-61.575916464848255,15.542750469638872,200.0,200.0,U
28824,-61.571069378307094,15.544738164723249,200.0,200.0,U
28825,-61.57480896288423,15.544636133971036,200.0,200.0,U
28826,-61.5731459958885,15.545291317960471,200.0,200.0,U
28827,-61.57518128238319,15.544630615962616,200.0,200.0,U
28828,-61.57535867479691,15.546488525144063,200.0,200.0,U
28829,-61.57402976342262,15.546011451443555,200.0,200.0,U
28830,-61.57334550266319,15.543105930511908,200.0,200.0,U
28831,-61.574631063553795,15.544023314419011,200.0,200.0,U
28832,-61.57491002296589,15.546176162635762,200.0,200.0,U
28833,-61.57546130094572,15.545283901416116,200.0,200.0,U
28834,-61.57273521426266,15.543648400503336,200.0,200.0,U
28835,-61.57231160143352,15.547345873003135,200.0,200.0,U
28836,-61.57455621498783,15.544291671521945,200.0,200.0,U
28837,-61.57471492869221,15.54480606353786,200.0,200.0,U
28838,-61.576016937226804,15.54404148991201,200.0,200.0,U
28839,-61.57406808642973,15.544565671118157,200.0,200.0,U
28840,-61.57685669953555,15.548716201569128,200.0,200.0,U
28841,-61.57312804603891,15.54395199621533,200.0,200.0,U
28842,-61.57777246825239,15.543073849659692,200.0,200.0,U
28843,-61.57403568447843,15.545557828183334,200.0,200.0,U
28844,-61.57434721439921,15.546994708562197,200.0,200.0,U
28845,-61.57401763393337,15.54333014658864,200.0,200.0,U
28846,-61.57458961715662,15.54651551554596,200.0,200.0,U
28847,-61.574440706296095,15.544399562769073,200.0,200.0,U
28848,-61.57444499819108,15.54350860289786,200.0,200.0,U
28849,-61.57399439207884,15.54452399457252,200.0,200.0,U
28850,-61.57698215612144,15.543416095575267,200.0,200.0,U
28851,-61.57208581476855,15.545335987581858,200.0,200.0,U
28852,-61.57416898410258,15.544969765169943,200.0,200.0,U
28853,-61.57448710179644,15.543847159817494,200.0,200.0,U
28854,-61.57457276416756,15.544826097871894,200.0,200.0,U
28855,-61.574504936007436,15.544800920926413,200.0,200.0,U
28856,-61.57521894379553,15.543968061445378,200.0,200.0,U
28857,-61.573583434778286,15.54531945123427,200.0,200.0,U
28858,-61.57500930804207,15.544469136502027,200.0,200.0,U
28859,-61.57311716609563,15.544864307108238,200.0,200.0,U
28860,-61.575375390114914,15.545211930542616,200.0,200.0,U
28861,-61.572473770146914,15.545295682782124,200.0,200.0,U
28862,-61.57561567269265,15.544654456014607,200.0,200.0,U
28863,-61.57403037351786,15.544379388376097,200.0,200.0,U
28864,-61.574629921898975,15.544834588387692,200.0,200.0,U
28865,-61.57392684088321,15.54214422502787,200.0,200.0,U
28866,-61.57462248173949,15.546534963970414,200.0,200.0,U
28867,-61.575564355154626,15.543233667670679,200.0,200.0,U
28868,-61.5753134888375,15.54437890162864,200.0,200.0,U
28869,-61.573375227223664,15.547586187971762,200.0,200.0,U
28870,-61.57509566647928,15.546558424351039,200.0,200.0,U
28871,-61.572345149848225,15.547781459979634,200.0,200.0,U
28872,-61.575946720264064,15.546251435709733,200.0,200.0,U
28873,-61.57439953469838,15.544529029191864,200.0,200.0,U
28874,-61.57285607741524,15.544966189135042,200.0,200.0,U
28875,-61.57482395343205,15.54465297045982,200.0,200.0,U
28876,-61.57478520298135,15.544894634690209,200.0,200.0,U
28877,-61.57500789595479,15.544900269104428,200.0,200.0,U
28878,-61.57618542818186,15.54314773690609,200.0,200.0,U
28879,-61.57434042264002,15.54435114706626,200.0,200.0,U
28880,-61.57434249622367,15.54682510216506,200.0,200.0,U
28881,-61.57638933659085,15.54130983732304,200.0,200.0,U
28882,-61.574976203415396,15.54516521293362,200.0,200.0,U
28883,-61.574635109130895,15.5450657215395,200.0,200.0,U
28884,-61.57479823574058,15.543821878812402,200.0,200.0,U
28885,-61.57389496032291,15.543717020315723,200.0,200.0,U
28886,-61.57431766516343,15.544293291123486,200.0,200.0,U
28887,-61.57351372721485,15.545585585755845,200.0,200.0,U
28888,-61.573003625273955,15.547816983525259,200.0,200.0,U
28889,-61.575985540096994,15.544445803298027,200.0,200.0,U
28890,-61.57260204822646,15.54546229164651,200.0,200.0,U
28891,-61.575552094511224,15.545808666011606,200.0,200.0,U
28892,-61.5749122135413,15.544657992740825,200.0,200.0,U
28893,-61.57307270251575,15.546304384157082,200.0,200.0,U
28894,-61.575787448717165,15.544821100180677,200.0,200.0,U
28895,-61.57495697196708,15.545756007795818,200.0,200.0,U
28896,-61.5749166510099,15.544257336210855,200.0,200.0,U
28897,-61.57221581686393,15.544985061989426,200.0,200.0,U
28898,-61.57475012503931,15.544068826768932,200.0,200.0,U
28899,-61.574155176742615,15.545731813640124,200.0,200.0,U
28900,-61.57342682211457,15.545397732308983,200.0,200.0,U
28901,-61.576384072119204,15.54326223709846,200.0,200.0,U
28902,-61.57507121581406,15.541453042869607,200.0,200.0,U
28903,-61.57510802368561,15.543348098062083,200.0,200.0,U
28904,-61.57485039001651,15.544102221022552,200.0,200.0,U
28905,-61.57176558777456,15.545756623979305,200.0,200.0,U
28906,-61.57372595459447,15.543801740816534,200.0,200.0,U
28907,-61.57517332577423,15.54573479788844,200.0,200.0,U
28908,-61.57476689727226,15.544073722702802,200.0,200.0,U
28909,-61.57499169674422,15.543664649411253,200.0,200.0,U
28910,-61.57403060232966,15.545715806645147,200.0,200.0,U
28911,-61.575416716361275,15.544401416914281,200.0,200.0,U
28912,-61.57697422228155,15.543910285601374,200.0,200.0,U
28913,-61.574861505488606,15.544500400278386,200.0,200.0,U
28914,-61.57615208391096,15.546610655916787,200.0,200.0,U
28915,-61.57564136144066,15.546819104052874,200.0,200.0,U
28916,-61.57448420671326,15.544423137345174,200.0,200.0,U
28917,-61.57454188481793,15.5457551299404,200.0,200.0,U
28918,-61.576304111661145,15.545478946037212,200.0,200.0,U
28919,-61.575230864146775,15.54301647304631,200.0,200.0,U
28920,-61.577815939456784,15.543382585837962,200.0,200.0,U
28921,-61.5763541387364,15.542495085980061,200.0,200.0,U
28922,-61.574942992641546,15.543738625734475,200.0,200.0,U
28923,-61.57434617549936,15.545035833496032,200.0,200.0,U
28924,-61.57211714134993,15.543074724038629,200.0,200.0,U
28925,-61.57336238344482,15.543201884920697,200.0,200.0,U
28926,-61.574321683215096,15.544655738934724,200.0,200.0,U
28927,-61.575162213516805,15.544587662539941,200.0,200.0,U
28928,-61.57377274584151,15.54448620164864,200.0,200.0,U
28929,-61.57565459268614,15.544223121213474,200.0,200.0,U
28930,-61.58031247283656,15.541461237540277,200.0,200.0,U
28931,-61.57417047605757,15.543371970187067,200.0,200.0,U
28932,-61.5750288049738,15.547332190336675,200.0,200.0,U
28933,-61.57519883678283,15.544462684511759,200.0,200.0,U
28934,-61.575277759719604,15.544129945236298,200.0,200.0,U
28935,-61.57478251089251,15.544667721093338,200.0,200.0,U
28936,-61.57489070542603,15.545556518652099,200.0,200.0,U
28937,-61.574966001751164,15.543435838824042,200.0,200.0,U
28938,-61.57467760272357,15.542809796456616,200.0,200.0,U
28939,-61.577192654589076,15.544895748065006,200.0,200.0,U
28940,-61.57600017997664,15.543693220834907,200.0,200.0,U
28941,-61.577046114049224,15.544526390867565,200.0,200.0,U
28942,-61.57480898167273,15.544351058453739,200.0,200.0,U
28943,-61.57531815488653,15.545127598579436,200.0,200.0,U
28944,-61.5750642156721,15.54376197459528,200.0,200.0,U
28945,-61.57393995009861,15.546404420068333,200.0,200.0,U
28946,-61.57468577464787,15.54585035832338,200.0,200.0,U
28947,-61.57327171676341,15.544130287302076,200.0,200.0,U
28948,-61.57466595767101,15.544244331596012,200.0,200.0,U
28949,-61.575945716483695,15.54461764862819,200.0,200.0,U
28950,-61.57666392622583,15.543038072421586,200.0,200.0,U
28951,-61.57485712778642,15.541825931459652,200.0,200.0,U
28952,-61.576429640002885,15.54405554620921,200.0,200.0,U
28953,-61.57524940686957,15.543578289147595,200.0,200.0,U
28954,-61.574879043732636,15.544028614651221,200.0,200.0,U
28955,-61.574598993837874,15.544014108194277,200.0,200.0,U
28956,-61.5749565429115,15.545117806363221,200.0,200.0,U
28957,-61.574754091820864,15.544634520535151,200.0,200.0,U
28958,-61.57316306160036,15.542280807040203,200.0,200.0,U
28959,-61.57565894226821,15.544029428722947,200.0,200.0,U
28960,-61.57582750555656,15.541786001952467,200.0,200.0,U
28961,-61.57369759530544,15.543223747864321,200.0,200.0,U
28962,-61.57857710009473,15.545190859317191,200.0,200.0,U
28963,-61.57405997035276,15.545209050584111,200.0,200.0,U
28964,-61.576457213677166,15.54388520393484,200.0,200.0,U
28965,-61.57740299422896,15.545960513758176,200.0,200.0,U
28966,-61.57682124354491,15.544005999565782,200.0,200.0,U
28967,-61.57617752304235,15.54244682709663,200.0,200.0,U
28968,-61.57655723923499,15.54832090815196,200.0,200.0,U
28969,-61.575136921146296,15.544135044697072,200.0,200.0,U
28970,-61.57514564032007,15.543509419920413,200.0,200.0,U
28971,-61.57756888416343,15.543389687973294,200.0,200.0,U
28972,-61.575304816722145,15.54031212315145,200.0,200.0,U
28973,-61.573266377608775,15.541369424267216,200.0,200.0,U
28974,-61.5767032019972,15.544202018725853,200.0,200.0,U
28975,-61.575204793235535,15.544628550525113,200.0,200.0,U
28976,-61.57503604578157,15.544542287124834,200.0,200.0,U
28977,-61.575595867885006,15.543797042137456,200.0,200.0,U
28978,-61.57753494545582,15.544247599830186,200.0,200.0,U
28979,-61.577446761141644,15.541542395694211,200.0,200.0,U
28980,-61.57539771426773,15.544225835639146,200.0,200.0,U
28981,-61.579482159771125,15.539753696001664,200.0,200.0,U
28982,-61.57546567714054,15.544655079452276,200.0,200.0,U
28983,-61.57439337148064,15.54246280215724,200.0,200.0,U
28984,-61.57556563446463,15.545149277351026,200.0,200.0,U
28985,-61.57787202700411,15.547417437744047,200.0,200.0,U
28986,-61.575235562776605,15.544398933276625,200.0,200.0,U
28987,-61.5761777349175,15.5471648529093,200.0,200.0,U
28988,-61.57704107722101,15.545238690498609,200.0,200.0,U
28989,-61.57390541615434,15.542462905358713,200.0,200.0,U
28990,-61.573623987386945,15.544579723188887,200.0,200.0,U
28991,-61.57637456598369,15.543869226509438,200.0,200.0,U
28992,-61.57620610160179,15.547186930861866,200.0,200.0,U
28993,-61.576977858062506,15.542585149041225,200.0,200.0,U
28994,-61.5737065729712,15.54490759952298,200.0,200.0,U
28995,-61.573440472637195,15.544646195162867,200.0,200.0,U
28996,-61.57535871826216,15.543826037199569,200.0,200.0,U
28997,-61.57420723793506,15.542920411421905,200.0,200.0,U
28998,-61.57555392650589,15.542631409766852,200.0,200.0,U
28999,-61.576332451653315,15.544218597936405,200.0,200.0,U
29000,-61.5760051241982,15.54294207523136,200.0,200.0,U
29001,-61.57452503889919,15.54359294768766,200.0,200.0,U
29002,-61.577674698619745,15.545187333386819,200.0,200.0,U
29003,-61.576158355504965,15.544424864373847,200.0,200.0,U
29004,-61.57532945611253,15.54416715650603,200.0,200.0,U
29005,-61.575686832441825,15.543805361967333,200.0,200.0,U
29006,-61.57353015597477,15.544346056289434,200.0,200.0,U
29007,-61.5755653943365,15.544108727349986,200.0,200.0,U
29008,-61.57608260871386,15.544177079660367,200.0,200.0,U
29009,-61.57673385960962,15.543979568831526,200.0,200.0,U
29010,-61.5745621327883,15.545911015197595,200.0,200.0,U
29011,-61.57682402069678,15.545890212657998,200.0,200.0,U
29012,-61.574170535423725,15.543339715345182,200.0,200.0,U
29013,-61.57588021538617,15.544032500133387,200.0,200.0,U
29014,-61.57333430538187,15.544535830982806,200.0,200.0,U
29015,-61.57517176101849,15.543519540644091,200.0,200.0,U
29016,-61.5754472924003,15.545452310780277,200.0,200.0,U
29017,-61.573456032375546,15.54501736024665,200.0,200.0,U
29018,-61.576997765058266,15.545307453162339,200.0,200.0,U
29019,-61.577336142185,15.542172891869281,200.0,200.0,U
29020,-61.57586576964932,15.54438947742385,200.0,200.0,U
29021,-61.57582753919795,15.544959766363837,200.0,200.0,U
29022,-61.57569145421629,15.543919732130234,200.0,200.0,U
29023,-61.575675604848264,15.54255623267721,200.0,200.0,U
29024,-61.57656349913506,15.544968440827535,200.0,200.0,U
29025,-61.57643794007787,15.544771731316363,200.0,200.0,U
29026,-61.57567713432546,15.542968019519055,200.0,200.0,U
29027,-61.57580003206568,15.543954284501796,200.0,200.0,U
29028,-61.575379199549765,15.542078280137424,200.0,200.0,U
29029,-61.57776077838868,15.543666317837372,200.0,200.0,U
29030,-61.57590362703233,15.544049630453504,200.0,200.0,U
29031,-61.57597330245046,15.54373684138659,200.0,200.0,U
29032,-61.57656408030039,15.5461194741824,200.0,200.0,U
29033,-61.573578419513424,15.541115633174405,200.0,200.0,U
29034,-61.576001018303316,15.543425731603167,200.0,200.0,U
29035,-61.57421931992529,15.540691132105481,200.0,200.0,U
29036,-61.57625638273014,15.543190118950296,200.0,200.0,U
29037,-61.57452076256805,15.544039312090565,200.0,200.0,U
29038,-61.57551605327273,15.544213697018426,200.0,200.0,U
29039,-61.57620727351985,15.544645837318177,200.0,200.0,U
29040,-61.5754409958542,15.54461163467368,200.0,200.0,U
29041,-61.57714404354794,15.543890768705348,200.0,200.0,U
29042,-61.57439473220275,15.54408924450492,200.0,200.0,U
29043,-61.57752593726216,15.542640578058377,200.0,200.0,U
29044,-61.575948146231994,15.544358765734366,200.0,200.0,U
29045,-61.575910502994724,15.543449931003414,200.0,200.0,U
29046,-61.575368282516315,15.54315158550288,200.0,200.0,U
29047,-61.575902293113074,15.542736145118253,200.0,200.0,U
29048,-61.575945653942654,15.543513940212726,200.0,200.0,U
29049,-61.57574084805398,15.54400499377498,200.0,200.0,U
29050,-61.576532906880026,15.544230573043913,200.0,200.0,U
29051,-61.57639271595475,15.543961313659631,200.0,200.0,U
29052,-61.5778372285516,15.54410713843904,200.0,200.0,U
29053,-61.57607124065617,15.543555396781072,200.0,200.0,U
29054,-61.576303994957826,15.544504291017123,200.0,200.0,U
29055,-61.5752460827204,15.543672990170784,200.0,200.0,U
29056,-61.57608141712719,15.543729109972753,200.0,200.0,U
29057,-61.576307664768635,15.543733437535609,200.0,200.0,U
29058,-61.57617314962178,15.544728581258546,200.0,200.0,U
29059,-61.575919510191866,15.546388361697037,200.0,200.0,U
29060,-61.5756824828613,15.543937109879097,200.0,200.0,U
29061,-61.5773807162593,15.545123977304689,200.0,200.0,U
29062,-61.57591775425551,15.543805550307127,200.0,200.0,U
29063,-61.57543103755716,15.543808265313453,200.0,200.0,U
29064,-61.576086982089855,15.543599540987405,200.0,200.0,U
29065,-61.576856117092184,15.544039671571749,200.0,200.0,U
29066,-61.57867508830956,15.543573931924591,200.0,200.0,U
29067,-61.57476208110779,15.542853802049335,200.0,200.0,U
29068,-61.5729647896554,15.54521956655218,200.0,200.0,U
29069,-61.576209350285424,15.543453553540461,200.0,200.0,U
29070,-61.574506781557204,15.543600509638203,200.0,200.0,U
29071,-61.574788341259186,15.543576918922403,200.0,200.0,U
29072,-61.575822445998796,15.54368759333007,200.0,200.0,U
29073,-61.57626293214427,15.545388787364464,200.0,200.0,U
29074,-61.57626356807069,15.543194887923917,200.0,200.0,U
29075,-61.57557277758287,15.543620612833998,200.0,200.0,U
29076,-61.5777619039378,15.543905372936155,200.0,200.0,U
29077,-61.57576855075557,15.542281613088042,200.0,200.0,U
29078,-61.575180156518265,15.543723087949648,200.0,200.0,U
29079,-61.57932287741354,15.545405448475726,200.0,200.0,U
29080,-61.575583398360905,15.54428437340273,200.0,200.0,U
29081,-61.57465545770242,15.544316720759369,200.0,200.0,U
29082,-61.57498040617824,15.544818091905642,200.0,200.0,U
29083,-61.57478106177287,15.545603136834137,200.0,200.0,U
29084,-61.576042256852894,15.543555092170743,200.0,200.0,U
29085,-61.57573347286777,15.541161959278032,200.0,200.0,U
29086,-61.57619297031669,15.543373112231006,200.0,200.0,U
29087,-61.57397221382517,15.544570229679474,200.0,200.0,U
29088,-61.57766976474242,15.545550225819417,200.0,200.0,U
29089,-61.576162000179096,15.543050342131865,200.0,200.0,U
29090,-61.576112153063455,15.542584722609853,200.0,200.0,U
29091,-61.5770648381523,15.54292040106517,200.0,200.0,U
29092,-61.57529272794532,15.541652114829601,200.0,200.0,U
29093,-61.576302865407335,15.54366602841174,200.0,200.0,U
29094,-61.57629794774175,15.54286893944311,200.0,200.0,U
29095,-61.574788928023,15.544445316965515,200.0,200.0,U
29096,-61.57543169422912,15.543066527490318,200.0,200.0,U
29097,-61.57598252888309,15.54350403557975,200.0,200.0,U
29098,-61.57370808284101,15.542698446047366,200.0,200.0,U
29099,-61.576558720683586,15.543285433955338,200.0,200.0,U
29100,-61.57687735842562,15.541643041947488,200.0,200.0,U
29101,-61.57492266892298,15.540519859572884,200.0,200.0,U
29102,-61.577063200819424,15.543842666769596,200.0,200.0,U
29103,-61.577205566079684,15.543600416516306,200.0,200.0,U
29104,-61.57652194190994,15.543532188675654,200.0,200.0,U
29105,-61.57649688235275,15.543359810286743,200.0,200.0,U
29106,-61.57766380002438,15.542927246072743,200.0,200.0,U
29107,-61.57870847441858,15.544476651966018,200.0,200.0,U
29108,-61.57600359708384,15.543726553572705,200.0,200.0,U
29109,-61.576376707963675,15.541593237628119,200.0,200.0,U
29110,-61.575589467290605,15.545881142908112,200.0,200.0,U
29111,-61.57569786612834,15.54704382679632,200.0,200.0,U
29112,-61.57805643764237,15.543387544607853,200.0,200.0,U
29113,-61.5774182041322,15.54207143318787,200.0,200.0,U
29114,-61.575993576826356,15.544018868007974,200.0,200.0,U
29115,-61.57633912203924,15.545679989795502,200.0,200.0,U
29116,-61.576740232329506,15.543380922905149,200.0,200.0,U
29117,-61.573582238331824,15.54029747930511,200.0,200.0,U
29118,-61.576635922062806,15.543764463063537,200.0,200.0,U
29119,-61.5774431662022,15.543339368646834,200.0,200.0,U
29120,-61.57599766871753,15.542880600874978,200.0,200.0,U
29121,-61.574118660746116,15.542442026296472,200.0,200.0,U
29122,-61.576860006563955,15.545341547834905,200.0,200.0,U
29123,-61.57657008683002,15.543186290385329,200.0,200.0,U
29124,-61.576258359780844,15.543508952158636,200.0,200.0,U
29125,-61.576929486847924,15.544762597923743,200.0,200.0,U
29126,-61.57564402903446,15.542425276871985,200.0,200.0,U
29127,-61.577722631338844,15.543724534023129,200.0,200.0,U
29128,-61.576767899010854,15.543447995480275,200.0,200.0,U
29129,-61.57659169313584,15.544243431974422,200.0,200.0,U
29130,-61.576427102499515,15.54355094639965,200.0,200.0,U
29131,-61.57746142871977,15.542872829658629,200.0,200.0,U
29132,-61.58030234407716,15.545767770169196,200.0,200.0,U
29133,-61.576930677731674,15.545282769569258,200.0,200.0,U
29134,-61.57717081532135,15.5441683378372,200.0,200.0,U
29135,-61.57701889006828,15.54291993989591,200.0,200.0,U
29136,-61.57704793509626,15.543772981540247,200.0,200.0,U
29137,-61.57677022968033,15.543743466291524,200.0,200.0,U
29138,-61.57664113046831,15.544061878944117,200.0,200.0,U
29139,-61.57933315223236,15.544375040728676,200.0,200.0,U
29140,-61.57755499457739,15.542486028890373,200.0,200.0,U
29141,-61.57629027221014,15.543835216904945,200.0,200.0,U
29142,-61.577496625528745,15.544059508418448,200.0,200.0,U
29143,-61.57723922211291,15.54239158214083,200.0,200.0,U
29144,-61.576550860950604,15.54181645713342,200.0,200.0,U
29145,-61.57660186348468,15.54345989990484,200.0,200.0,U
29146,-61.57509293826689,15.540909147880575,200.0,200.0,U
29147,-61.578670985875526,15.541399187322382,200.0,200.0,U
29148,-61.57716269702063,15.543067084016196,200.0,200.0,U
29149,-61.57749236488641,15.54235133672964,200.0,200.0,U
29150,-61.58107870098707,15.540700464354483,200.0,200.0,U
29151,-61.57661853836733,15.542869577790004,200.0,200.0,U
29152,-61.57701035003817,15.544286822788726,200.0,200.0,U
29153,-61.57695937704424,15.544310254134414,200.0,200.0,U
29154,-61.57491114805877,15.541827160284566,200.0,200.0,U
29155,-61.576359387461764,15.543205631431483,200.0,200.0,U
29156,-61.575850586311645,15.543888616371115,200.0,200.0,U
29157,-61.57720039507369,15.543096905212417,200.0,200.0,U
29158,-61.5781498700387,15.544029119161078,200.0,200.0,U
29159,-61.57667204183603,15.542476212270868,200.0,200.0,U
29160,-61.57695532307311,15.543444716832658,200.0,200.0,U
29161,-61.57805550395659,15.54176180875588,200.0,200.0,U
29162,-61.58113086257243,15.542283102772613,200.0,200.0,U
29163,-61.57553262782773,15.543203354187998,200.0,200.0,U
29164,-61.576914432124084,15.542964143848955,200.0,200.0,U
29165,-61.576831854642656,15.5432490550038,200.0,200.0,U
29166,-61.57459020668995,15.54387699947628,200.0,200.0,U
29167,-61.57394481496681,15.54541076359963,200.0,200.0,U
29168,-61.578191480411405,15.542263110672316,200.0,200.0,U
29169,-61.57787093361061,15.54281480989927,200.0,200.0,U
29170,-61.575026819159234,15.54343877152775,200.0,200.0,U
29171,-61.57741109838144,15.541178588195644,200.0,200.0,U
29172,-61.57686505725364,15.54481152721562,200.0,200.0,U
29173,-61.577213052152345,15.54323040550762,200.0,200.0,U
29174,-61.576114985268724,15.543385855823526,200.0,200.0,U
29175,-61.57663223442978,15.542058090260518,200.0,200.0,U
29176,-61.577073957906016,15.543302797795013,200.0,200.0,U
29177,-61.57648311814108,15.543108705944086,200.0,200.0,U
29178,-61.57654829490824,15.542607348918331,200.0,200.0,U
29179,-61.577220014030196,15.542480743833474,200.0,200.0,U
29180,-61.57816304774239,15.544064376031317,200.0,200.0,U
29181,-61.57818794721138,15.543436293223582,200.0,200.0,U
29182,-61.57753594607563,15.54272016821731,200.0,200.0,U
29183,-61.575353684426766,15.543986773100379,200.0,200.0,U
29184,-61.577829609604,15.54386743676703,200.0,200.0,U
29185,-61.575414537858514,15.545414870599801,200.0,200.0,U
29186,-61.57627397541101,15.54079685376778,200.0,200.0,U
29187,-61.57717509595189,15.542507897862654,200.0,200.0,U
29188,-61.57724599957402,15.541513586071776,200.0,200.0,U
29189,-61.5761224901705,15.542799523015194,200.0,200.0,U
29190,-61.57715326886297,15.54312129214198,200.0,200.0,U
29191,-61.57696556479759,15.54233152628083,200.0,200.0,U
29192,-61.57416067441863,15.547878102065479,200.0,200.0,U
29193,-61.58057036590469,15.542632483867955,200.0,200.0,U
29194,-61.57701091829005,15.543970440977914,200.0,200.0,U
29195,-61.57691657373544,15.540293413279574,200.0,200.0,U
29196,-61.5767583578409,15.544446641766708,200.0,200.0,U
29197,-61.576222775166215,15.542063851568857,200.0,200.0,U
29198,-61.577037780555166,15.543649112100537,200.0,200.0,U
29199,-61.5768675975344,15.543323454240888,200.0,200.0,U
29200,-61.57621213514363,15.544620392899647,200.0,200.0,U
29201,-61.5780860164427,15.543004625431765,200.0,200.0,U
29202,-61.57817921773744,15.543054987466,200.0,200.0,U
29203,-61.576743138579474,15.5430930354524,200.0,200.0,U
29204,-61.57654854281158,15.54218520308993,200.0,200.0,U
29205,-61.57914329489371,15.5432960227046,200.0,200.0,U
29206,-61.57730493699948,15.542969695783874,200.0,200.0,U
29207,-61.57691039875073,15.54478730365535,200.0,200.0,U
29208,-61.57922785901314,15.545035997545858,200.0,200.0,U
29209,-61.57808372339505,15.54336759157347,200.0,200.0,U
29210,-61.57728596457448,15.54275330518111,200.0,200.0,U
29211,-61.576906026986535,15.54225804389475,200.0,200.0,U
29212,-61.57738701688527,15.542344525079688,200.0,200.0,U
29213,-61.57688888143682,15.54332689316051,200.0,200.0,U
29214,-61.57776341052628,15.543944420290169,200.0,200.0,U
29215,-61.57686786063651,15.54343362351874,200.0,200.0,U
29216,-61.57694120406602,15.542086215866917,200.0,200.0,U
29217,-61.574915779310146,15.54006877517183,200.0,200.0,U
29218,-61.577332434026474,15.541221654658761,200.0,200.0,U
29219,-61.57654690540045,15.542387415459597,200.0,200.0,U
29220,-61.57652357113959,15.540422406179774,200.0,200.0,U
29221,-61.57720799300952,15.542926626139915,200.0,200.0,U
29222,-61.57717903579523,15.542839352329349,200.0,200.0,U
29223,-61.57757999532084,15.542556441971179,200.0,200.0,U
29224,-61.57623801406592,15.542594568042492,200.0,200.0,U
29225,-61.579970933588875,15.541864970644175,200.0,200.0,U
29226,-61.5783272422385,15.54086201938881,200.0,200.0,U
29227,-61.57756061297268,15.54277028390667,200.0,200.0,U
29228,-61.57650032737272,15.543431499559828,200.0,200.0,U
29229,-61.57638081460118,15.54322507037652,200.0,200.0,U
29230,-61.57564856199077,15.541234066199529,200.0,200.0,U
29231,-61.5773925434547,15.542956512141588,200.0,200.0,U
29232,-61.57755634740148,15.545063400084064,200.0,200.0,U
29233,-61.57756439099915,15.542961097939619,200.0,200.0,U
29234,-61.576609275437434,15.54023189332396,200.0,200.0,U
29235,-61.57724603092375,15.542825385833595,200.0,200.0,U
29236,-61.57858251772967,15.545091608020707,200.0,200.0,U
29237,-61.57677743434988,15.54415600359555,200.0,200.0,U
29238,-61.57736859191087,15.542793378838246,200.0,200.0,U
29239,-61.57590473249432,15.542306606274385,200.0,200.0,U
29240,-61.578202694137524,15.542281511540228,200.0,200.0,U
29241,-61.57947056686677,15.538829452578502,200.0,200.0,U
29242,-61.577551312230526,15.542771837039151,200.0,200.0,U
29243,-61.57693222080477,15.542532851705834,200.0,200.0,U
29244,-61.57766810405148,15.543027618080599,200.0,200.0,U
29245,-61.5770787483239,15.543911537724142,200.0,200.0,U
29246,-61.57787435022443,15.540426314586707,200.0,200.0,U
29247,-61.577042432747575,15.543336518937556,200.0,200.0,U
29248,-61.576893048259876,15.542023174398045,200.0,200.0,U
29249,-61.578718851790335,15.539925879155462,200.0,200.0,U
29250,-61.5767443752768,15.544002289000145,200.0,200.0,U
29251,-61.575838400294614,15.540918234300202,200.0,200.0,U
29252,-61.576881190247676,15.542413265756615,200.0,200.0,U
29253,-61.57468026169093,15.543697280346358,200.0,200.0,U
29254,-61.57720298660709,15.543934007127673,200.0,200.0,U
29255,-61.578176593781386,15.541323240393847,200.0,200.0,U
29256,-61.57746015951178,15.54255092217353,200.0,200.0,U
29257,-61.57740739953619,15.54261041678506,200.0,200.0,U
29258,-61.57736886187529,15.543011288616933,200.0,200.0,U
29259,-61.5792984326146,15.542548202258876,200.0,200.0,U
29260,-61.57906899582373,15.539530893706756,200.0,200.0,U
29261,-61.577027787818444,15.54210743026458,200.0,200.0,U
29262,-61.57913964367236,15.543782979486764,200.0,200.0,U
29263,-61.57917851580621,15.545348263151933,200.0,200.0,U
29264,-61.57776174725629,15.543691220073487,200.0,200.0,U
29265,-61.57932643723466,15.542325225908067,200.0,200.0,U
29266,-61.577528674365794,15.542845858111637,200.0,200.0,U
29267,-61.57703971078469,15.542409405006486,200.0,200.0,U
29268,-61.57736730447376,15.542262723757558,200.0,200.0,U
29269,-61.577041781809065,15.540247886150809,200.0,200.0,U
29270,-61.577474165765366,15.542906324972455,200.0,200.0,U
29271,-61.577410986974016,15.542259395685692,200.0,200.0,U
29272,-61.57764330758558,15.542304864285477,200.0,200.0,U
29273,-61.57732690714101,15.544095216815746,200.0,200.0,U
29274,-61.576383604830966,15.546677892521485,200.0,200.0,U
29275,-61.576882907511425,15.543005067397619,200.0,200.0,U
29276,-61.57625897184078,15.542351238471158,200.0,200.0,U
29277,-61.57651037400428,15.544194521004055,200.0,200.0,U
29278,-61.577661146725866,15.54266325006945,200.0,200.0,U
29279,-61.58047718866228,15.541807419274173,200.0,200.0,U
29280,-61.5779870121123,15.537731767105186,200.0,200.0,U
29281,-61.577408028323255,15.542162108658504,200.0,200.0,U
29282,-61.5784102036713,15.540289625087535,200.0,200.0,U
29283,-61.577744070806006,15.542933916569842,200.0,200.0,U
29284,-61.57998856726811,15.5422934512578,200.0,200.0,U
29285,-61.57689401041037,15.541714548110086,200.0,200.0,U
29286,-61.57712686822354,15.543466297883118,200.0,200.0,U
29287,-61.57769271767101,15.542573583703852,200.0,200.0,U
29288,-61.57772350640302,15.542571925527565,200.0,200.0,U
29289,-61.57770517287842,15.542530987842287,200.0,200.0,U
29290,-61.577959546989874,15.54280799529836,200.0,200.0,U
29291,-61.57761781325558,15.542438131534212,200.0,200.0,U
29292,-61.57710847212359,15.540138493329414,200.0,200.0,U
29293,-61.57732523155935,15.541809636058991,200.0,200.0,U
29294,-61.57820206839663,15.540261407201523,200.0,200.0,U
29295,-61.57752424484374,15.543252089818631,200.0,200.0,U
29296,-61.57632248209879,15.542060471130677,200.0,200.0,U
29297,-61.57805053436253,15.542687235856524,200.0,200.0,U
29298,-61.57379840507896,15.539256080921511,200.0,200.0,U
29299,-61.57782904476558,15.546219995858682,200.0,200.0,U
29300,-61.5783327742725,15.542904224962447,200.0,200.0,U
29301,-61.578827264356654,15.542496109611777,200.0,200.0,U
29302,-61.57770752931828,15.542332217435428,200.0,200.0,U
29303,-61.578952737842116,15.542643491627652,200.0,200.0,U
29304,-61.57792316556694,15.5423550114209,200.0,200.0,U
29305,-61.57780440821696,15.54249998236398,200.0,200.0,U
29306,-61.57783572208352,15.541975666749856,200.0,200.0,U
29307,-61.57819629980498,15.542251809157355,200.0,200.0,U
29308,-61.577879714841124,15.543044980679468,200.0,200.0,U
29309,-61.57819032700742,15.542395039784985,200.0,200.0,U
29310,-61.57671323925451,15.542964033956345,200.0,200.0,U
29311,-61.579880891905155,15.541518982283034,200.0,200.0,U
29312,-61.577162278090704,15.543022045127513,200.0,200.0,U
29313,-61.57870546367762,15.543401169259907,200.0,200.0,U
29314,-61.578208038982936,15.5428688307616,200.0,200.0,U
29315,-61.580335419940326,15.543456085544102,200.0,200.0,U
29316,-61.577398263794315,15.54054274501043,200.0,200.0,U
29317,-61.578432813574175,15.540935873117224,200.0,200.0,U
29318,-61.57728903761097,15.54108923149996,200.0,200.0,U
29319,-61.577437779881315,15.544490996370142,200.0,200.0,U
29320,-61.577662652613284,15.5413225258033,200.0,200.0,U
29321,-61.58227343339393,15.54114064000808,200.0,200.0,U
29322,-61.57799008791522,15.544712113156747,200.0,200.0,U
29323,-61.57750596473767,15.54236980960003,200.0,200.0,U
29324,-61.57869815366206,15.542437616110304,200.0,200.0,U
29325,-61.57943345457218,15.54146333656279,200.0,200.0,U
29326,-61.57874561065177,15.539523812287264,200.0,200.0,U
29327,-61.5789330935218,15.540928117899965,200.0,200.0,U
29328,-61.57834558951482,15.541580053942956,200.0,200.0,U
29329,-61.57782210566002,15.543292757293122,200.0,200.0,U
29330,-61.5780169252788,15.542498133331328,200.0,200.0,U
29331,-61.576413765484354,15.541208267630473,200.0,200.0,U
29332,-61.577564390603044,15.542983994474211,200.0,200.0,U
29333,-61.57850256170892,15.542596339604827,200.0,200.0,U
29334,-61.57820003648047,15.541511770704735,200.0,200.0,U
29335,-61.576885721969425,15.54182231608298,200.0,200.0,U
29336,-61.57784794192733,15.542451280946935,200.0,200.0,U
29337,-61.57991204503719,15.542644858075455,200.0,200.0,U
29338,-61.57701022332765,15.543842802759128,200.0,200.0,U
29339,-61.58003952579738,15.542649737813985,200.0,200.0,U
29340,-61.57807713878912,15.541832316657409,200.0,200.0,U
29341,-61.57848448467096,15.542770614324267,200.0,200.0,U
29342,-61.57810468304079,15.542460874313303,200.0,200.0,U
29343,-61.57751442919664,15.541998733458163,200.0,200.0,U
29344,-61.57820367133304,15.541082410766014,200.0,200.0,U
29345,-61.57822806393822,15.543873395794401,200.0,200.0,U
29346,-61.58008361991155,15.542400463063485,200.0,200.0,U
29347,-61.578650467241346,15.541976034484632,200.0,200.0,U
29348,-61.58089822390832,15.541016953430425,200.0,200.0,U
29349,-61.57777964543715,15.541376941117218,200.0,200.0,U
29350,-61.576626909217254,15.542387818110159,200.0,200.0,U
29351,-61.578465284757165,15.542264061440825,200.0,200.0,U
29352,-61.577043570286484,15.54248645067227,200.0,200.0,U
29353,-61.57889548032316,15.541657840203756,200.0,200.0,U
29354,-61.57659329668292,15.542531650258287,200.0,200.0,U
29355,-61.57585637646094,15.540513043034586,200.0,200.0,U
29356,-61.578244416622255,15.542540001323017,200.0,200.0,U
29357,-61.57831356116869,15.542870884130219,200.0,200.0,U
29358,-61.5781908606111,15.541985490726882,200.0,200.0,U
29359,-61.57847555393355,15.542374624378718,200.0,200.0,U
29360,-61.57855422634398,15.543063790654868,200.0,200.0,U
29361,-61.577876879596715,15.541991476387711,200.0,200.0,U
29362,-61.57974487393741,15.540911035033233,200.0,200.0,U
29363,-61.580537007573334,15.541841776441226,200.0,200.0,U
29364,-61.57856117191265,15.541062894418207,200.0,200.0,U
29365,-61.577269368485844,15.542241599011788,200.0,200.0,U
29366,-61.57656815915569,15.542282254963437,200.0,200.0,U
29367,-61.57934734398819,15.54300975444728,200.0,200.0,U
29368,-61.57815768312786,15.542067589147177,200.0,200.0,U
29369,-61.578840966292354,15.54195487233713,200.0,200.0,U
29370,-61.57714980575878,15.541002713435761,200.0,200.0,U
29371,-61.57829873201429,15.542153232207175,200.0,200.0,U
29372,-61.58147444494051,15.543253388512957,200.0,200.0,U
29373,-61.57776094886758,15.544641296309287,200.0,200.0,U
29374,-61.57878366122813,15.539937510969333,200.0,200.0,U
29375,-61.57755253520369,15.54015540710983,200.0,200.0,U
29376,-61.57875363011815,15.541926985291816,200.0,200.0,U
29377,-61.578557374371655,15.541088510664652,200.0,200.0,U
29378,-61.58070063846895,15.540675640938968,200.0,200.0,U
29379,-61.57883798894666,15.543400463924051,200.0,200.0,U
29380,-61.577961751626766,15.543961702357613,200.0,200.0,U
29381,-61.578418887350814,15.542057229001506,200.0,200.0,U
29382,-61.58054653040459,15.542192675768945,200.0,200.0,U
29383,-61.57861230027106,15.540728483539194,200.0,200.0,U
29384,-61.57933081234845,15.541648011714596,200.0,200.0,U
29385,-61.57985533762438,15.545855946055854,200.0,200.0,U
29386,-61.580181014714185,15.539556142220196,200.0,200.0,U
29387,-61.57882516616325,15.541537752428287,200.0,200.0,U
29388,-61.576336496688384,15.54400300569417,200.0,200.0,U
29389,-61.57680399188016,15.54096304774448,200.0,200.0,U
29390,-61.57919649463472,15.542368400205328,200.0,200.0,U
29391,-61.578807990131594,15.542056179011173,200.0,200.0,U
29392,-61.58067874737855,15.539469280577533,200.0,200.0,U
29393,-61.57647741158691,15.541378946227969,200.0,200.0,U
29394,-61.57946909909159,15.53999837595709,200.0,200.0,U
29395,-61.57835976824878,15.541715023208495,200.0,200.0,U
29396,-61.57950162123435,15.545604627042529,200.0,200.0,U
29397,-61.57628142822885,15.54531797663591,200.0,200.0,U
29398,-61.57750156948443,15.541163953795252,200.0,200.0,U
29399,-61.583152470378906,15.541607248696431,200.0,200.0,U
29400,-61.578332937834176,15.541924201426747,200.0,200.0,U
29401,-61.57997222614363,15.540761781857295,200.0,200.0,U
29402,-61.57663561638606,15.54175425672999,200.0,200.0,U
29403,-61.57777550276997,15.54187573470826,200.0,200.0,U
29404,-61.57861530144898,15.539603341991558,200.0,200.0,U
29405,-61.57832010979308,15.542330892166602,200.0,200.0,U
29406,-61.57913283505391,15.542384384381391,200.0,200.0,U
29407,-61.57672443013649,15.539936451238207,200.0,200.0,U
29408,-61.577061319935105,15.540222082855946,200.0,200.0,U
29409,-61.580834063897946,15.541340425125044,200.0,200.0,U
29410,-61.576205793638024,15.542491415106287,200.0,200.0,U
29411,-61.578502640839005,15.542980330483937,200.0,200.0,U
29412,-61.578812056650094,15.541403465082652,200.0,200.0,U
29413,-61.58445925362101,15.544768283979064,200.0,200.0,U
29414,-61.578313135178654,15.5416505135538,200.0,200.0,U
29415,-61.57889809576144,15.541788022452973,200.0,200.0,U
29416,-61.57733708167985,15.541849745560425,200.0,200.0,U
29417,-61.57870799700629,15.541810704159795,200.0,200.0,U
29418,-61.577579986637204,15.541795989149053,200.0,200.0,U
29419,-61.57895414041687,15.541801449540843,200.0,200.0,U
29420,-61.57863649939212,15.541172429249178,200.0,200.0,U
29421,-61.57751737747029,15.542911568106314,200.0,200.0,U
29422,-61.57560459912727,15.541557828509669,200.0,200.0,U
29423,-61.57840262302831,15.540194567560825,200.0,200.0,U
29424,-61.57677673419761,15.541033034940405,200.0,200.0,U
29425,-61.576762432150865,15.54296995932122,200.0,200.0,U
29426,-61.580405762130844,15.540048511436837,200.0,200.0,U
29427,-61.578961693270735,15.541393006526679,200.0,200.0,U
29428,-61.579207743069176,15.541966914272912,200.0,200.0,U
29429,-61.579469268611106,15.542847441888958,200.0,200.0,U
29430,-61.57790229524087,15.542598630741024,200.0,200.0,U
29431,-61.5793166856856,15.540518626390863,200.0,200.0,U
29432,-61.57877057954989,15.542282757732284,200.0,200.0,U
29433,-61.57886188377715,15.541929638236203,200.0,200.0,U
29434,-61.57897886708907,15.543705995190564,200.0,200.0,U
29435,-61.57904892312873,15.541559681823093,200.0,200.0,U
29436,-61.57913339299082,15.543968216225684,200.0,200.0,U
29437,-61.57803268547613,15.543720138615912,200.0,200.0,U
29438,-61.5793717135333,15.542544091979993,200.0,200.0,U
29439,-61.57894390930082,15.542555193977519,200.0,200.0,U
29440,-61.57933041153898,15.54133434172358,200.0,200.0,U
29441,-61.57996750645573,15.54152750914044,200.0,200.0,U
29442,-61.5786692458877,15.54197213166013,200.0,200.0,U
29443,-61.57750101961308,15.542531865796116,200.0,200.0,U
29444,-61.579636657429155,15.541548776384474,200.0,200.0,U
29445,-61.57933788954583,15.5406040441966,200.0,200.0,U
29446,-61.57951521643923,15.540361551933975,200.0,200.0,U
29447,-61.57980030427708,15.54303427891915,200.0,200.0,U
29448,-61.57765027895583,15.543673641411484,200.0,200.0,U
29449,-61.57951387540723,15.541081801761857,200.0,200.0,U
29450,-61.579106900041324,15.541762727132669,200.0,200.0,U
29451,-61.57908291918643,15.541867324460066,200.0,200.0,U
29452,-61.57963716334679,15.542477288374682,200.0,200.0,U
29453,-61.57802313972161,15.539308211543704,200.0,200.0,U
29454,-61.580141292954295,15.543656260313936,200.0,200.0,U
29455,-61.579020064280385,15.54151104370097,200.0,200.0,U
29456,-61.57856064838725,15.541370346073334,200.0,200.0,U
29457,-61.579805908104035,15.544369973387496,200.0,200.0,U
29458,-61.57904438842148,15.54149865605174,200.0,200.0,U
29459,-61.57946821767656,15.54124198031737,200.0,200.0,U
29460,-61.581058435269085,15.54381371477414,200.0,200.0,U
29461,-61.5793514947032,15.54115208190915,200.0,200.0,U
29462,-61.57943515828258,15.542691144935613,200.0,200.0,U
29463,-61.5805530630969,15.542549080432487,200.0,200.0,U
29464,-61.5788242866766,15.541698795217714,200.0,200.0,U
29465,-61.57951874688029,15.541792310230731,200.0,200.0,U
29466,-61.57922786904596,15.541947104756016,200.0,200.0,U
29467,-61.580710313453494,15.539983554302474,200.0,200.0,U
29468,-61.57894761081588,15.541595704999832,200.0,200.0,U
29469,-61.580403322867426,15.541557857705616,200.0,200.0,U
29470,-61.57605471460101,15.54278984989424,200.0,200.0,U
29471,-61.57840126856774,15.542001500603794,200.0,200.0,U
29472,-61.576954704680354,15.540949762403402,200.0,200.0,U
29473,-61.57864670689454,15.540000652617719,200.0,200.0,U
29474,-61.57865341501925,15.541117714082382,200.0,200.0,U
29475,-61.57910878653097,15.541555745816261,200.0,200.0,U
29476,-61.57935000939575,15.541598399019712,200.0,200.0,U
29477,-61.58259177462939,15.5451307953997,200.0,200.0,U
29478,-61.579266397254614,15.541472268894216,200.0,200.0,U
29479,-61.580262342839944,15.543617569673478,200.0,200.0,U
29480,-61.5792198476586,15.541586426519029,200.0,200.0,U
29481,-61.58053504868134,15.541469205430046,200.0,200.0,U
29482,-61.58091234421835,15.53976567952683,200.0,200.0,U
29483,-61.57894786350369,15.542734801965846,200.0,200.0,U
29484,-61.578721911846216,15.541376193387707,200.0,200.0,U
29485,-61.58249976807927,15.541382264914422,200.0,200.0,U
29486,-61.57948817981306,15.541287011965787,200.0,200.0,U
29487,-61.57700761662547,15.546354932127203,200.0,200.0,U
29488,-61.58055954933167,15.53866037634571,200.0,200.0,U
29489,-61.57802473808554,15.54061139155389,200.0,200.0,U
29490,-61.57911997478383,15.540464586082388,200.0,200.0,U
29491,-61.57873283742145,15.540506557436052,200.0,200.0,U
29492,-61.57861912009895,15.541844235653588,200.0,200.0,U
29493,-61.578341294121635,15.54168771855337,200.0,200.0,U
29494,-61.57956798944472,15.538500605208398,200.0,200.0,U
29495,-61.57887043700473,15.537222450297158,200.0,200.0,U
29496,-61.579854536592926,15.541889992304336,200.0,200.0,U
29497,-61.57750295992223,15.540337833211224,200.0,200.0,U
29498,-61.57981820106347,15.542515341322684,200.0,200.0,U
29499,-61.579953945587015,15.54266542142271,200.0,200.0,U
29500,-61.57806386505955,15.542934239245524,200.0,200.0,U
29501,-61.57959211456846,15.541274159847166,200.0,200.0,U
29502,-61.578982214145945,15.539566356915048,200.0,200.0,U
29503,-61.57931924110078,15.540750508851831,200.0,200.0,U
29504,-61.57438418634068,15.545226549791684,200.0,200.0,U
29505,-61.5790557016226,15.541195124930603,200.0,200.0,U
29506,-61.581574453735904,15.541045481860511,200.0,200.0,U
29507,-61.58023742328376,15.540527282480875,200.0,200.0,U
29508,-61.57867417568628,15.543241545820266,200.0,200.0,U
29509,-61.58001688481983,15.542274313900881,200.0,200.0,U
29510,-61.57726843702897,15.53926366272313,200.0,200.0,U
29511,-61.578681332106726,15.542781627790447,200.0,200.0,U
29512,-61.57926564118758,15.54143655011876,200.0,200.0,U
29513,-61.579273771413085,15.542221794565679,200.0,200.0,U
29514,-61.578381622302444,15.541281354779315,200.0,200.0,U
29515,-61.5795513152556,15.542131438961555,200.0,200.0,U
29516,-61.58146087783292,15.5394235325571,200.0,200.0,U
29517,-61.57977589128656,15.540929863768044,200.0,200.0,U
29518,-61.5798791538573,15.540956875780266,200.0,200.0,U
29519,-61.57789105008619,15.538185395201843,200.0,200.0,U
29520,-61.57941813092897,15.541676562225081,200.0,200.0,U
29521,-61.57668607294862,15.541579905841107,200.0,200.0,U
29522,-61.58138551030697,15.541462691033043,200.0,200.0,U
29523,-61.576668441147,15.539699878345651,200.0,200.0,U
29524,-61.579508796892306,15.541278252551288,200.0,200.0,U
29525,-61.57910053809743,15.541449379793006,200.0,200.0,U
29526,-61.579628889688,15.54021543224109,200.0,200.0,U
29527,-61.57883598196502,15.541961480565966,200.0,200.0,U
29528,-61.580808302222295,15.54137903649561,200.0,200.0,U
29529,-61.58350248388283,15.545226712198414,200.0,200.0,U
29530,-61.578493240034874,15.539964640605787,200.0,200.0,U
29531,-61.578677476885375,15.53936066010231,200.0,200.0,U
29532,-61.579807296608664,15.542411454591736,200.0,200.0,U
29533,-61.57914719560276,15.542883921831734,200.0,200.0,U
29534,-61.57921960957225,15.543302473844044,200.0,200.0,U
29535,-61.58109764568997,15.541574140660476,200.0,200.0,U
29536,-61.580115446757944,15.542081745473658,200.0,200.0,U
29537,-61.57911351938345,15.541690583617122,200.0,200.0,U
29538,-61.57953010671294,15.542388578334233,200.0,200.0,U
29539,-61.57968140593959,15.541347012491196,200.0,200.0,U
29540,-61.57815072185005,15.539743098141239,200.0,200.0,U
29541,-61.576307268870714,15.541236665449148,200.0,200.0,U
29542,-61.579988686126846,15.540378019177956,200.0,200.0,U
29543,-61.58085774055793,15.541491872045809,200.0,200.0,U
29544,-61.57937668551783,15.53962493813565,200.0,200.0,U
29545,-61.580165745246,15.540298929501652,200.0,200.0,U
29546,-61.579300342528974,15.540969301047824,200.0,200.0,U
29547,-61.58093633298213,15.540420159774081,200.0,200.0,U
29548,-61.58189886424576,15.539402651954669,200.0,200.0,U
29549,-61.57854137382121,15.54221635341353,200.0,200.0,U
29550,-61.57952608050113,15.541590638911499,200.0,200.0,U
29551,-61.57954651239194,15.542151242366137,200.0,200.0,U
29552,-61.58256721549819,15.542266459484033,200.0,200.0,U
29553,-61.58029663548919,15.542043364375772,200.0,200.0,U
29554,-61.58222544178574,15.543277250905193,200.0,200.0,U
29555,-61.58018185817918,15.540842661778337,200.0,200.0,U
29556,-61.580149630640356,15.541207660668666,200.0,200.0,U
29557,-61.579525302793684,15.541416668275897,200.0,200.0,U
29558,-61.580130628335326,15.540312416978756,200.0,200.0,U
29559,-61.578770685070516,15.544089304664597,200.0,200.0,U
29560,-61.577456763509275,15.541877919872345,200.0,200.0,U
29561,-61.58142588833906,15.539584338799202,200.0,200.0,U
29562,-61.58066434081501,15.540563134195082,200.0,200.0,U
29563,-61.579891414136135,15.541051322889185,200.0,200.0,U
29564,-61.57993392179667,15.540469509049219,200.0,200.0,U
29565,-61.57772244636411,15.538916649159777,200.0,200.0,U
29566,-61.57884283307481,15.541559418917705,200.0,200.0,U
29567,-61.58030945930988,15.540769347437694,200.0,200.0,U
29568,-61.5807209354992,15.539436268713535,200.0,200.0,U
29569,-61.57987267037354,15.540816567129182,200.0,200.0,U
29570,-61.578616914680715,15.540424681829057,200.0,200.0,U
29571,-61.577785942800276,15.54209264849833,200.0,200.0,U
29572,-61.57835031073672,15.540407196477897,200.0,200.0,U
29573,-61.582535908513925,15.543137455204723,200.0,200.0,U
29574,-61.583256402780336,15.540239630793995,200.0,200.0,U
29575,-61.57984920920714,15.540990018084134,200.0,200.0,U
29576,-61.57847979512869,15.537666171789253,200.0,200.0,U
29577,-61.580115013794384,15.539963423185517,200.0,200.0,U
29578,-61.58307953160605,15.539689590175977,200.0,200.0,U
29579,-61.58124456425202,15.541215256226476,200.0,200.0,U
29580,-61.579408323730405,15.540596533666921,200.0,200.0,U
29581,-61.58032774030807,15.541390462753592,200.0,200.0,U
29582,-61.582031300571686,15.541324000558598,200.0,200.0,U
29583,-61.58240413563223,15.543570410140891,200.0,200.0,U
29584,-61.58013694493607,15.539990091864555,200.0,200.0,U
29585,-61.579997777952094,15.539368655042582,200.0,200.0,U
29586,-61.58053474372283,15.542561486351097,200.0,200.0,U
29587,-61.58062826802216,15.541152812997451,200.0,200.0,U
29588,-61.57788347418307,15.54216596704623,200.0,200.0,U
29589,-61.58011495530603,15.541173997729887,200.0,200.0,U
29590,-61.57980919934308,15.539294622546715,200.0,200.0,U
29591,-61.58000121774854,15.540787640734612,200.0,200.0,U
29592,-61.57957565680691,15.541190215081958,200.0,200.0,U
29593,-61.5774145505327,15.540279144463412,200.0,200.0,U
29594,-61.57956339417429,15.540976142068684,200.0,200.0,U
29595,-61.57968322165664,15.540738582634905,200.0,200.0,U
29596,-61.57970399133656,15.543123997791959,200.0,200.0,U
29597,-61.584467458490224,15.542387878255058,200.0,200.0,U
29598,-61.581617124247146,15.53860597804002,200.0,200.0,U
29599,-61.57730663935528,15.539376443328285,200.0,200.0,U
29600,-61.58036526899679,15.540441693575882,200.0,200.0,U
29601,-61.58011189021779,15.540814078175089,200.0,200.0,U
29602,-61.580550009604664,15.539176450327128,200.0,200.0,U
29603,-61.578392084185005,15.540106005035717,200.0,200.0,U
29604,-61.58410344577203,15.540860630449716,200.0,200.0,U
29605,-61.5802601570255,15.540538992031493,200.0,200.0,U
29606,-61.58043882492489,15.540751932937662,200.0,200.0,U
29607,-61.58031163578976,15.540523836218995,200.0,200.0,U
29608,-61.580133741349954,15.544133223841701,200.0,200.0,U
29609,-61.57811104245666,15.539662594159092,200.0,200.0,U
29610,-61.58026819814418,15.540905299102292,200.0,200.0,U
29611,-61.578705659561265,15.543248646255236,200.0,200.0,U
29612,-61.58019701081719,15.540814717915763,200.0,200.0,U
29613,-61.58022555910264,15.540549477015599,200.0,200.0,U
29614,-61.57712154711841,15.540763503685383,200.0,200.0,U
29615,-61.579298235131404,15.540798167830829,200.0,200.0,U
29616,-61.583154192283644,15.541089108835541,200.0,200.0,U
29617,-61.58130906103579,15.540869986515958,200.0,200.0,U
29618,-61.57828637623091,15.541784962844535,200.0,200.0,U
29619,-61.579316537481226,15.540919450655645,200.0,200.0,U
29620,-61.58028545307744,15.540802334271275,200.0,200.0,U
29621,-61.58112221541324,15.539989699960627,200.0,200.0,U
29622,-61.58013934494294,15.540914397477406,200.0,200.0,U
29623,-61.580230584878976,15.540729048636674,200.0,200.0,U
29624,-61.580047642511765,15.540268141023395,200.0,200.0,U
29625,-61.58019187812614,15.540902522295825,200.0,200.0,U
29626,-61.57614674970611,15.537855256740428,200.0,200.0,U
29627,-61.58277598948734,15.542950920102815,200.0,200.0,U
29628,-61.57992681415228,15.540468126499043,200.0,200.0,U
29629,-61.58045833168959,15.541137092643396,200.0,200.0,U
29630,-61.57842104619845,15.539028123995806,200.0,200.0,U
29631,-61.57786040662241,15.541094368960525,200.0,200.0,U
29632,-61.580509377720006,15.540655614893222,200.0,200.0,U
29633,-61.580454052837254,15.540396198985391,200.0,200.0,U
29634,-61.5813393190296,15.541417359049106,200.0,200.0,U
29635,-61.58161947790576,15.540355093856833,200.0,200.0,U
29636,-61.579453169522665,15.538400715230322,200.0,200.0,U
29637,-61.57859884786494,15.540324264973114,200.0,200.0,U
29638,-61.580604140775726,15.541564507125043,200.0,200.0,U
29639,-61.5817759147379,15.541276753271625,200.0,200.0,U
29640,-61.580456506162314,15.540574047012308,200.0,200.0,U
29641,-61.58050136256763,15.540467035931131,200.0,200.0,U
29642,-61.58091519994184,15.539489669090829,200.0,200.0,U
29643,-61.579778845737195,15.54141803093144,200.0,200.0,U
29644,-61.580753285485336,15.540514982806235,200.0,200.0,U
29645,-61.57891104506684,15.541170270516133,200.0,200.0,U
29646,-61.58039387823067,15.541267709343492,200.0,200.0,U
29647,-61.57925786664328,15.541482296861732,200.0,200.0,U
29648,-61.580574708551175,15.541368261325895,200.0,200.0,U
29649,-61.5820712401639,15.54265920353411,200.0,200.0,U
29650,-61.5808209833146,15.539731931780544,200.0,200.0,U
29651,-61.58107846503475,15.540119199061373,200.0,200.0,U
29652,-61.580358884455336,15.540841338307814,200.0,200.0,U
29653,-61.58035780199044,15.54217670208684,200.0,200.0,U
29654,-61.58217953441232,15.541492313111322,200.0,200.0,U
29655,-61.579016906586,15.543604501190762,200.0,200.0,U
29656,-61.579838488331404,15.540715410912894,200.0,200.0,U
29657,-61.580558921534895,15.542698606897819,200.0,200.0,U
29658,-61.581220259742466,15.541112694763086,200.0,200.0,U
29659,-61.58060982360123,15.540512120812748,200.0,200.0,U
29660,-61.580829926233086,15.539342089595296,200.0,200.0,U
29661,-61.580028335553045,15.540285544766746,200.0,200.0,U
29662,-61.5787258032767,15.54094434108282,200.0,200.0,U
29663,-61.580492350695316,15.54027191996297,200.0,200.0,U
29664,-61.580513351236476,15.540128666908346,200.0,200.0,U
29665,-61.57787821934411,15.542486921793252,200.0,200.0,U
29666,-61.58006498640829,15.54008151815413,200.0,200.0,U
29667,-61.58036908207351,15.541542957677708,200.0,200.0,U
29668,-61.58028723351155,15.539743723615981,200.0,200.0,U
29669,-61.58076123050199,15.540499898578016,200.0,200.0,U
29670,-61.58242002840255,15.541122375593812,200.0,200.0,U
29671,-61.58060797592095,15.541583892562299,200.0,200.0,U
29672,-61.58024235744691,15.54050510742817,200.0,200.0,U
29673,-61.58155666615342,15.538558993607834,200.0,200.0,U
29674,-61.58110229117612,15.539607849588101,200.0,200.0,U
29675,-61.58013461497938,15.540219064447761,200.0,200.0,U
29676,-61.580376449354375,15.539348507602172,200.0,200.0,U
29677,-61.580700068243075,15.539942074360383,200.0,200.0,U
29678,-61.579241794259936,15.540824810922734,200.0,200.0,U
29679,-61.57974154658417,15.540219347490432,200.0,200.0,U
29680,-61.580783707350776,15.540502026594638,200.0,200.0,U
29681,-61.58078965777477,15.540358034052094,200.0,200.0,U
29682,-61.580429536541644,15.542635428686431,200.0,200.0,U
29683,-61.581441576728594,15.540434796233312,200.0,200.0,U
29684,-61.57883127022645,15.541091545976009,200.0,200.0,U
29685,-61.5807706018329,15.540177240681132,200.0,200.0,U
29686,-61.581138843382895,15.540409654204232,200.0,200.0,U
29687,-61.58534525020261,15.54492083725066,200.0,200.0,U
29688,-61.58043754004195,15.539960659375797,200.0,200.0,U
29689,-61.58212591369582,15.53878560710553,200.0,200.0,U
29690,-61.5813211188539,15.540060447233076,200.0,200.0,U
29691,-61.58117571493859,15.539791900253077,200.0,200.0,U
29692,-61.58195266871304,15.541263046320728,200.0,200.0,U
29693,-61.58050364153885,15.541345076755283,200.0,200.0,U
29694,-61.57970047784257,15.53995501134148,200.0,200.0,U
29695,-61.57853304275512,15.539962520980085,200.0,200.0,U
29696,-61.580030446379894,15.538838906300352,200.0,200.0,U
29697,-61.58117965605081,15.540166052679414,200.0,200.0,U
29698,-61.58099119616643,15.540660586499065,200.0,200.0,U
29699,-61.57776165872635,15.543566862479556,200.0,200.0,U
29700,-61.580232421666395,15.538900968340688,200.0,200.0,U
29701,-61.582322151338246,15.539018071368849,200.0,200.0,U
29702,-61.58064353482433,15.54042064498638,200.0,200.0,U
29703,-61.57747237665031,15.53951720359469,200.0,200.0,U
29704,-61.58130708070865,15.537699439742417,200.0,200.0,U
29705,-61.57951173766075,15.537991896190762,200.0,200.0,U
29706,-61.57938959420786,15.542741920724039,200.0,200.0,U
29707,-61.578226591135056,15.541510234128506,200.0,200.0,U
29708,-61.58134391262438,15.540833543947901,200.0,200.0,U
29709,-61.58171049062629,15.539840504007486,200.0,200.0,U
29710,-61.5828347178586,15.5410712524629,200.0,200.0,U
29711,-61.581362838292314,15.54045198342258,200.0,200.0,U
29712,-61.578473675309006,15.539082216839397,200.0,200.0,U
29713,-61.58255622719984,15.538048735668262,200.0,200.0,U
29714,-61.58187085963902,15.539723208889951,200.0,200.0,U
29715,-61.581529450468175,15.540507447831894,200.0,200.0,U
29716,-61.5821333567381,15.538132111001609,200.0,200.0,U
29717,-61.57958694286441,15.541723723467298,200.0,200.0,U
29718,-61.58194401778973,15.540391870250641,200.0,200.0,U
29719,-61.58203694266194,15.539203393697422,200.0,200.0,U
29720,-61.58180088097126,15.540204611493337,200.0,200.0,U
29721,-61.580263547665645,15.538044523007914,200.0,200.0,U
29722,-61.58107556335843,15.537373471245937,200.0,200.0,U
29723,-61.58061791963279,15.54127794145238,200.0,200.0,U
29724,-61.58169886668846,15.541123607024485,200.0,200.0,U
29725,-61.58278185956828,15.54184578296439,200.0,200.0,U
29726,-61.58015057658787,15.539645208315342,200.0,200.0,U
29727,-61.58153917337909,15.538832292686909,200.0,200.0,U
29728,-61.580813829041475,15.539008915101686,200.0,200.0,U
29729,-61.5804383820544,15.541454994898645,200.0,200.0,U
29730,-61.582335307155915,15.539054785150553,200.0,200.0,U
29731,-61.581706343926705,15.539069877736914,200.0,200.0,U
29732,-61.57828634327541,15.541970422499096,200.0,200.0,U
29733,-61.58270262793658,15.538771944498553,200.0,200.0,U
29734,-61.58163633883202,15.543558624685685,200.0,200.0,U
29735,-61.583937569063664,15.542367464775408,200.0,200.0,U
29736,-61.57990168828209,15.539970994508584,200.0,200.0,U
29737,-61.58355441518159,15.541717910942118,200.0,200.0,U
29738,-61.582500076391405,15.540715275106386,200.0,200.0,U
29739,-61.57891049669113,15.543423121979426,200.0,200.0,U
29740,-61.581933387467544,15.541983028420127,200.0,200.0,U
29741,-61.580563609528404,15.543431918624579,200.0,200.0,U
29742,-61.58056511091314,15.541797687717724,200.0,200.0,U
29743,-61.58155770083028,15.539848116930933,200.0,200.0,U
29744,-61.580768065406296,15.539385072259915,200.0,200.0,U
29745,-61.582787417841566,15.540978061151192,200.0,200.0,U
29746,-61.58136817842691,15.539925995387861,200.0,200.0,U
29747,-61.58313022505483,15.537350670661445,200.0,200.0,U
29748,-61.58044698138604,15.538382284427488,200.0,200.0,U
29749,-61.58099585073564,15.540866412059435,200.0,200.0,U
29750,-61.581474137284694,15.537957428446479,200.0,200.0,U
29751,-61.583419416901584,15.540721846196504,200.0,200.0,U
29752,-61.58415467565809,15.54007114338918,200.0,200.0,U
29753,-61.582158568732304,15.540066361899985,200.0,200.0,U
29754,-61.57801156908558,15.538077908547784,200.0,200.0,U
29755,-61.58095591222999,15.541566408846252,200.0,200.0,U
29756,-61.5834505310236,15.539634895894919,200.0,200.0,U
29757,-61.579041479426685,15.540139839185176,200.0,200.0,U
29758,-61.58153831137534,15.539179849189921,200.0,200.0,U
29759,-61.58005891498388,15.540033624990754,200.0,200.0,U
29760,-61.582398315353934,15.537856267760743,200.0,200.0,U
29761,-61.58132287594441,15.538633211510925,200.0,200.0,U
29762,-61.58132095494709,15.540410796644144,200.0,200.0,U
29763,-61.584268073860684,15.539133506834736,200.0,200.0,U
29764,-61.57877669496582,15.539519648508767,200.0,200.0,U
29765,-61.582840245684785,15.53771090188983,200.0,200.0,U
29766,-61.58143375525591,15.539900890574515,200.0,200.0,U
29767,-61.58161227726227,15.53903430906755,200.0,200.0,U
29768,-61.57879419499601,15.538803676711872,200.0,200.0,U
29769,-61.58128161626174,15.540595741961633,200.0,200.0,U
29770,-61.582720448881915,15.540796376540607,200.0,200.0,U
29771,-61.58092285092822,15.539207310797291,200.0,200.0,U
29772,-61.584297279887146,15.538315812245623,200.0,200.0,U
29773,-61.58169888869591,15.540403568178544,200.0,200.0,U
29774,-61.580477645943766,15.540575958172283,200.0,200.0,U
29775,-61.58155114617569,15.539816188612962,200.0,200.0,U
29776,-61.58148421884477,15.539069339323039,200.0,200.0,U
29777,-61.58113336619655,15.539131010832174,200.0,200.0,U
29778,-61.58160515046797,15.543554604043816,200.0,200.0,U
29779,-61.582544578879435,15.541066947395988,200.0,200.0,U
29780,-61.581834334498225,15.541294140220442,200.0,200.0,U
29781,-61.58152411441378,15.537372586937014,200.0,200.0,U
29782,-61.58256221127635,15.53786847128449,200.0,200.0,U
29783,-61.58302422764951,15.540305263082768,200.0,200.0,U
29784,-61.58409978613338,15.538920917380619,200.0,200.0,U
29785,-61.58066184913779,15.53922789745777,200.0,200.0,U
29786,-61.58135267804687,15.541323091347206,200.0,200.0,U
29787,-61.58271787089769,15.54027694364887,200.0,200.0,U
29788,-61.58252256997505,15.540924987403018,200.0,200.0,U
29789,-61.581609814966036,15.537330250290456,200.0,200.0,U
29790,-61.582952404398526,15.538183618185004,200.0,200.0,U
29791,-61.581830637986364,15.539163123195648,200.0,200.0,U
29792,-61.582129988713795,15.540117956274052,200.0,200.0,U
29793,-61.57942692389964,15.539031958045054,200.0,200.0,U
29794,-61.58142814160803,15.539354932374188,200.0,200.0,U
29795,-61.58209453220805,15.540561697063438,200.0,200.0,U
29796,-61.58076202473094,15.539628586386039,200.0,200.0,U
29797,-61.58392030415948,15.538262150372798,200.0,200.0,U
29798,-61.58207259033592,15.5413784570014,200.0,200.0,U
29799,-61.58168729260847,15.53971532372764,200.0,200.0,U
29800,-61.581853534451135,15.5398670483573,200.0,200.0,U
29801,-61.58023626059193,15.538423300005128,200.0,200.0,U
29802,-61.58142647690453,15.539683895524984,200.0,200.0,U
29803,-61.581766529995605,15.539661154547094,200.0,200.0,U
29804,-61.58190137046098,15.539623296949454,200.0,200.0,U
29805,-61.582098808982046,15.538616519984542,200.0,200.0,U
29806,-61.58126588146889,15.537079308313661,200.0,200.0,U
29807,-61.58152882567218,15.53904077221998,200.0,200.0,U
29808,-61.58199282275914,15.540144582247985,200.0,200.0,U
29809,-61.58173599638003,15.539548732672106,200.0,200.0,U
29810,-61.58163112464016,15.538964730582341,200.0,200.0,U
29811,-61.58162301763877,15.54064604547868,200.0,200.0,U
29812,-61.58136219792007,15.539633217560773,200.0,200.0,U
29813,-61.579062600676046,15.541206508029113,200.0,200.0,U
29814,-61.580686099158356,15.538523945463233,200.0,200.0,U
29815,-61.57757068180351,15.536973399402509,200.0,200.0,U
29816,-61.582183859624685,15.539645755556085,200.0,200.0,U
29817,-61.581783370575856,15.539659174590005,200.0,200.0,U
29818,-61.581506215589606,15.540006029112837,200.0,200.0,U
29819,-61.58318198013126,15.538912890803648,200.0,200.0,U
29820,-61.581753718325146,15.539736899104213,200.0,200.0,U
29821,-61.58180889863918,15.540210263873654,200.0,200.0,U
29822,-61.58222895964726,15.53834331094655,200.0,200.0,U
29823,-61.58017984820597,15.53896932889724,200.0,200.0,U
29824,-61.58168400680424,15.539074690645455,200.0,200.0,U
29825,-61.582617808784676,15.541302875523948,200.0,200.0,U
29826,-61.58231468390136,15.539419401251363,200.0,200.0,U
29827,-61.58167293310465,15.538905478798563,200.0,200.0,U
29828,-61.58085967713834,15.539514195970176,200.0,200.0,U
29829,-61.58140482936055,15.539077804533996,200.0,200.0,U
29830,-61.58335106256365,15.539205325563914,200.0,200.0,U
29831,-61.582343457546536,15.540536150967863,200.0,200.0,U
29832,-61.584259088550105,15.54024554563548,200.0,200.0,U
29833,-61.581598066488255,15.53921983222175,200.0,200.0,U
29834,-61.58273302020733,15.540154461900533,200.0,200.0,U
29835,-61.58253429648721,15.53960694856759,200.0,200.0,U
29836,-61.580169263942054,15.538653446227078,200.0,200.0,U
29837,-61.58292782462877,15.537016023007062,200.0,200.0,U
29838,-61.582958861359764,15.539484647908395,200.0,200.0,U
29839,-61.5811287172566,15.539923781919322,200.0,200.0,U
29840,-61.58277897884247,15.53974234659409,200.0,200.0,U
29841,-61.5830141701807,15.53626199589981,200.0,200.0,U
29842,-61.58201365577742,15.53954049876249,200.0,200.0,U
29843,-61.58307819830856,15.537908963932086,200.0,200.0,U
29844,-61.58239476063704,15.538864168292994,200.0,200.0,U
29845,-61.582595884259824,15.538872234871546,200.0,200.0,U
29846,-61.582265472510635,15.538863644363902,200.0,200.0,U
29847,-61.583373584554465,15.536841385470089,200.0,200.0,U
29848,-61.581988473887336,15.54026549400355,200.0,200.0,U
29849,-61.582241637766685,15.53939561206098,200.0,200.0,U
29850,-61.58257798830244,15.539361738814002,200.0,200.0,U
29851,-61.582441412978056,15.53920858203174,200.0,200.0,U
29852,-61.58407956569572,15.53622598957892,200.0,200.0,U
29853,-61.58225767729536,15.539565092817025,200.0,200.0,U
29854,-61.5817094950398,15.539174714732988,200.0,200.0,U
29855,-61.58130825625891,15.540215314575558,200.0,200.0,U
29856,-61.580006976459416,15.537375602066243,200.0,200.0,U
29857,-61.58178990433505,15.539579060562204,200.0,200.0,U
29858,-61.5824820275134,15.539196726266686,200.0,200.0,U
29859,-61.583064135754,15.539436291794344,200.0,200.0,U
29860,-61.5817217531845,15.541281706622728,200.0,200.0,U
29861,-61.582180336435044,15.538601326275087,200.0,200.0,U
29862,-61.58107845604468,15.540907881438743,200.0,200.0,U
29863,-61.582342005158864,15.538431191491119,200.0,200.0,U
29864,-61.58154534769268,15.541182452131457,200.0,200.0,U
29865,-61.58256788299831,15.539117830166022,200.0,200.0,U
29866,-61.58099222496492,15.537614191196058,200.0,200.0,U
29867,-61.583164853672415,15.540176073330777,200.0,200.0,U
29868,-61.58238768543469,15.539488889729364,200.0,200.0,U
29869,-61.583289722626695,15.535462101209555,200.0,200.0,U
29870,-61.58274164838664,15.5391765321447,200.0,200.0,U
29871,-61.58013043192171,15.53783558615543,200.0,200.0,U
29872,-61.58185181865699,15.536712316905327,200.0,200.0,U
29873,-61.582062889676656,15.538696711558808,200.0,200.0,U
29874,-61.58171347257371,15.53931068624435,200.0,200.0,U
29875,-61.583565068146086,15.537701559409351,200.0,200.0,U
29876,-61.58763631272006,15.539679303574125,200.0,200.0,U
29877,-61.5854085738778,15.538651133340338,200.0,200.0,U
29878,-61.581588832802616,15.544597098557864,200.0,200.0,U
29879,-61.58150432306614,15.538629915287713,200.0,200.0,U
29880,-61.58239470216554,15.538861121075664,200.0,200.0,U
29881,-61.58172505471149,15.539929389328371,200.0,200.0,U
29882,-61.583172134466714,15.538503884240587,200.0,200.0,U
29883,-61.58203466214497,15.538816397088487,200.0,200.0,U
29884,-61.58228339421853,15.536825754672623,200.0,200.0,U
29885,-61.58283597796224,15.539008819119992,200.0,200.0,U
29886,-61.58224170020135,15.539157718077533,200.0,200.0,U
29887,-61.58242218875586,15.539479218452074,200.0,200.0,U
29888,-61.58474482470064,15.535647847597218,200.0,200.0,U
29889,-61.58165926610653,15.538367668716866,200.0,200.0,U
29890,-61.583108819107444,15.539082247640694,200.0,200.0,U
29891,-61.58220462307396,15.539293936107025,200.0,200.0,U
29892,-61.58335689674355,15.539144676361483,200.0,200.0,U
29893,-61.58291811217308,15.538763017968185,200.0,200.0,U
29894,-61.58482039402965,15.538226176579494,200.0,200.0,U
29895,-61.581634831361725,15.538717191819243,200.0,200.0,U
29896,-61.58322881645709,15.538807563339502,200.0,200.0,U
29897,-61.58062864428954,15.541062643790893,200.0,200.0,U
29898,-61.58075107541841,15.54048995683818,200.0,200.0,U
29899,-61.579740646256035,15.5408039317785,200.0,200.0,U
29900,-61.5855553257202,15.538743176793423,200.0,200.0,U
29901,-61.58186449707322,15.53852870646829,200.0,200.0,U
29902,-61.58512432421746,15.536471165215044,200.0,200.0,U
29903,-61.580669623175474,15.53849077219072,200.0,200.0,U
29904,-61.582694490968834,15.538754342236764,200.0,200.0,U
29905,-61.582239871033394,15.539487826352998,200.0,200.0,U
29906,-61.5824887692884,15.539085781886541,200.0,200.0,U
29907,-61.58422517014755,15.540162795914682,200.0,200.0,U
29908,-61.58360719685151,15.539614320701347,200.0,200.0,U
29909,-61.58406684096156,15.539220150309648,200.0,200.0,U
29910,-61.58503186129902,15.539722361299996,200.0,200.0,U
29911,-61.58236566756234,15.538693521301237,200.0,200.0,U
29912,-61.58223684104682,15.538247236051541,200.0,200.0,U
29913,-61.58228506290338,15.53903923659516,200.0,200.0,U
29914,-61.582677435503925,15.537953448912939,200.0,200.0,U
29915,-61.58252036387384,15.539171808807259,200.0,200.0,U
29916,-61.58086962496505,15.53981303321359,200.0,200.0,U
29917,-61.58287335795368,15.540092193728675,200.0,200.0,U
29918,-61.580625658672886,15.540831064602324,200.0,200.0,U
29919,-61.57982594784054,15.539205142218593,200.0,200.0,U
29920,-61.58261455308102,15.538836107774443,200.0,200.0,U
29921,-61.58181361792666,15.541327768552588,200.0,200.0,U
29922,-61.58194329128726,15.538472898125084,200.0,200.0,U
29923,-61.58274102523138,15.53810981287124,200.0,200.0,U
29924,-61.58355481363629,15.537936071316643,200.0,200.0,U
29925,-61.58379637393411,15.540301402008112,200.0,200.0,U
29926,-61.58293436089657,15.538112541933707,200.0,200.0,U
29927,-61.58337381454304,15.541372042592938,200.0,200.0,U
29928,-61.58208981878662,15.538570868698862,200.0,200.0,U
29929,-61.58266827050205,15.539290327933102,200.0,200.0,U
29930,-61.580510007337296,15.53927930023183,200.0,200.0,U
29931,-61.581613284101174,15.538883431586756,200.0,200.0,U
29932,-61.581672118335945,15.538467302995558,200.0,200.0,U
29933,-61.58557876890256,15.538543393325618,200.0,200.0,U
29934,-61.58327963572239,15.537765799775219,200.0,200.0,U
29935,-61.58187099179217,15.535853420548326,200.0,200.0,U
29936,-61.5842786627121,15.538622398211029,200.0,200.0,U
29937,-61.58320922963951,15.54077387455278,200.0,200.0,U
29938,-61.582860883309515,15.538974835667883,200.0,200.0,U
29939,-61.58170046725827,15.539109779867935,200.0,200.0,U
29940,-61.5830407466259,15.53852685049867,200.0,200.0,U
29941,-61.58267498863589,15.540801922599666,200.0,200.0,U
29942,-61.58153694181026,15.539064578660563,200.0,200.0,U
29943,-61.58502439890151,15.539484914483646,200.0,200.0,U
29944,-61.584023582237776,15.540584736046213,200.0,200.0,U
29945,-61.58242404822113,15.538513151508223,200.0,200.0,U
29946,-61.58349693461923,15.539296732947983,200.0,200.0,U
29947,-61.58319604731793,15.538452827294083,200.0,200.0,U
29948,-61.581443910473475,15.53966127456828,200.0,200.0,U
29949,-61.58286395955481,15.537964556296815,200.0,200.0,U
29950,-61.58300530833913,15.538773534319537,200.0,200.0,U
29951,-61.58183820759584,15.53832787932558,200.0,200.0,U
29952,-61.58329846524666,15.539683133509806,200.0,200.0,U
29953,-61.58009972985685,15.54073949385071,200.0,200.0,U
29954,-61.582848140183664,15.539020908737228,200.0,200.0,U
29955,-61.583465087145036,15.538561502435178,200.0,200.0,U
29956,-61.580746107016786,15.538074846548042,200.0,200.0,U
29957,-61.58420363026934,15.538189085508325,200.0,200.0,U
29958,-61.58241615166943,15.538416441905024,200.0,200.0,U
29959,-61.58281342246289,15.537726138321528,200.0,200.0,U
29960,-61.58229681657976,15.540289260995323,200.0,200.0,U
29961,-61.58290607209564,15.539255757688062,200.0,200.0,U
29962,-61.58795933745734,15.538953822928104,200.0,200.0,U
29963,-61.58375160414222,15.53857212952661,200.0,200.0,U
29964,-61.582656032731876,15.538618766110613,200.0,200.0,U
29965,-61.58329224377421,15.538394096542008,200.0,200.0,U
29966,-61.585021284545924,15.540540103052848,200.0,200.0,U
29967,-61.583288143828476,15.538626448756778,200.0,200.0,U
29968,-61.58251983917112,15.538678967472835,200.0,200.0,U
29969,-61.585218312602414,15.536103443398007,200.0,200.0,U
29970,-61.58278813263805,15.536614691612,200.0,200.0,U
29971,-61.58609723261553,15.538980492563649,200.0,200.0,U
29972,-61.582686791800114,15.53891580226649,200.0,200.0,U
29973,-61.58371925211931,15.541668350602812,200.0,200.0,U
29974,-61.58410860410678,15.538170293794439,200.0,200.0,U
29975,-61.58236727313059,15.538789127768611,200.0,200.0,U
29976,-61.579759344570284,15.537790517722907,200.0,200.0,U
29977,-61.58364039885503,15.538043250442103,200.0,200.0,U
29978,-61.58239299396416,15.538321755494513,200.0,200.0,U
29979,-61.58269641509121,15.53899819020163,200.0,200.0,U
29980,-61.583101136672184,15.538476508452607,200.0,200.0,U
29981,-61.58320587524124,15.536789905977749,200.0,200.0,U
29982,-61.5829777891521,15.54097518419617,200.0,200.0,U
29983,-61.58298379983801,15.538706121181555,200.0,200.0,U
29984,-61.58275676824292,15.538650314834907,200.0,200.0,U
29985,-61.58609428110167,15.540183010645901,200.0,200.0,U
29986,-61.58351504539771,15.539061883246713,200.0,200.0,U
29987,-61.582853872535374,15.540029755485042,200.0,200.0,U
29988,-61.58626944459445,15.54056372420393,200.0,200.0,U
29989,-61.5837898017053,15.539228144814189,200.0,200.0,U
29990,-61.583288046524935,15.538464800596472,200.0,200.0,U
29991,-61.583636310718916,15.537612196437047,200.0,200.0,U
29992,-61.58384690154263,15.538354458517391,200.0,200.0,U
29993,-61.58394644252409,15.538910768741266,200.0,200.0,U
29994,-61.58284492688291,15.538530485653679,200.0,200.0,U
29995,-61.582994497808535,15.538824788584765,200.0,200.0,U
29996,-61.58388899008149,15.540732400757399,200.0,200.0,U
29997,-61.58413934443295,15.537297655315433,200.0,200.0,U
29998,-61.58318133445377,15.53941828124872,200.0,200.0,U
29999,-61.583689680447684,15.537876051113265,200.0,200.0,U
30000,-61.584126238852015,15.535215480931576,200.0,200.0,U
30001,-61.58352054617347,15.538190403180378,200.0,200.0,U
30002,-61.58532105563121,15.536761454564683,200.0,200.0,U
30003,-61.58450422330038,15.536825506051366,200.0,200.0,U
30004,-61.58353743723842,15.538501566866062,200.0,200.0,U
30005,-61.580480131530926,15.541243984313509,200.0,200.0,U
30006,-61.58432722567012,15.538441499203467,200.0,200.0,U
30007,-61.581717550189346,15.539977095371421,200.0,200.0,U
30008,-61.58312807590134,15.538030801681307,200.0,200.0,U
30009,-61.58305192471608,15.5391412443616,200.0,200.0,U
30010,-61.583663954876506,15.537713617379609,200.0,200.0,U
30011,-61.583333562320654,15.538584633824005,200.0,200.0,U
30012,-61.583529454932865,15.538412184384063,200.0,200.0,U
30013,-61.58300241147901,15.537126902445332,200.0,200.0,U
30014,-61.58421105094508,15.53831457693407,200.0,200.0,U
30015,-61.586424733025815,15.536181925243401,200.0,200.0,U
30016,-61.583639112658446,15.538446503697468,200.0,200.0,U
30017,-61.58464032793949,15.538543055234953,200.0,200.0,U
30018,-61.58365981576857,15.538299068532542,200.0,200.0,U
30019,-61.58408226340643,15.537324718977096,200.0,200.0,U
30020,-61.582110328359846,15.539776340874436,200.0,200.0,U
30021,-61.58372018673902,15.538631953378406,200.0,200.0,U
30022,-61.57990817889751,15.537529857804119,200.0,200.0,U
30023,-61.58295780945802,15.53818509943404,200.0,200.0,U
30024,-61.583638309269105,15.538308106918647,200.0,200.0,U
30025,-61.5837209116787,15.538479897601219,200.0,200.0,U
30026,-61.58362510448341,15.538397762277116,200.0,200.0,U
30027,-61.582835726659845,15.539373247758402,200.0,200.0,U
30028,-61.5831765877326,15.537391047351345,200.0,200.0,U
30029,-61.582855992565484,15.537453900510382,200.0,200.0,U
30030,-61.58060868388173,15.536577722961718,200.0,200.0,U
30031,-61.58346833802259,15.538578856053977,200.0,200.0,U
30032,-61.58256316592622,15.538077481154955,200.0,200.0,U
30033,-61.58172756113259,15.538854197580454,200.0,200.0,U
30034,-61.583925211564704,15.53834115161829,200.0,200.0,U
30035,-61.58909217014091,15.538848191358136,200.0,200.0,U
30036,-61.58343997516679,15.538979843165892,200.0,200.0,U
30037,-61.579632784125124,15.539554171995041,200.0,200.0,U
30038,-61.58385934531831,15.538367107631904,200.0,200.0,U
30039,-61.58415695993229,15.538103951616113,200.0,200.0,U
30040,-61.583194880958374,15.538069870851897,200.0,200.0,U
30041,-61.584878970556346,15.540294719314288,200.0,200.0,U
30042,-61.583914545082735,15.538133095768696,200.0,200.0,U
30043,-61.58421580081269,15.537776002355354,200.0,200.0,U
30044,-61.5837178970701,15.540450559858673,200.0,200.0,U
30045,-61.58039867171635,15.538743601066457,200.0,200.0,U
30046,-61.585077606815496,15.539324860946337,200.0,200.0,U
30047,-61.58434676092465,15.538326842821762,200.0,200.0,U
30048,-61.58526736135218,15.53824216953518,200.0,200.0,U
30049,-61.58235437193978,15.534763580986187,200.0,200.0,U
30050,-61.58502087647633,15.538408297751399,200.0,200.0,U
30051,-61.584362259347884,15.539098090969254,200.0,200.0,U
30052,-61.58483137636103,15.538498550783673,200.0,200.0,U
30053,-61.583799114927714,15.537958508602724,200.0,200.0,U
30054,-61.58300051556487,15.537467414343142,200.0,200.0,U
30055,-61.58383752627723,15.539050878876282,200.0,200.0,U
30056,-61.582107018287225,15.538627445402616,200.0,200.0,U
30057,-61.58527426073012,15.538985512071735,200.0,200.0,U
30058,-61.581876781766894,15.538787138186656,200.0,200.0,U
30059,-61.583614858516555,15.53591598212582,200.0,200.0,U
30060,-61.58410595565581,15.53668936758768,200.0,200.0,U
30061,-61.58056929686658,15.537628156506717,200.0,200.0,U
30062,-61.58395871047274,15.538094256384337,200.0,200.0,U
30063,-61.581482340249366,15.540175651028589,200.0,200.0,U
30064,-61.585880351123635,15.538352058845845,200.0,200.0,U
30065,-61.58516972804035,15.539675984167644,200.0,200.0,U
30066,-61.58391566931565,15.537769684456343,200.0,200.0,U
30067,-61.58293457210416,15.538903046054061,200.0,200.0,U
30068,-61.584181781165526,15.537625888827183,200.0,200.0,U
30069,-61.58392248615143,15.5398184826805,200.0,200.0,U
30070,-61.5839968174913,15.53802112818995,200.0,200.0,U
30071,-61.582785912343546,15.541207606822015,200.0,200.0,U
30072,-61.5823692173353,15.535864144603334,200.0,200.0,U
30073,-61.58437613697788,15.535841996092524,200.0,200.0,U
30074,-61.58557504194097,15.535013562422991,200.0,200.0,U
30075,-61.58322940727313,15.539165498154771,200.0,200.0,U
30076,-61.58450708340572,15.536059764288854,200.0,200.0,U
30077,-61.58405184927928,15.53802761356879,200.0,200.0,U
30078,-61.58578592015081,15.537434723393478,200.0,200.0,U
30079,-61.58337592443208,15.536647961682487,200.0,200.0,U
30080,-61.58368741295214,15.539480004099905,200.0,200.0,U
30081,-61.584182736737915,15.534759220367269,200.0,200.0,U
30082,-61.584301549814114,15.53818098534795,200.0,200.0,U
30083,-61.58364330532366,15.53945338481514,200.0,200.0,U
30084,-61.58318972227384,15.537693772742546,200.0,200.0,U
30085,-61.58416278211672,15.53783167768798,200.0,200.0,U
30086,-61.58498553702976,15.536179415789226,200.0,200.0,U
30087,-61.58533845358299,15.539516728810792,200.0,200.0,U
30088,-61.58477327782885,15.538003360650437,200.0,200.0,U
30089,-61.58436364730933,15.537835695616142,200.0,200.0,U
30090,-61.58188324081839,15.536994669641969,200.0,200.0,U
30091,-61.582358656935796,15.535222495233532,200.0,200.0,U
30092,-61.58314950919276,15.53554893482302,200.0,200.0,U
30093,-61.58323386463577,15.535868406607241,200.0,200.0,U
30094,-61.58721091413864,15.539213316315179,200.0,200.0,U
30095,-61.58408919030957,15.53696779269236,200.0,200.0,U
30096,-61.58257482663372,15.541677423507064,200.0,200.0,U
30097,-61.5825512643352,15.540252772690573,200.0,200.0,U
30098,-61.585837884962736,15.538509868234573,200.0,200.0,U
30099,-61.58421046737309,15.542774586834096,200.0,200.0,U
30100,-61.58335183699468,15.53654725345607,200.0,200.0,U
30101,-61.58472115111769,15.539532417928969,200.0,200.0,U
30102,-61.584681605844686,15.538057037345794,200.0,200.0,U
30103,-61.583873671775606,15.537972578920488,200.0,200.0,U
30104,-61.58478972537939,15.538415127460667,200.0,200.0,U
30105,-61.584870570346446,15.53789991933276,200.0,200.0,U
30106,-61.58249744685986,15.535568413718323,200.0,200.0,U
30107,-61.58425144944659,15.538873948662976,200.0,200.0,U
30108,-61.58695915433507,15.537672900291657,200.0,200.0,U
30109,-61.584052708645295,15.538145605388603,200.0,200.0,U
30110,-61.58463518406444,15.54043126098344,200.0,200.0,U
30111,-61.58507851123568,15.538063294810264,200.0,200.0,U
30112,-61.58547127527035,15.536088776667084,200.0,200.0,U
30113,-61.58392344202673,15.539071992588498,200.0,200.0,U
30114,-61.58312927979928,15.538606860717078,200.0,200.0,U
30115,-61.583809830061114,15.53692720848478,200.0,200.0,U
30116,-61.582861054458974,15.539663731123673,200.0,200.0,U
-180,-61.5316878551457,15.506658756895598,10.0,10.0,G
-179,-61.5317366360885,15.50662009139778,10.0,10.0,G
-178,-61.531740176902,15.50661970013107,10.0,10.0,G
-177,-61.53174016839402,15.506554409934605,10.0,10.0,G
-176,-61.531747458043874,15.506616470872002,10.0,10.0,G
-175,-61.53172280055917,15.506596983677053,10.0,10.0,G
-174,-61.53174911796695,15.506570618708562,10.0,10.0,G
-173,-61.531768875372215,15.50662958851271,10.0,10.0,G
-172,-61.531732139482514,15.506579883792964,10.0,10.0,G
-171,-61.53172684944069,15.50661211836173,10.0,10.0,G
-170,-61.531744347728406,15.506635354424024,10.0,10.0,G
-169,-61.531860939883224,15.506643841476544,10.0,10.0,G
-168,-61.531692931886056,15.50664545911004,10.0,10.0,G
-167,-61.53177933954291,15.506679920588173,10.0,10.0,G
-166,-61.5317308299904,15.50658535344225,10.0,10.0,G
-165,-61.531840038803196,15.506659868884425,10.0,10.0,G
-164,-61.531864452959844,15.506648209483664,10.0,10.0,G
-163,-61.531753912830176,15.506719570514905,10.0,10.0,G
-162,-61.53164928811827,15.5067346931793,10.0,10.0,G
-161,-61.53174992250622,15.506695366388167,10.0,10.0,G
-160,-61.53183669308351,15.506593173970145,10.0,10.0,G
-159,-61.53181819309879,15.506672083462295,10.0,10.0,G
-158,-61.53179494057304,15.506658958373235,10.0,10.0,G
-157,-61.531850427104295,15.506689167763994,10.0,10.0,G
-156,-61.53165713379655,15.506690234406621,10.0,10.0,G
-155,-61.53173433968807,15.506615904389822,10.0,10.0,G
-154,-61.53184447666595,15.506651728490857,10.0,10.0,G
-153,-61.531850820873316,15.506664982213813,10.0,10.0,G
-152,-61.53172404628625,15.506740178659939,10.0,10.0,G
-151,-61.531780883295596,15.506592346165407,10.0,10.0,G
-150,-61.53183402476423,15.506670568476066,10.0,10.0,G
-149,-61.53175683627789,15.50667637939703,10.0,10.0,G
-148,-61.53180526836038,15.50666205536865,10.0,10.0,G
-147,-61.53193090940665,15.50669553552217,10.0,10.0,G
-146,-61.5319882161728,15.506740470589563,10.0,10.0,G
-145,-61.531751588909415,15.506716616063827,10.0,10.0,G
-144,-61.53181689618039,15.506604244009178,10.0,10.0,G
-143,-61.53187156162364,15.506730525869806,10.0,10.0,G
-142,-61.53170940491203,15.506636177553437,10.0,10.0,G
-141,-61.53181403188809,15.506696101821356,10.0,10.0,G
-140,-61.531963512596654,15.506715263216318,10.0,10.0,G
-139,-61.53184426093694,15.506697877715073,10.0,10.0,G
-138,-61.531829170552804,15.506670097918754,10.0,10.0,G
-137,-61.531858931637366,15.506718967555555,10.0,10.0,G
-136,-61.53185548085597,15.506712045088452,10.0,10.0,G
-135,-61.53191308073272,15.506550217311306,10.0,10.0,G
-134,-61.53184681765552,15.506735253753574,10.0,10.0,G
-133,-61.53184580874464,15.50673193796475,10.0,10.0,G
-132,-61.53181282052857,15.506626709151847,10.0,10.0,G
-131,-61.53193300083553,15.50677885109963,10.0,10.0,G
-130,-61.532015324240895,15.506740114603762,10.0,10.0,G
-129,-61.531746414706824,15.50680731478922,10.0,10.0,G
-128,-61.53196673487287,15.506884098885259,10.0,10.0,G
-127,-61.53188086133766,15.506869736782903,10.0,10.0,G
-126,-61.531985510152616,15.506656755277273,10.0,10.0,G
-125,-61.531888455691096,15.50667732550473,10.0,10.0,G
-124,-61.53191223980675,15.506759242758323,10.0,10.0,G
-123,-61.53190712243136,15.506726188958845,10.0,10.0,G
-122,-61.531892478830926,15.506743245977216,10.0,10.0,G
-121,-61.531812295413346,15.506656495078063,10.0,10.0,G
-120,-61.53190286604902,15.506736017830425,10.0,10.0,G
-119,-61.531823669611896,15.50681337285018,10.0,10.0,G
-118,-61.53210492220234,15.506690275554577,10.0,10.0,G
-117,-61.531894980673954,15.506771252254598,10.0,10.0,G
-116,-61.531926840965596,15.506737220094518,10.0,10.0,G
-115,-61.53192584613022,15.506696157389133,10.0,10.0,G
-114,-61.531917880888194,15.506826894351525,10.0,10.0,G
-113,-61.531936772283835,15.506738309897928,10.0,10.0,G
-112,-61.53192915738129,15.506780856362248,10.0,10.0,G
-111,-61.531934788522044,15.506797509984752,10.0,10.0,G
-110,-61.53193305651713,15.506770000511562,10.0,10.0,G
-109,-61.53194777609922,15.50678036649274,10.0,10.0,G
-108,-61.53192406212972,15.506785989768542,10.0,10.0,G
-107,-61.53175223362441,15.506547207138858,10.0,10.0,G
-106,-61.531998767076075,15.506761303762392,10.0,10.0,G
-105,-61.531890097415776,15.506737596564204,10.0,10.0,G
-104,-61.53202795785282,15.506577930172183,10.0,10.0,G
-103,-61.53196705786889,15.506785542819962,10.0,10.0,G
-102,-61.531992657608235,15.506740459506977,10.0,10.0,G
-101,-61.53194485469748,15.506808628780469,10.0,10.0,G
-100,-61.5320793890143,15.506973194507797,10.0,10.0,G
-99,-61.53194534842786,15.506840523107185,10.0,10.0,G
-98,-61.53194385780227,15.506749376815637,10.0,10.0,G
-97,-61.53212274966626,15.506758861714468,10.0,10.0,G
-96,-61.53190379655802,15.50684105712714,10.0,10.0,G
-95,-61.53196425637406,15.506855955341663,10.0,10.0,G
-94,-61.53203291487645,15.506810853365275,10.0,10.0,G
-93,-61.53197436429061,15.506850683209162,10.0,10.0,G
-92,-61.53205761132071,15.506757253816769,10.0,10.0,G
-91,-61.53199048940286,15.506801428944378,10.0,10.0,G
-90,-61.53210705606311,15.50684465436905,10.0,10.0,G
-89,-61.53196704244061,15.50683323067901,10.0,10.0,G
-88,-61.5319036810947,15.506918139628803,10.0,10.0,G
-87,-61.53198623740386,15.50685065534067,10.0,10.0,G
-86,-61.531938557236415,15.506875270922157,10.0,10.0,G
-85,-61.532009168528496,15.506850358439161,10.0,10.0,G
-84,-61.53201123829561,15.506841660564588,10.0,10.0,G
-83,-61.53190191356984,15.506861132786362,10.0,10.0,G
-82,-61.53192762199465,15.50670884065951,10.0,10.0,G
-81,-61.53199521396866,15.506840427327168,10.0,10.0,G
-80,-61.53205821243672,15.506890780186511,10.0,10.0,G
-79,-61.532103732285606,15.50680652708916,10.0,10.0,G
-78,-61.53202522281238,15.506857837431973,10.0,10.0,G
-77,-61.53204658861847,15.50681379561722,10.0,10.0,G
-76,-61.532027839887604,15.506778246994918,10.0,10.0,G
-75,-61.53203448639405,15.506877259505876,10.0,10.0,G
-74,-61.53199159137411,15.50686156462024,10.0,10.0,G
-73,-61.53202135307902,15.50686647429177,10.0,10.0,G
-72,-61.53205941313001,15.506888271278239,10.0,10.0,G
-71,-61.53206537742095,15.506826397610956,10.0,10.0,G
-70,-61.532070230261255,15.506888999333633,10.0,10.0,G
-69,-61.532075728906754,15.5069425270831,10.0,10.0,G
-68,-61.531919104110045,15.50685970540631,10.0,10.0,G
-67,-61.532027259961176,15.506868877861221,10.0,10.0,G
-66,-61.53208277623541,15.506904383987806,10.0,10.0,G
-65,-61.53213586437861,15.506935545235926,10.0,10.0,G
-64,-61.53207738007678,15.506913375783382,10.0,10.0,G
-63,-61.53206390123988,15.50690299137095,10.0,10.0,G
-62,-61.532126305461695,15.506914960344629,10.0,10.0,G
-61,-61.53213757767704,15.506803009094753,10.0,10.0,G
-60,-61.532101940919354,15.506916339335438,10.0,10.0,G
-59,-61.53203843164516,15.50695324251446,10.0,10.0,G
-58,-61.53213324260605,15.50694300321369,10.0,10.0,G
-57,-61.532099616692484,15.506919880854566,10.0,10.0,G
-56,-61.53206921051689,15.506956831458078,10.0,10.0,G
-55,-61.532089061833574,15.506908805420222,10.0,10.0,G
-54,-61.532136160884015,15.506904508853555,10.0,10.0,G
-53,-61.532161213790076,15.506815232305678,10.0,10.0,G
-52,-61.53214019098992,15.50697521807384,10.0,10.0,G
-51,-61.53210504935958,15.506939717400495,10.0,10.0,G
-50,-61.532022907210006,15.506841590487987,10.0,10.0,G
-49,-61.532064539913556,15.506906693776171,10.0,10.0,G
-48,-61.5321162490611,15.506924079810426,10.0,10.0,G
-47,-61.532106338286155,15.50694151456365,10.0,10.0,G
-46,-61.53223625232706,15.506855454004983,10.0,10.0,G
-45,-61.53204157219249,15.506908208280105,10.0,10.0,G
-44,-61.53213081306048,15.506907172357662,10.0,10.0,G
-43,-61.53213045300997,15.506968487563627,10.0,10.0,G
-42,-61.53212680639937,15.506925385455137,10.0,10.0,G
-41,-61.53210401626704,15.506950290695523,10.0,10.0,G
-40,-61.5321146460382,15.506977921910144,10.0,10.0,G
-39,-61.532213916746855,15.506938513735946,10.0,10.0,G
-38,-61.53220991124341,15.506921349335524,10.0,10.0,G
-37,-61.5319763608961,15.50689557282638,10.0,10.0,G
-36,-61.532121407497705,15.507003138930957,10.0,10.0,G
-35,-61.53216663317767,15.506976703245764,10.0,10.0,G
-34,-61.53214397824458,15.506978599662473,10.0,10.0,G
-33,-61.53217285601456,15.506939874485493,10.0,10.0,G
-32,-61.53215770756341,15.506978856959993,10.0,10.0,G
-31,-61.53216405617737,15.506962240586773,10.0,10.0,G
-30,-61.532198365766945,15.506979776529347,10.0,10.0,G
-29,-61.5321694800086,15.506989495288718,10.0,10.0,G
-28,-61.53210291551017,15.5070915677989,10.0,10.0,G
-27,-61.53218099735298,15.507036557238132,10.0,10.0,G
-26,-61.53212655825175,15.506991258867286,10.0,10.0,G
-25,-61.53208773756595,15.507048981547964,10.0,10.0,G
-24,-61.53219876035418,15.50696607367702,10.0,10.0,G
-23,-61.53207763335115,15.5071622585427,10.0,10.0,G
-22,-61.532189278888296,15.50698485093908,10.0,10.0,G
-21,-61.53219845451534,15.507145829109012,10.0,10.0,G
-20,-61.53217006865262,15.50701758057232,10.0,10.0,G
-19,-61.53223221454556,15.506929259390356,10.0,10.0,G
-18,-61.53215940636893,15.507098099138112,10.0,10.0,G
-17,-61.53216420666893,15.506996331314625,10.0,10.0,G
-16,-61.53221173997114,15.507025229512319,10.0,10.0,G
-15,-61.53222355758072,15.507028921652939,10.0,10.0,G
-14,-61.53222372609493,15.50702579283911,10.0,10.0,G
-13,-61.53222376346138,15.506995723903069,10.0,10.0,G
-12,-61.532221485415405,15.506980328080004,10.0,10.0,G
-11,-61.532223848167895,15.507122929441843,10.0,10.0,G
-10,-61.53224804711949,15.506829718439425,10.0,10.0,G
-9,-61.53222024703387,15.50707737116997,10.0,10.0,G
-8,-61.53228112947573,15.507075093835375,10.0,10.0,G
-7,-61.532438164292316,15.50716561333997,10.0,10.0,G
-6,-61.532302489472904,15.507086696617138,10.0,10.0,G
-5,-61.53219060367763,15.50702276257227,10.0,10.0,G
-4,-61.532344532339486,15.50715922766264,10.0,10.0,G
-3,-61.532317544586704,15.506995481294279,10.0,10.0,G
-2,-61.53222450457583,15.5070871949913,10.0,10.0,G
-1,-61.53232341781369,15.507023634217878,10.0,10.0,G
0,-61.53223518538591,15.507021839238567,10.0,10.0,G
1,-61.53225907164583,15.506975712288138,10.0,10.0,G
2,-61.53226039257638,15.507079351202174,10.0,10.0,G
3,-61.53220668389851,15.507137684511907,10.0,10.0,G
4,-61.53229229753481,15.506922922661847,10.0,10.0,G
5,-61.53219814658725,15.506955912487106,10.0,10.0,G
6,-61.53227074554055,15.507014715819881,10.0,10.0,G
7,-61.5322655381799,15.507175084948969,10.0,10.0,G
8,-61.53227863235368,15.507082623690906,10.0,10.0,G
9,-61.53227196490305,15.507159865192772,10.0,10.0,G
10,-61.53219521999559,15.507029432544664,10.0,10.0,G
11,-61.53235544805802,15.507203553625933,10.0,10.0,G
12,-61.53231784145906,15.507125927152972,10.0,10.0,G
13,-61.532176460337254,15.507204756477625,10.0,10.0,G
14,-61.5322377260096,15.507084639897503,10.0,10.0,G
15,-61.53229914777142,15.507101425322364,10.0,10.0,G
16,-61.532337201598175,15.507211078874821,10.0,10.0,G
17,-61.5322517414314,15.507113758794267,10.0,10.0,G
18,-61.53239090565347,15.507089879087594,10.0,10.0,G
19,-61.53225687511602,15.507179899851476,10.0,10.0,G
20,-61.53234877034135,15.507159148722376,10.0,10.0,G
21,-61.53232811448596,15.507064694288385,10.0,10.0,G
22,-61.53237551092912,15.50714695211499,10.0,10.0,G
23,-61.53220209985308,15.507161152170923,10.0,10.0,G
24,-61.53239824071626,15.507192939258832,10.0,10.0,G
25,-61.53229339270843,15.507115542564122,10.0,10.0,G
26,-61.532402940424234,15.50714204345175,10.0,10.0,G
27,-61.53234221070839,15.507139256995485,10.0,10.0,G
28,-61.53233515044338,15.50715389366813,10.0,10.0,G
29,-61.53234365083369,15.507158204904266,10.0,10.0,G
30,-61.532439343704546,15.507096700106189,10.0,10.0,G
31,-61.532305172567874,15.507154668939615,10.0,10.0,G
32,-61.532255930045956,15.507146261929163,10.0,10.0,G
33,-61.53214406895517,15.507000168007544,10.0,10.0,G
34,-61.532487942824055,15.507023979469302,10.0,10.0,G
35,-61.53248547474907,15.507101190538785,10.0,10.0,G
36,-61.532338604615646,15.507158186356579,10.0,10.0,G
37,-61.53236736805476,15.507173820531834,10.0,10.0,G
38,-61.53246503106877,15.507102144156326,10.0,10.0,G
39,-61.532320888978326,15.50731726493477,10.0,10.0,G
40,-61.53238246590784,15.507199102577871,10.0,10.0,G
41,-61.53237093390893,15.507120492940567,10.0,10.0,G
42,-61.53232087757735,15.50723288730378,10.0,10.0,G
43,-61.53237663959149,15.507234933557912,10.0,10.0,G
44,-61.532407304440234,15.507143373094957,10.0,10.0,G
45,-61.53229414181189,15.507296545541166,10.0,10.0,G
46,-61.53252756255912,15.507283426577402,10.0,10.0,G
47,-61.53236872363637,15.507193779911841,10.0,10.0,G
48,-61.53239901588059,15.507169728674375,10.0,10.0,G
49,-61.53239807396937,15.507203431878192,10.0,10.0,G
50,-61.5324130317525,15.507238050255546,10.0,10.0,G
51,-61.53251632075527,15.50738455878863,10.0,10.0,G
52,-61.5325971570961,15.50708902372097,10.0,10.0,G
53,-61.53241748439883,15.507200506225157,10.0,10.0,G
54,-61.53239358037107,15.50732722494354,10.0,10.0,G
55,-61.532458158414855,15.507257464221867,10.0,10.0,G
56,-61.532336146482784,15.507189741782076,10.0,10.0,G
57,-61.53243153327383,15.507240269620707,10.0,10.0,G
58,-61.53242913090177,15.507233309159625,10.0,10.0,G
59,-61.53241048010379,15.5072737906904,10.0,10.0,G
60,-61.53252936084981,15.507303492434527,10.0,10.0,G
61,-61.532469024418326,15.507173657918496,10.0,10.0,G
62,-61.53230709948554,15.507335439902743,10.0,10.0,G
63,-61.5325397755301,15.507243843721714,10.0,10.0,G
64,-61.53243145685501,15.507235445690963,10.0,10.0,G
65,-61.53229171109844,15.507213458483099,10.0,10.0,G
66,-61.5323954349443,15.507327522206895,10.0,10.0,G
67,-61.53254526620396,15.50731866561236,10.0,10.0,G
68,-61.53262196110876,15.507312681377144,10.0,10.0,G
69,-61.53247271611796,15.507276026840552,10.0,10.0,G
70,-61.53234426850541,15.507308188520843,10.0,10.0,G
71,-61.532461628515236,15.507180001150402,10.0,10.0,G
72,-61.53247514293247,15.507238376808786,10.0,10.0,G
73,-61.53242787216789,15.507243902204738,10.0,10.0,G
74,-61.532565835933354,15.507236344328934,10.0,10.0,G
75,-61.5325273103296,15.507367553180417,10.0,10.0,G
76,-61.532507324687394,15.50729979722608,10.0,10.0,G
77,-61.532410218506165,15.507310519813075,10.0,10.0,G
78,-61.53249542294536,15.507287481339588,10.0,10.0,G
79,-61.53249112073752,15.507294246283713,10.0,10.0,G
80,-61.53253886890287,15.507182074017804,10.0,10.0,G
81,-61.532577020547265,15.50717622922013,10.0,10.0,G
82,-61.5324999749368,15.507254321962312,10.0,10.0,G
83,-61.532478927506844,15.507344995134169,10.0,10.0,G
84,-61.53247607241858,15.507332186186131,10.0,10.0,G
85,-61.53256356228115,15.507358931963713,10.0,10.0,G
86,-61.53246044811377,15.507397357446267,10.0,10.0,G
87,-61.53249747277487,15.507325376744033,10.0,10.0,G
88,-61.53252038667246,15.507330906292268,10.0,10.0,G
89,-61.53255289393893,15.507273673218126,10.0,10.0,G
90,-61.53267960223899,15.507256080100223,10.0,10.0,G
91,-61.53255477360005,15.5074437032409,10.0,10.0,G
92,-61.532540817220145,15.507341031933093,10.0,10.0,G
93,-61.532547611868175,15.507394918923861,10.0,10.0,G
94,-61.53254069635049,15.507335069922897,10.0,10.0,G
95,-61.532488237330206,15.50734723012244,10.0,10.0,G
96,-61.532543564949485,15.50727681848948,10.0,10.0,G
97,-61.53272192397037,15.507343645824626,10.0,10.0,G
98,-61.532444295100255,15.507359861484696,10.0,10.0,G
99,-61.53263615905591,15.507404536199534,10.0,10.0,G
100,-61.5324407532566,15.507378319882243,10.0,10.0,G
101,-61.53255686496215,15.507349324615111,10.0,10.0,G
102,-61.532545720460874,15.507186761719188,10.0,10.0,G
103,-61.53260867651977,15.507359168663331,10.0,10.0,G
104,-61.53257307521159,15.507435829018968,10.0,10.0,G
105,-61.53256275636705,15.507326300137958,10.0,10.0,G
106,-61.53247702761302,15.50736704058324,10.0,10.0,G
107,-61.53261645895482,15.507263629133913,10.0,10.0,G
108,-61.532710577528235,15.507310972480044,10.0,10.0,G
109,-61.532630003213455,15.507295513810107,10.0,10.0,G
110,-61.53258623216224,15.507378836529185,10.0,10.0,G
111,-61.53256937417896,15.50740410385039,10.0,10.0,G
112,-61.53256982694984,15.507337481218254,10.0,10.0,G
113,-61.532637694724535,15.507385882835734,10.0,10.0,G
114,-61.53250425790465,15.507515500782954,10.0,10.0,G
115,-61.532478440341336,15.507409194983442,10.0,10.0,G
116,-61.53271396194362,15.507371297637933,10.0,10.0,G
117,-61.532503820320315,15.507207626044867,10.0,10.0,G
118,-61.532614759682794,15.507401720092927,10.0,10.0,G
119,-61.53276884797728,15.507484690731673,10.0,10.0,G
120,-61.53259288826648,15.507265564956784,10.0,10.0,G
121,-61.53262543814942,15.507347740138673,10.0,10.0,G
122,-61.53255073637297,15.507505594964083,10.0,10.0,G
123,-61.53261957555988,15.50744717202738,10.0,10.0,G
124,-61.53268656983543,15.507506057185473,10.0,10.0,G
125,-61.53268194994286,15.507528063313456,10.0,10.0,G
126,-61.53269552063686,15.507455198693242,10.0,10.0,G
127,-61.532708916829826,15.50743065207476,10.0,10.0,G
128,-61.53266975004745,15.507421895889207,10.0,10.0,G
129,-61.53263190530731,15.507355232819625,10.0,10.0,G
130,-61.532638968932815,15.50746057484326,10.0,10.0,G
131,-61.532545835552966,15.507473941096807,10.0,10.0,G
132,-61.53259352276548,15.507521118322677,10.0,10.0,G
133,-61.53266424042607,15.507433412585893,10.0,10.0,G
134,-61.532715529488584,15.507359068766535,10.0,10.0,G
135,-61.53261847360438,15.507456012366847,10.0,10.0,G
136,-61.53267392543493,15.507461709551205,10.0,10.0,G
137,-61.53266908089492,15.507491915305355,10.0,10.0,G
138,-61.53274158213308,15.507473263719563,10.0,10.0,G
139,-61.53263749615745,15.507423713312969,10.0,10.0,G
140,-61.532643531787166,15.507503871977868,10.0,10.0,G
141,-61.532725058319784,15.507403572298278,10.0,10.0,G
142,-61.53263968228189,15.507471322590872,10.0,10.0,G
143,-61.532699849117336,15.507532351023,10.0,10.0,G
144,-61.532708980674855,15.507262626428885,10.0,10.0,G
145,-61.53273857435342,15.507537094801867,10.0,10.0,G
146,-61.53273224825765,15.507490151818223,10.0,10.0,G
147,-61.53268927175243,15.507580253813757,10.0,10.0,G
148,-61.53269896991971,15.50749331626314,10.0,10.0,G
149,-61.53270130452246,15.507509712401003,10.0,10.0,G
150,-61.532740221988924,15.507445008091437,10.0,10.0,G
151,-61.53272858414806,15.507519458400953,10.0,10.0,G
152,-61.53268979374262,15.507536008071579,10.0,10.0,G
153,-61.532732439995954,15.507464017855316,10.0,10.0,G
154,-61.53302489361074,15.507601818641891,10.0,10.0,G
155,-61.53266678683474,15.507548183996574,10.0,10.0,G
156,-61.5328098256724,15.507477860423995,10.0,10.0,G
157,-61.53273247007243,15.507531512754106,10.0,10.0,G
158,-61.532683789879286,15.507578122519526,10.0,10.0,G
159,-61.53274202676718,15.507534610856206,10.0,10.0,G
160,-61.532758362406675,15.50752870279938,10.0,10.0,G
161,-61.53273470372561,15.507527809140262,10.0,10.0,G
162,-61.53267915189796,15.507543412551376,10.0,10.0,G
163,-61.53272252252142,15.50752949032845,10.0,10.0,G
164,-61.53277146269346,15.507599660203848,10.0,10.0,G
165,-61.53275534743082,15.507586494799327,10.0,10.0,G
166,-61.532712273212155,15.507577804926692,10.0,10.0,G
167,-61.53268265294607,15.507596460311689,10.0,10.0,G
168,-61.532646659085124,15.507659949164847,10.0,10.0,G
169,-61.532700059803936,15.507538156980303,10.0,10.0,G
170,-61.53279312411489,15.507529787461282,10.0,10.0,G
171,-61.53275429629919,15.507458176508234,10.0,10.0,G
172,-61.532800276075584,15.507656092167299,10.0,10.0,G
173,-61.53275192640756,15.507487403277272,10.0,10.0,G
174,-61.53274870994379,15.50758575450353,10.0,10.0,G
175,-61.53283650669063,15.507482906896016,10.0,10.0,G
176,-61.532860529662656,15.507612807555429,10.0,10.0,G
177,-61.53271023095643,15.507553031992861,10.0,10.0,G
178,-61.53285008754723,15.50763598109904,10.0,10.0,G
179,-61.53274490913486,15.507550538419741,10.0,10.0,G
180,-61.532805333032066,15.50754725346192,10.0,10.0,G
181,-61.532787767017055,15.507657890163768,10.0,10.0,G
182,-61.532788521405834,15.507674411208646,10.0,10.0,G
183,-61.53280607981189,15.507590957482643,10.0,10.0,G
184,-61.53286756395208,15.507682634187686,10.0,10.0,G
185,-61.532787509344466,15.507596780378021,10.0,10.0,G
186,-61.532814268098264,15.507615576051181,10.0,10.0,G
187,-61.532834120788976,15.507656319426417,10.0,10.0,G
188,-61.53302024149904,15.507582513777013,10.0,10.0,G
189,-61.53279271276437,15.507620194064941,10.0,10.0,G
190,-61.53273873296921,15.507489967628914,10.0,10.0,G
191,-61.532815590846695,15.5076436318477,10.0,10.0,G
192,-61.532829878818866,15.507635960130429,10.0,10.0,G
193,-61.532905864916856,15.507627576331547,10.0,10.0,G
194,-61.53283987327606,15.507639318295833,10.0,10.0,G
195,-61.53293160375176,15.507823482867623,10.0,10.0,G
196,-61.53284228948815,15.507628119623577,10.0,10.0,G
197,-61.5328996258967,15.507637612062235,10.0,10.0,G
198,-61.53296338544517,15.507790994328351,10.0,10.0,G
199,-61.532893177186715,15.507699074414424,10.0,10.0,G
200,-61.53275685093213,15.50774218009866,10.0,10.0,G
201,-61.53295854049224,15.50757038182856,10.0,10.0,G
202,-61.53285564592098,15.507704962934062,10.0,10.0,G
203,-61.53282350278373,15.507691163467204,10.0,10.0,G
204,-61.53285569224207,15.507641130056436,10.0,10.0,G
205,-61.53287925849686,15.507673742456578,10.0,10.0,G
206,-61.532917641582436,15.507829416862108,10.0,10.0,G
207,-61.53285823697922,15.507673753001752,10.0,10.0,G
208,-61.532748157606036,15.507548906300102,10.0,10.0,G
209,-61.53283975148539,15.50773663786325,10.0,10.0,G
210,-61.53288660781671,15.507669464739315,10.0,10.0,G
211,-61.5328169427364,15.507711197590003,10.0,10.0,G
212,-61.532880240077475,15.507689126875187,10.0,10.0,G
213,-61.53285329796291,15.507634323098634,10.0,10.0,G
214,-61.53289913510709,15.507684158066263,10.0,10.0,G
215,-61.532994927589044,15.507757926742075,10.0,10.0,G
216,-61.53285989022649,15.507727662658711,10.0,10.0,G
217,-61.53296475020492,15.507801145529122,10.0,10.0,G
218,-61.53303306682612,15.507881209732634,10.0,10.0,G
219,-61.53291283783474,15.507737726096218,10.0,10.0,G
220,-61.53292590935136,15.507739929742403,10.0,10.0,G
221,-61.532780071804105,15.507737568359993,10.0,10.0,G
222,-61.53302187614531,15.507661936274268,10.0,10.0,G
223,-61.5331412828872,15.507890734299838,10.0,10.0,G
224,-61.532908788162985,15.507611816239477,10.0,10.0,G
225,-61.532948417050726,15.507671880429225,10.0,10.0,G
226,-61.532982435240655,15.507724765423836,10.0,10.0,G
227,-61.532944579529826,15.507761576908083,10.0,10.0,G
228,-61.532899587500836,15.507726037318871,10.0,10.0,G
229,-61.53283447802477,15.507663728717574,10.0,10.0,G
230,-61.532975844889634,15.507669291573038,10.0,10.0,G
231,-61.53320475093676,15.507702374791297,10.0,10.0,G
232,-61.53300888660853,15.50776546247724,10.0,10.0,G
233,-61.53300412882209,15.50770107736367,10.0,10.0,G
234,-61.53290200820325,15.507672810852283,10.0,10.0,G
235,-61.53300148804302,15.50776170020954,10.0,10.0,G
236,-61.533009075094974,15.507804490864407,10.0,10.0,G
237,-61.532971662274704,15.507777493165404,10.0,10.0,G
238,-61.53309125111406,15.507657104672862,10.0,10.0,G
239,-61.53305445774453,15.507789686108781,10.0,10.0,G
240,-61.53297522608825,15.507729324975491,10.0,10.0,G
241,-61.53297003426168,15.5077777627442,10.0,10.0,G
242,-61.53298301072734,15.507787518986754,10.0,10.0,G
243,-61.53293361898685,15.507891082892321,10.0,10.0,G
244,-61.53310488866958,15.507906424566416,10.0,10.0,G
245,-61.533002140325415,15.50780799767378,10.0,10.0,G
246,-61.53299874096337,15.507534485454013,10.0,10.0,G
247,-61.53294248988689,15.50788183220947,10.0,10.0,G
248,-61.53305418449457,15.507864523748772,10.0,10.0,G
249,-61.53298018822252,15.507806696730254,10.0,10.0,G
250,-61.5330075559305,15.507900773460289,10.0,10.0,G
251,-61.53302545483543,15.507744251254017,10.0,10.0,G
252,-61.533032794914796,15.507784229829785,10.0,10.0,G
253,-61.53307539169155,15.507780521259017,10.0,10.0,G
254,-61.53305664217251,15.507839355096545,10.0,10.0,G
255,-61.532928149319616,15.507865000718047,10.0,10.0,G
256,-61.533029448198796,15.507832186115301,10.0,10.0,G
257,-61.53295927299332,15.507790345994986,10.0,10.0,G
3932,-61.54557701506493,15.527371352640886,10.0,10.0,G
3933,-61.5456792931608,15.527448917836477,10.0,10.0,G
3934,-61.54556454832602,15.527525950557774,10.0,10.0,G
3935,-61.54549937177765,15.527410876288924,10.0,10.0,G
3936,-61.54558400030129,15.527450970860166,10.0,10.0,G
3937,-61.54551296899022,15.527509825132356,10.0,10.0,G
3938,-61.545533762071976,15.52739899284002,10.0,10.0,G
3939,-61.54555925324843,15.527486138960768,10.0,10.0,G
3940,-61.545510092283564,15.527640869424792,10.0,10.0,G
3941,-61.54572319883858,15.527419195485624,10.0,10.0,G
3942,-61.545615150797325,15.527532071253034,10.0,10.0,G
3943,-61.54560818687224,15.527545009047124,10.0,10.0,G
3944,-61.54549614577504,15.527505475411406,10.0,10.0,G
3945,-61.54565115056307,15.527529902246634,10.0,10.0,G
3946,-61.54567147255747,15.527526687831067,10.0,10.0,G
3947,-61.54561898894809,15.527595520335192,10.0,10.0,G
3948,-61.545626804699694,15.527568425198167,10.0,10.0,G
3949,-61.54560322956494,15.527596638279707,10.0,10.0,G
3950,-61.54571430142359,15.527536091941029,10.0,10.0,G
3951,-61.54564972258057,15.527489708680688,10.0,10.0,G
3952,-61.54561198748968,15.527536240517946,10.0,10.0,G
3953,-61.54559918557608,15.527462410415678,10.0,10.0,G
3954,-61.5456113039405,15.527581536150342,10.0,10.0,G
3955,-61.545582190598,15.527690981057182,10.0,10.0,G
3956,-61.54565360253782,15.527620234681974,10.0,10.0,G
3957,-61.54582807876778,15.527702913532641,10.0,10.0,G
3958,-61.54569106054166,15.527528323496554,10.0,10.0,G
3959,-61.54572215720749,15.527601683245402,10.0,10.0,G
3960,-61.54565366573722,15.527667831418443,10.0,10.0,G
3961,-61.545738786745765,15.52746814806454,10.0,10.0,G
3962,-61.545521147969176,15.527572126801008,10.0,10.0,G
3963,-61.54567278047459,15.527726891116686,10.0,10.0,G
3964,-61.54564874964139,15.527698492015631,10.0,10.0,G
3965,-61.54578069289112,15.527610907142346,10.0,10.0,G
3966,-61.54569349571646,15.527661403821297,10.0,10.0,G
3967,-61.545690077383426,15.527615820012683,10.0,10.0,G
3968,-61.545850645626665,15.527723753903931,10.0,10.0,G
3969,-61.545709855580824,15.52776909518571,10.0,10.0,G
3970,-61.54584271237289,15.527734515438482,10.0,10.0,G
3971,-61.54585067146209,15.527688628550154,10.0,10.0,G
3972,-61.54570795524891,15.52770359675667,10.0,10.0,G
3973,-61.54561993977195,15.527641005445156,10.0,10.0,G
3974,-61.54567145912086,15.527717327304245,10.0,10.0,G
3975,-61.54573690927812,15.52770980030081,10.0,10.0,G
3976,-61.54569421590722,15.52777589935075,10.0,10.0,G
3977,-61.54575574323274,15.527761137064997,10.0,10.0,G
3978,-61.545707725491674,15.527759017217978,10.0,10.0,G
3979,-61.545823534534385,15.527797046908514,10.0,10.0,G
3980,-61.54570845233094,15.527737221686683,10.0,10.0,G
3981,-61.545644993966164,15.527670904867175,10.0,10.0,G
3982,-61.54577240795676,15.527726284938971,10.0,10.0,G
3983,-61.54580041262855,15.527712997394707,10.0,10.0,G
3984,-61.5457435560242,15.527775577933774,10.0,10.0,G
3985,-61.545722136172856,15.527818431563983,10.0,10.0,G
3986,-61.54564654948008,15.52782071953033,10.0,10.0,G
3987,-61.545744069743364,15.52778884249081,10.0,10.0,G
3988,-61.545765500108445,15.527768046099409,10.0,10.0,G
3989,-61.545759417852416,15.527778578503382,10.0,10.0,G
3990,-61.54587146746154,15.527836844067076,10.0,10.0,G
3991,-61.54575768729306,15.527825469948901,10.0,10.0,G
3992,-61.54570814475345,15.527811963556951,10.0,10.0,G
3993,-61.54567936617514,15.527776179366006,10.0,10.0,G
3994,-61.545771204954555,15.527882605367282,10.0,10.0,G
3995,-61.54580168500412,15.527801617495077,10.0,10.0,G
3996,-61.54597565441027,15.527944489154308,10.0,10.0,G
3997,-61.54578488243445,15.52783597919824,10.0,10.0,G
3998,-61.54584594879383,15.527800149650133,10.0,10.0,G
3999,-61.54570210615656,15.527808728603029,10.0,10.0,G
4000,-61.545894382846704,15.527874599711257,10.0,10.0,G
4001,-61.54591143361353,15.527798041443052,10.0,10.0,G
4002,-61.5458180895699,15.52786254253576,10.0,10.0,G
4003,-61.54578600197635,15.527749451133323,10.0,10.0,G
4004,-61.545788670730246,15.527947084915985,10.0,10.0,G
4005,-61.545864815719845,15.527977570884968,10.0,10.0,G
4006,-61.54588231542632,15.52793941291119,10.0,10.0,G
4007,-61.54588442172585,15.527890070232038,10.0,10.0,G
4008,-61.54598652840747,15.527877131315078,10.0,10.0,G
4009,-61.54582412295766,15.528043973060008,10.0,10.0,G
4010,-61.545804610797646,15.527969008947474,10.0,10.0,G
4011,-61.54591430550012,15.527869685414396,10.0,10.0,G
4012,-61.54581166327677,15.527947210899178,10.0,10.0,G
4013,-61.545839105534576,15.527895214279345,10.0,10.0,G
4014,-61.545825174883234,15.527954024516383,10.0,10.0,G
4015,-61.54590933601949,15.527868008655275,10.0,10.0,G
4016,-61.54580681802858,15.527979813232479,10.0,10.0,G
4017,-61.5457393102791,15.527911883202492,10.0,10.0,G
4018,-61.54583944554407,15.527761225812657,10.0,10.0,G
4019,-61.54588131006895,15.52804971697199,10.0,10.0,G
4020,-61.54589906976769,15.527895777647466,10.0,10.0,G
4021,-61.5458870693178,15.528007473085635,10.0,10.0,G
4022,-61.54603121660379,15.528007339419927,10.0,10.0,G
4023,-61.54589010357436,15.528010891508975,10.0,10.0,G
4024,-61.545894897678465,15.528003591296967,10.0,10.0,G
4025,-61.54587986639106,15.527931966275403,10.0,10.0,G
4026,-61.54585668696345,15.528063033339832,10.0,10.0,G
4027,-61.545796201220945,15.527979826442955,10.0,10.0,G
4028,-61.54585002792261,15.528054294403086,10.0,10.0,G
4029,-61.54590226102347,15.528031056929049,10.0,10.0,G
4030,-61.5458728614884,15.52802779963873,10.0,10.0,G
4031,-61.54592646638708,15.528045181905606,10.0,10.0,G
4032,-61.54595701311223,15.52793329631302,10.0,10.0,G
4033,-61.54591594431382,15.528006776255047,10.0,10.0,G
4034,-61.546037532418794,15.528080696374282,10.0,10.0,G
4035,-61.54596956080405,15.528079653667275,10.0,10.0,G
4036,-61.54603028616371,15.52805889563912,10.0,10.0,G
4037,-61.545992644786125,15.52814615828097,10.0,10.0,G
4038,-61.54598096846409,15.52797978477986,10.0,10.0,G
4039,-61.54594449245607,15.528111645434146,10.0,10.0,G
4040,-61.54588489366581,15.528072301878726,10.0,10.0,G
4041,-61.546078180498256,15.52799027414215,10.0,10.0,G
4042,-61.54595939926968,15.52808850611507,10.0,10.0,G
4043,-61.54595158641624,15.528092667512878,10.0,10.0,G
4044,-61.54598019890021,15.528083437617207,10.0,10.0,G
4045,-61.54602399372112,15.52813174993594,10.0,10.0,G
4046,-61.54597978966852,15.528114077304544,10.0,10.0,G
4047,-61.54608400101901,15.52795602447152,10.0,10.0,G
4048,-61.545968627302706,15.528129436784283,10.0,10.0,G
4049,-61.5460093787569,15.52819160002199,10.0,10.0,G
4050,-61.54601296084596,15.528100196998036,10.0,10.0,G
4051,-61.54597511818829,15.528155196352433,10.0,10.0,G
4052,-61.54599084167175,15.528198287393426,10.0,10.0,G
4053,-61.54587712803336,15.52811110608879,10.0,10.0,G
4054,-61.54601320827576,15.528164629043326,10.0,10.0,G
4055,-61.54583950004866,15.528118285500438,10.0,10.0,G
4056,-61.546047701458704,15.528226525522465,10.0,10.0,G
4057,-61.546030333347986,15.528139169238854,10.0,10.0,G
4058,-61.54601269996608,15.52818335612564,10.0,10.0,G
4059,-61.54606478155536,15.528141275146488,10.0,10.0,G
4060,-61.54603367830482,15.528138768719929,10.0,10.0,G
4061,-61.54601686933232,15.528200850150526,10.0,10.0,G
4062,-61.54601837878051,15.52818913875243,10.0,10.0,G
4063,-61.54610105171966,15.528160700113956,10.0,10.0,G
4064,-61.546024442998366,15.528093706629573,10.0,10.0,G
4065,-61.545936882320674,15.528170543978359,10.0,10.0,G
4066,-61.546001456319786,15.528211386578693,10.0,10.0,G
4067,-61.5460318142676,15.528217728086009,10.0,10.0,G
4068,-61.5460432157754,15.52828602951278,10.0,10.0,G
4069,-61.54599182084373,15.528288266732797,10.0,10.0,G
4070,-61.54622565032788,15.52830694629402,10.0,10.0,G
4071,-61.546072564789,15.528145475172385,10.0,10.0,G
4072,-61.54611570005984,15.528342672739715,10.0,10.0,G
4073,-61.54610843451311,15.52837654228696,10.0,10.0,G
4074,-61.546040820337836,15.528291614136279,10.0,10.0,G
4075,-61.54606521909217,15.528180126628452,10.0,10.0,G
4076,-61.54607376468251,15.528259395309362,10.0,10.0,G
4077,-61.546148438512375,15.528375754439972,10.0,10.0,G
4078,-61.54612796081942,15.52829501013767,10.0,10.0,G
4079,-61.54613623153415,15.528232771935414,10.0,10.0,G
4080,-61.54621209804884,15.528365538162598,10.0,10.0,G
4081,-61.546082866273615,15.528292080936287,10.0,10.0,G
4082,-61.54608396470121,15.528299755079981,10.0,10.0,G
4083,-61.5460677037445,15.528282743583016,10.0,10.0,G
4084,-61.546093077803306,15.528333655479942,10.0,10.0,G
4085,-61.5460530726312,15.528372251303903,10.0,10.0,G
4086,-61.546157102665994,15.528406531939284,10.0,10.0,G
4087,-61.546091616218696,15.528310325853496,10.0,10.0,G
4088,-61.546032565030416,15.528135021934155,10.0,10.0,G
4089,-61.54617699917776,15.52829328281772,10.0,10.0,G
4090,-61.54618395594125,15.528364550282047,10.0,10.0,G
4091,-61.54609156951931,15.528319716580304,10.0,10.0,G
4092,-61.54624584494131,15.528311754632206,10.0,10.0,G
4093,-61.546061321707874,15.528220791469645,10.0,10.0,G
4094,-61.54611182739412,15.528365656696007,10.0,10.0,G
4095,-61.54614723384191,15.528355581760811,10.0,10.0,G
4096,-61.54587382610715,15.528316108152461,10.0,10.0,G
4097,-61.546252615498524,15.52822238296231,10.0,10.0,G
4098,-61.54623332287362,15.528467271672405,10.0,10.0,G
4099,-61.546150578112034,15.528536042951188,10.0,10.0,G
4100,-61.54602502629539,15.528446172491675,10.0,10.0,G
4101,-61.54615326940324,15.52841925834018,10.0,10.0,G
4102,-61.54604564179535,15.52840678774962,10.0,10.0,G
4103,-61.54623589988986,15.528278827174834,10.0,10.0,G
4104,-61.54621749263701,15.528476709837413,10.0,10.0,G
4105,-61.546159429433935,15.528466951449948,10.0,10.0,G
4106,-61.54618202753789,15.528443740294307,10.0,10.0,G
4107,-61.54625872455596,15.528400821267777,10.0,10.0,G
4108,-61.546190901456015,15.528468186511724,10.0,10.0,G
4109,-61.54620404735094,15.528481120809886,10.0,10.0,G
4110,-61.54621059048153,15.528445161025276,10.0,10.0,G
4111,-61.54632050687919,15.528446691181967,10.0,10.0,G
4112,-61.54615278814177,15.528487116211817,10.0,10.0,G
4113,-61.54627883848939,15.528499430403306,10.0,10.0,G
4114,-61.54620303542372,15.528485501112346,10.0,10.0,G
4115,-61.54624315340953,15.528505286510132,10.0,10.0,G
4116,-61.54617672335888,15.528492047254652,10.0,10.0,G
4117,-61.546170326753625,15.528723876738033,10.0,10.0,G
4118,-61.546240712306016,15.528514340463722,10.0,10.0,G
4119,-61.54614290995014,15.528513322240626,10.0,10.0,G
4120,-61.54633516882249,15.528553437619998,10.0,10.0,G
4121,-61.546224795901544,15.52859953512523,10.0,10.0,G
4122,-61.54631239722294,15.528516070120558,10.0,10.0,G
4123,-61.54626554485175,15.528525595803721,10.0,10.0,G
4124,-61.546244698021056,15.528492985630402,10.0,10.0,G
4125,-61.54626367697751,15.528574279558102,10.0,10.0,G
4126,-61.54624268909297,15.528557210947893,10.0,10.0,G
4127,-61.546298625524976,15.528522612820542,10.0,10.0,G
4128,-61.54625762048269,15.52856068751242,10.0,10.0,G
4129,-61.546266561245595,15.528568307610275,10.0,10.0,G
4130,-61.546180302097454,15.528508864069932,10.0,10.0,G
4131,-61.54622085052031,15.528636670842456,10.0,10.0,G
4132,-61.54617137759785,15.528560324609126,10.0,10.0,G
4133,-61.54628003158231,15.52857264132751,10.0,10.0,G
4134,-61.54624833949579,15.528530035608503,10.0,10.0,G
4135,-61.54629497859364,15.528623890834488,10.0,10.0,G
4136,-61.54628649864614,15.528648949586756,10.0,10.0,G
4137,-61.546317615779365,15.528557392445924,10.0,10.0,G
4138,-61.54631473490902,15.528462403330932,10.0,10.0,G
4139,-61.54628493445547,15.528551394958379,10.0,10.0,G
4140,-61.546245270891845,15.528729033103856,10.0,10.0,G
4141,-61.54633480139826,15.52869914826128,10.0,10.0,G
4142,-61.54620563841119,15.528653855621844,10.0,10.0,G
4143,-61.54629740502891,15.52863756669956,10.0,10.0,G
4144,-61.546377556302815,15.528531234570352,10.0,10.0,G
4145,-61.54636138652085,15.528811186917133,10.0,10.0,G
4146,-61.54632542494692,15.528664383244976,10.0,10.0,G
4147,-61.546347745722876,15.528715726555637,10.0,10.0,G
4148,-61.54635187044943,15.52865846731726,10.0,10.0,G
4149,-61.54634338355897,15.528674448413472,10.0,10.0,G
4150,-61.54634300484477,15.528697652630674,10.0,10.0,G
4151,-61.54630626133253,15.528707378853097,10.0,10.0,G
4152,-61.54630549805334,15.5286726828838,10.0,10.0,G
4153,-61.54636702640265,15.528733503076515,10.0,10.0,G
4154,-61.54641888407121,15.528730390406098,10.0,10.0,G
4155,-61.54632136242043,15.528718247787998,10.0,10.0,G
4156,-61.54635146752416,15.528702590916007,10.0,10.0,G
4157,-61.54637366723673,15.52875027895062,10.0,10.0,G
4158,-61.54642436234861,15.528676863327998,10.0,10.0,G
4159,-61.5463062202846,15.5287126289217,10.0,10.0,G
4160,-61.54639657944998,15.528785373066007,10.0,10.0,G
4161,-61.546502959681455,15.528703090239372,10.0,10.0,G
4162,-61.5464121741206,15.528841595980145,10.0,10.0,G
4163,-61.546232499238975,15.528732993902235,10.0,10.0,G
4164,-61.54636691621769,15.528719221329812,10.0,10.0,G
4165,-61.546581127401815,15.528833456087494,10.0,10.0,G
4166,-61.54634465655685,15.52893981351369,10.0,10.0,G
4167,-61.54639022631055,15.528758443881946,10.0,10.0,G
4168,-61.546505324220696,15.528737318459106,10.0,10.0,G
4169,-61.54640811546259,15.528789859695571,10.0,10.0,G
4170,-61.54649862896635,15.528824233334316,10.0,10.0,G
4171,-61.54633883226393,15.528762741232855,10.0,10.0,G
4172,-61.546402550187615,15.528762775472293,10.0,10.0,G
4173,-61.54642836496001,15.528800620777101,10.0,10.0,G
4174,-61.54642284214994,15.528820795022298,10.0,10.0,G
4175,-61.546396683810514,15.528747680474902,10.0,10.0,G
4176,-61.54648026848671,15.52881325278573,10.0,10.0,G
4177,-61.546383874923826,15.528784040676653,10.0,10.0,G
4178,-61.546284235264054,15.528908256369753,10.0,10.0,G
4179,-61.54631933062335,15.528780249132561,10.0,10.0,G
4180,-61.54643680934934,15.528922231147028,10.0,10.0,G
4181,-61.54644579662225,15.528722165878415,10.0,10.0,G
4182,-61.54655607580453,15.528882179989168,10.0,10.0,G
4183,-61.546525423543464,15.528751850203042,10.0,10.0,G
4184,-61.54645178882379,15.528875799979216,10.0,10.0,G
4185,-61.546504901186665,15.5288752929131,10.0,10.0,G
4186,-61.54645128187321,15.52892513730057,10.0,10.0,G
4187,-61.54642802290791,15.528835005831006,10.0,10.0,G
4188,-61.5464733064792,15.528890122297353,10.0,10.0,G
4189,-61.546553730084746,15.528913265195781,10.0,10.0,G
4190,-61.54642721290942,15.52877498425762,10.0,10.0,G
4191,-61.546483127556236,15.528914581472515,10.0,10.0,G
4192,-61.54642165195577,15.528945254210065,10.0,10.0,G
4193,-61.54647104581724,15.528912878069377,10.0,10.0,G
4194,-61.54648102293112,15.52891068465051,10.0,10.0,G
4195,-61.54645300668199,15.528988751518792,10.0,10.0,G
4196,-61.546460756740125,15.52892007705851,10.0,10.0,G
4197,-61.54653274601686,15.52893836105277,10.0,10.0,G
4198,-61.54651107773397,15.528946883640451,10.0,10.0,G
4199,-61.54645927889444,15.528897174665163,10.0,10.0,G
4200,-61.546562313986875,15.529042173225719,10.0,10.0,G
4201,-61.54653960316331,15.529059544117729,10.0,10.0,G
4202,-61.54647539098327,15.52883980730987,10.0,10.0,G
4203,-61.54660253817077,15.528919628252538,10.0,10.0,G
4204,-61.546547025875455,15.529099848809196,10.0,10.0,G
4205,-61.54649740545169,15.52897886528538,10.0,10.0,G
4206,-61.54653805136751,15.529100132061266,10.0,10.0,G
4207,-61.546560417565885,15.529027574370154,10.0,10.0,G
4208,-61.54663547222,15.529076427357042,10.0,10.0,G
4209,-61.54655740007873,15.529013454351963,10.0,10.0,G
4210,-61.54659133061424,15.528967443024907,10.0,10.0,G
4211,-61.546454834974384,15.52912446863889,10.0,10.0,G
4212,-61.54667996968259,15.528964884765633,10.0,10.0,G
4213,-61.546515101206126,15.529014138365586,10.0,10.0,G
4214,-61.5466397461271,15.52902223837887,10.0,10.0,G
4215,-61.54657004124674,15.529038506415615,10.0,10.0,G
4216,-61.546662725999724,15.528951066060484,10.0,10.0,G
4217,-61.54650362156937,15.529071594923222,10.0,10.0,G
4218,-61.54653635419682,15.529045552542886,10.0,10.0,G
4219,-61.54649773755204,15.529130129452245,10.0,10.0,G
4220,-61.54659638490857,15.529111198926136,10.0,10.0,G
4221,-61.54666231920401,15.529039576345514,10.0,10.0,G
4222,-61.54651292691736,15.529023120286547,10.0,10.0,G
4223,-61.546589218996765,15.529150960449941,10.0,10.0,G
4224,-61.5465032117752,15.52904578333635,10.0,10.0,G
4225,-61.54661113883963,15.529101862621182,10.0,10.0,G
4226,-61.546569379112356,15.529077133907782,10.0,10.0,G
4227,-61.546524502265804,15.529065216556338,10.0,10.0,G
4228,-61.54665973962184,15.529155564198508,10.0,10.0,G
4229,-61.546625327831876,15.52912469237891,10.0,10.0,G
4230,-61.54651097558745,15.529151757987002,10.0,10.0,G
4231,-61.54676356962117,15.529135177364436,10.0,10.0,G
4232,-61.54670631183329,15.52922464474102,10.0,10.0,G
4233,-61.54665831754361,15.529155955158513,10.0,10.0,G
4234,-61.546669285833794,15.529129764673824,10.0,10.0,G
4235,-61.54664788817701,15.529196154392952,10.0,10.0,G
4236,-61.54661138718691,15.529031800529436,10.0,10.0,G
4237,-61.54667596745106,15.529079914959587,10.0,10.0,G
4238,-61.54671888850177,15.529141643714622,10.0,10.0,G
4239,-61.546623947272145,15.52926015224008,10.0,10.0,G
4240,-61.546694532122906,15.52915677116061,10.0,10.0,G
4241,-61.54676713526419,15.529181105947607,10.0,10.0,G
4242,-61.546672091406684,15.529280728963105,10.0,10.0,G
4243,-61.54665999845531,15.529161043083633,10.0,10.0,G
4244,-61.54665972269587,15.529189645817096,10.0,10.0,G
4245,-61.54668349701503,15.529169013702253,10.0,10.0,G
4246,-61.54665856826243,15.529213955949798,10.0,10.0,G
4247,-61.54675874534324,15.52923218102725,10.0,10.0,G
4248,-61.54669514729682,15.529187106290829,10.0,10.0,G
4249,-61.546668295236806,15.529143715248992,10.0,10.0,G
4250,-61.54671934889551,15.529216044158636,10.0,10.0,G
4251,-61.54668604054313,15.529225479757905,10.0,10.0,G
4252,-61.546691947252086,15.529236784543729,10.0,10.0,G
4253,-61.54678880698338,15.529231656179423,10.0,10.0,G
4254,-61.54671315073821,15.529233600619692,10.0,10.0,G
4255,-61.54670584714252,15.529134883509792,10.0,10.0,G
4256,-61.54667839951964,15.52926622782907,10.0,10.0,G
4257,-61.54671137127839,15.529257227760926,10.0,10.0,G
4258,-61.546739445647184,15.529349503910755,10.0,10.0,G
4259,-61.54672582676333,15.52928275579934,10.0,10.0,G
4260,-61.54663018446978,15.529243685137011,10.0,10.0,G
4261,-61.54680489285892,15.529226261314099,10.0,10.0,G
4262,-61.54667535225204,15.529278365869065,10.0,10.0,G
4263,-61.54663287637395,15.529310488013635,10.0,10.0,G
4264,-61.54671061152678,15.529292749878413,10.0,10.0,G
4265,-61.54671039763346,15.529345379724754,10.0,10.0,G
4266,-61.54672922281372,15.5291503762951,10.0,10.0,G
4267,-61.54675630154693,15.529296171236997,10.0,10.0,G
4268,-61.546688904586475,15.529350764270571,10.0,10.0,G
4269,-61.54691016793922,15.529210961682056,10.0,10.0,G
4270,-61.546721558686414,15.529400085716023,10.0,10.0,G
4271,-61.546864016652265,15.529377551563345,10.0,10.0,G
4272,-61.54662669536486,15.529297775792703,10.0,10.0,G
4273,-61.546780253944625,15.529362269809313,10.0,10.0,G
4274,-61.546796472603496,15.529294884350515,10.0,10.0,G
4275,-61.54680227787495,15.529321435836946,10.0,10.0,G
4276,-61.54689194502896,15.529320675039962,10.0,10.0,G
4277,-61.54684061294128,15.529260447382967,10.0,10.0,G
4278,-61.54675468274046,15.52939890574489,10.0,10.0,G
4279,-61.54684197412221,15.529380478231841,10.0,10.0,G
4280,-61.546821309345624,15.529375770543101,10.0,10.0,G
4281,-61.54687228920116,15.529279973731333,10.0,10.0,G
4282,-61.54671830837312,15.529388814397246,10.0,10.0,G
4283,-61.546835435328255,15.529395771904092,10.0,10.0,G
4284,-61.546792690603475,15.529422974466295,10.0,10.0,G
4285,-61.54685845154697,15.529410726594199,10.0,10.0,G
4286,-61.54668974005295,15.529466109487183,10.0,10.0,G
4287,-61.546879168489625,15.529404165462923,10.0,10.0,G
4288,-61.54679594568015,15.529306185392956,10.0,10.0,G
4289,-61.54678747456335,15.529421867258108,10.0,10.0,G
4290,-61.5468019649694,15.529427137508874,10.0,10.0,G
4291,-61.54684917141024,15.52949658374203,10.0,10.0,G
4292,-61.546689481432615,15.529355680690747,10.0,10.0,G
4293,-61.54696114176244,15.529534030180452,10.0,10.0,G
4294,-61.54684284950033,15.529452172910721,10.0,10.0,G
4295,-61.546797018921694,15.529479266758196,10.0,10.0,G
4296,-61.54684747423818,15.529461960469376,10.0,10.0,G
4297,-61.54690748361321,15.529569311437365,10.0,10.0,G
4298,-61.54673047653343,15.529493958980845,10.0,10.0,G
4299,-61.54675442472149,15.529390714766757,10.0,10.0,G
4300,-61.54686784586567,15.529492458396822,10.0,10.0,G
4301,-61.54682811434316,15.529536758328973,10.0,10.0,G
4302,-61.54679958809828,15.529469660622759,10.0,10.0,G
4303,-61.54691566366863,15.52954911264878,10.0,10.0,G
4304,-61.54676869520507,15.529620417918473,10.0,10.0,G
4305,-61.54685478713553,15.52952566990619,10.0,10.0,G
4306,-61.546991525776654,15.529587688158518,10.0,10.0,G
4307,-61.54691836180663,15.529541900604324,10.0,10.0,G
4308,-61.54691253970404,15.529597153307746,10.0,10.0,G
4309,-61.54691372086664,15.529563663006021,10.0,10.0,G
4310,-61.546911681234334,15.529545764072243,10.0,10.0,G
4311,-61.546689322972796,15.529581337894415,10.0,10.0,G
4312,-61.546866111319495,15.529568241591814,10.0,10.0,G
4313,-61.546912911826674,15.529541455630051,10.0,10.0,G
4314,-61.54697147663444,15.52968830148493,10.0,10.0,G
4315,-61.54696571089145,15.52950898505048,10.0,10.0,G
4316,-61.5470489247206,15.529485507205765,10.0,10.0,G
4317,-61.5468463724692,15.529554369364156,10.0,10.0,G
4318,-61.54682578487097,15.52967701103625,10.0,10.0,G
4319,-61.54693476569389,15.529604586940343,10.0,10.0,G
4320,-61.54694168355198,15.529609525312562,10.0,10.0,G
4321,-61.54693458717746,15.529611560418688,10.0,10.0,G
4322,-61.54694099230716,15.529598538339002,10.0,10.0,G
4323,-61.54696856457053,15.5296834965732,10.0,10.0,G
4324,-61.546936221948,15.52970130210538,10.0,10.0,G
4325,-61.5468908892848,15.529633655575276,10.0,10.0,G
4326,-61.54699317927695,15.529640587543996,10.0,10.0,G
4327,-61.54696426241856,15.529699077800222,10.0,10.0,G
4328,-61.54695877534572,15.529667277151688,10.0,10.0,G
4329,-61.546963727979495,15.529629503083763,10.0,10.0,G
4330,-61.54695619038211,15.529637641304843,10.0,10.0,G
4331,-61.54684966328956,15.529453904832373,10.0,10.0,G
4332,-61.547050827769276,15.529705073355876,10.0,10.0,G
4333,-61.54704525954846,15.529660599583123,10.0,10.0,G
4334,-61.54694311846462,15.529583294477739,10.0,10.0,G
4335,-61.54693365004403,15.529563927349116,10.0,10.0,G
4336,-61.54700573322129,15.52968881856518,10.0,10.0,G
4337,-61.54705645709177,15.529561785715659,10.0,10.0,G
4338,-61.546977641126446,15.529694622120923,10.0,10.0,G
4339,-61.54702555403638,15.529708114599922,10.0,10.0,G
4340,-61.546864598669146,15.529712635682554,10.0,10.0,G
4341,-61.54694151320076,15.529619290907235,10.0,10.0,G
4342,-61.54710537730659,15.529929758641392,10.0,10.0,G
4343,-61.5470809862704,15.529656618412103,10.0,10.0,G
4344,-61.54716505931742,15.529849913455994,10.0,10.0,G
4345,-61.546993856969536,15.529778062355899,10.0,10.0,G
4346,-61.547044230405774,15.52978798663272,10.0,10.0,G
4347,-61.54702588562783,15.529723899901125,10.0,10.0,G
4348,-61.547000679799936,15.529688665274712,10.0,10.0,G
4349,-61.54694228092205,15.529688298650635,10.0,10.0,G
4350,-61.546947771396056,15.529695154927262,10.0,10.0,G
4351,-61.546974396138424,15.52979051037182,10.0,10.0,G
4352,-61.54705034065993,15.529781556064043,10.0,10.0,G
4353,-61.54703037657033,15.529808474377287,10.0,10.0,G
4354,-61.54700625342532,15.529795676567428,10.0,10.0,G
4355,-61.546931942739874,15.5298251912309,10.0,10.0,G
4356,-61.547060771872545,15.529788219822496,10.0,10.0,G
4357,-61.54707107304913,15.52979776909207,10.0,10.0,G
4358,-61.547007431491956,15.529771813870857,10.0,10.0,G
4359,-61.54700355946732,15.529812504324216,10.0,10.0,G
4360,-61.54708155106816,15.529820875610227,10.0,10.0,G
4361,-61.54708401086567,15.529824537635116,10.0,10.0,G
4362,-61.54701990295581,15.529905890084974,10.0,10.0,G
4363,-61.54720078503373,15.529773853236918,10.0,10.0,G
4364,-61.54703721869359,15.529882233797583,10.0,10.0,G
4365,-61.54709936384152,15.529848486668113,10.0,10.0,G
4366,-61.54706474858377,15.529819542952936,10.0,10.0,G
4367,-61.5470977113321,15.529858709398777,10.0,10.0,G
4368,-61.547175417113685,15.529851080383715,10.0,10.0,G
4369,-61.5470926297888,15.5299182315882,10.0,10.0,G
4370,-61.54713372131729,15.529907090130907,10.0,10.0,G
4371,-61.54715429838918,15.529866099033399,10.0,10.0,G
4372,-61.547128505301195,15.529805832988886,10.0,10.0,G
4373,-61.54721775909769,15.529873476225625,10.0,10.0,G
4374,-61.547151502221205,15.529943724703724,10.0,10.0,G
4375,-61.54710607893147,15.529882953142108,10.0,10.0,G
4376,-61.54727703820861,15.52990321812535,10.0,10.0,G
4377,-61.54717371133613,15.529924023640095,10.0,10.0,G
4378,-61.547178710764285,15.529937798108046,10.0,10.0,G
4379,-61.54716521087703,15.529903441147265,10.0,10.0,G
4380,-61.54712582370112,15.529996714778964,10.0,10.0,G
4381,-61.54708475194889,15.529741770855667,10.0,10.0,G
4382,-61.547209046982545,15.530030868209893,10.0,10.0,G
4383,-61.54714271138435,15.529954410916375,10.0,10.0,G
4384,-61.5471914748811,15.529921131512555,10.0,10.0,G
4385,-61.54719122486295,15.529947150437277,10.0,10.0,G
4386,-61.54711072771775,15.529864297518738,10.0,10.0,G
4387,-61.547294716763524,15.52994760769061,10.0,10.0,G
4388,-61.547246537205346,15.52991973754575,10.0,10.0,G
4389,-61.547154014908635,15.530075949864369,10.0,10.0,G
4390,-61.54716811088144,15.529993337208666,10.0,10.0,G
4391,-61.54721152950761,15.52999444064476,10.0,10.0,G
4392,-61.54720156106065,15.530005512845669,10.0,10.0,G
4393,-61.54713146198657,15.529986910011901,10.0,10.0,G
4394,-61.547106273006634,15.529868586280042,10.0,10.0,G
4395,-61.54721255935593,15.529998934486356,10.0,10.0,G
4396,-61.54713052254704,15.529939859247014,10.0,10.0,G
4397,-61.54718237255059,15.529972060353545,10.0,10.0,G
4398,-61.54720391575558,15.530095062665291,10.0,10.0,G
4399,-61.54723620047834,15.530052354298661,10.0,10.0,G
4400,-61.54714819930943,15.530046543487575,10.0,10.0,G
4401,-61.547222011357334,15.530118252962964,10.0,10.0,G
4402,-61.54712056583751,15.530091089280214,10.0,10.0,G
4403,-61.547138364124734,15.529979698178526,10.0,10.0,G
4404,-61.54722813819815,15.5300147057432,10.0,10.0,G
4405,-61.547339920639054,15.52996723025399,10.0,10.0,G
5693,-61.551676131345936,15.53676360351755,10.0,10.0,G
5694,-61.5514775477705,15.53662449340594,10.0,10.0,G
5695,-61.55178004765227,15.536788276981884,10.0,10.0,G
5696,-61.55168661223402,15.536798287449805,10.0,10.0,G
5697,-61.55176352804454,15.53682628762606,10.0,10.0,G
5698,-61.551672201256764,15.53669008085769,10.0,10.0,G
5699,-61.551826049446355,15.53680883812807,10.0,10.0,G
5700,-61.551721471708994,15.536794287164541,10.0,10.0,G
5701,-61.55172805366288,15.536844623844328,10.0,10.0,G
5702,-61.55171221934391,15.536835183876581,10.0,10.0,G
5703,-61.55168728369254,15.536783101794196,10.0,10.0,G
5704,-61.551715056878855,15.536846826099513,10.0,10.0,G
5705,-61.551704963494416,15.536895064148295,10.0,10.0,G
5706,-61.55166063346946,15.53688385485368,10.0,10.0,G
5707,-61.5517429397394,15.536831626585288,10.0,10.0,G
5708,-61.55179817774374,15.53677424247705,10.0,10.0,G
5709,-61.55174829164849,15.536849789189576,10.0,10.0,G
5710,-61.55177333877309,15.536869533095915,10.0,10.0,G
5711,-61.55176124182494,15.536850011163404,10.0,10.0,G
5712,-61.55171713244643,15.536894915034733,10.0,10.0,G
5713,-61.551634655250666,15.536952494882534,10.0,10.0,G
5714,-61.55176667364597,15.536865498128016,10.0,10.0,G
5715,-61.55169660400165,15.536741406716498,10.0,10.0,G
5716,-61.551758491322644,15.536911013680662,10.0,10.0,G
5717,-61.55160593662411,15.536965715660964,10.0,10.0,G
5718,-61.551742145776856,15.536859175260004,10.0,10.0,G
5719,-61.55177621070765,15.536940816680916,10.0,10.0,G
5720,-61.55179692770084,15.536889950689316,10.0,10.0,G
5721,-61.55174995128171,15.537026384788954,10.0,10.0,G
5722,-61.55179744117602,15.537002247099412,10.0,10.0,G
5723,-61.55180238809335,15.53677204773978,10.0,10.0,G
5724,-61.55189998460457,15.536986787480592,10.0,10.0,G
5725,-61.5516204664261,15.536945747106987,10.0,10.0,G
5726,-61.55177845734463,15.536927791548672,10.0,10.0,G
5727,-61.55197744363018,15.536981454994482,10.0,10.0,G
5728,-61.551743862844056,15.536936805224556,10.0,10.0,G
5729,-61.551832452316155,15.5369752692227,10.0,10.0,G
5730,-61.55182511556235,15.536958798306854,10.0,10.0,G
5731,-61.551823177825746,15.537047086504309,10.0,10.0,G
5732,-61.55183783322307,15.537030843267628,10.0,10.0,G
5733,-61.551796491740944,15.536986875041087,10.0,10.0,G
5734,-61.551837915630585,15.536972710320363,10.0,10.0,G
5735,-61.55178941704111,15.536955610772086,10.0,10.0,G
5736,-61.551724023659794,15.536966059574898,10.0,10.0,G
5737,-61.551846841932075,15.53700532410225,10.0,10.0,G
5738,-61.551834251449904,15.53698859014138,10.0,10.0,G
5739,-61.551858107675045,15.53695702346932,10.0,10.0,G
5740,-61.55189503029116,15.536982166420874,10.0,10.0,G
5741,-61.55193952942459,15.537058495391017,10.0,10.0,G
5742,-61.551796398156945,15.537023710095143,10.0,10.0,G
5743,-61.5518297185436,15.53695508154017,10.0,10.0,G
5744,-61.55182952718732,15.537007617557883,10.0,10.0,G
5745,-61.55187715691352,15.537027332256855,10.0,10.0,G
5746,-61.55189905696875,15.536991436147238,10.0,10.0,G
5747,-61.55194947962208,15.537053144326395,10.0,10.0,G
5748,-61.551890763213365,15.53692214183168,10.0,10.0,G
5749,-61.55187457753085,15.537054148139735,10.0,10.0,G
5750,-61.55187924497065,15.537075423738107,10.0,10.0,G
5751,-61.55186462786485,15.537058109718156,10.0,10.0,G
5752,-61.55194648554023,15.53722858174403,10.0,10.0,G
5753,-61.55182672807407,15.537120142073688,10.0,10.0,G
5754,-61.55188966637928,15.537097118560727,10.0,10.0,G
5755,-61.55188254651048,15.537144980106486,10.0,10.0,G
5756,-61.552046624295684,15.537071162613469,10.0,10.0,G
5757,-61.5519261274226,15.537098099281705,10.0,10.0,G
5758,-61.55184213360126,15.53720782144111,10.0,10.0,G
5759,-61.55202536982367,15.536959027807518,10.0,10.0,G
5760,-61.55197517419509,15.537123008613017,10.0,10.0,G
5761,-61.55184909699014,15.53709597245404,10.0,10.0,G
5762,-61.55185903334794,15.537018644722952,10.0,10.0,G
5763,-61.55192983414833,15.537174317864094,10.0,10.0,G
5764,-61.55193983234664,15.537252535352808,10.0,10.0,G
5765,-61.55192234166031,15.537186025181331,10.0,10.0,G
5766,-61.5519637187571,15.53714088337397,10.0,10.0,G
5767,-61.55188040776519,15.537073967514914,10.0,10.0,G
5768,-61.55197256365347,15.53714846932741,10.0,10.0,G
5769,-61.55192493380395,15.537062599418256,10.0,10.0,G
5770,-61.55195115811414,15.537224535701853,10.0,10.0,G
5771,-61.55206818815491,15.537213365937893,10.0,10.0,G
5772,-61.55202250213619,15.537168910391078,10.0,10.0,G
5773,-61.55185650188953,15.53709075903339,10.0,10.0,G
5774,-61.5519695233133,15.537114008896511,10.0,10.0,G
5775,-61.552033607632055,15.537261468312403,10.0,10.0,G
5776,-61.55182225058998,15.537085282486721,10.0,10.0,G
5777,-61.551942317547265,15.537195052976099,10.0,10.0,G
5778,-61.551993475776975,15.537185785001952,10.0,10.0,G
5779,-61.5519905684309,15.537163254296647,10.0,10.0,G
5780,-61.551936339785456,15.537122581500629,10.0,10.0,G
5781,-61.55197957949868,15.537222506280461,10.0,10.0,G
5782,-61.55202920902402,15.537278709591874,10.0,10.0,G
5783,-61.55190889901684,15.537212700820959,10.0,10.0,G
5784,-61.55197083977228,15.537282244579853,10.0,10.0,G
5785,-61.55203759843748,15.537208336705465,10.0,10.0,G
5786,-61.55195321432627,15.537295134723363,10.0,10.0,G
5787,-61.55205746535966,15.53710665037319,10.0,10.0,G
5788,-61.55200198010553,15.537261827368239,10.0,10.0,G
5789,-61.55202983753241,15.537232669442337,10.0,10.0,G
5790,-61.55203777387693,15.53731734132628,10.0,10.0,G
5791,-61.55199828554279,15.537270517375745,10.0,10.0,G
5792,-61.552013502844666,15.537283142038179,10.0,10.0,G
5793,-61.55203333768278,15.537125621321557,10.0,10.0,G
5794,-61.55220157537761,15.537182007023592,10.0,10.0,G
5795,-61.55198923701334,15.537405149500227,10.0,10.0,G
5796,-61.55207088141658,15.537318251012334,10.0,10.0,G
5797,-61.552161356862236,15.537275957037929,10.0,10.0,G
5798,-61.55204094337956,15.537314864073213,10.0,10.0,G
5799,-61.55199725227259,15.537425416817536,10.0,10.0,G
5800,-61.552081890941345,15.537357860461022,10.0,10.0,G
5801,-61.55203939893353,15.537331108052648,10.0,10.0,G
5802,-61.55213623275258,15.53741025276268,10.0,10.0,G
5803,-61.55185578846652,15.537339239880147,10.0,10.0,G
5804,-61.55207054490607,15.537316166170472,10.0,10.0,G
5805,-61.55203227494342,15.537374006679586,10.0,10.0,G
5806,-61.55211528412875,15.5374595015542,10.0,10.0,G
5807,-61.552001100292635,15.537484157510534,10.0,10.0,G
5808,-61.55223791116265,15.537515874510296,10.0,10.0,G
5809,-61.55206943657578,15.537337018209511,10.0,10.0,G
5810,-61.55203071909197,15.53746968211345,10.0,10.0,G
5811,-61.552068651447335,15.537355975108397,10.0,10.0,G
5812,-61.55210189166647,15.537387680437185,10.0,10.0,G
5813,-61.55203639939453,15.537388614478152,10.0,10.0,G
5814,-61.552005997243384,15.53742528543147,10.0,10.0,G
5815,-61.55212591386929,15.537371452138443,10.0,10.0,G
5816,-61.55205934128493,15.537422303099005,10.0,10.0,G
5817,-61.55222063273088,15.537499382821442,10.0,10.0,G
5818,-61.55203283365899,15.537382492437017,10.0,10.0,G
5819,-61.55209551631104,15.537421990510001,10.0,10.0,G
5820,-61.55217196210876,15.5374620814752,10.0,10.0,G
5821,-61.55224749716801,15.537310814020323,10.0,10.0,G
5822,-61.551994636173404,15.53749417229084,10.0,10.0,G
5823,-61.55213032470383,15.537459647642136,10.0,10.0,G
5824,-61.552096832992184,15.537489976276694,10.0,10.0,G
5825,-61.55211671081391,15.537436357534945,10.0,10.0,G
5826,-61.552123599288045,15.537462117016677,10.0,10.0,G
5827,-61.55187163145122,15.537467128330901,10.0,10.0,G
5828,-61.552012813965476,15.53747197795821,10.0,10.0,G
5829,-61.552228330413335,15.53763485850071,10.0,10.0,G
5830,-61.55208844375847,15.537546503002996,10.0,10.0,G
5831,-61.55214818184875,15.537491301203241,10.0,10.0,G
5832,-61.55208191829267,15.53747026455622,10.0,10.0,G
5833,-61.55215299961257,15.537611147790825,10.0,10.0,G
5834,-61.55219602570282,15.537535406939222,10.0,10.0,G
5835,-61.55217248850649,15.53745537601498,10.0,10.0,G
5836,-61.5522217122298,15.537529986833164,10.0,10.0,G
5837,-61.55213178273317,15.537612340070737,10.0,10.0,G
5838,-61.55224602880675,15.537503815595453,10.0,10.0,G
5839,-61.552155754954796,15.537526256091025,10.0,10.0,G
5840,-61.552089136890295,15.537568246640818,10.0,10.0,G
5841,-61.55216620287102,15.537570878579741,10.0,10.0,G
5842,-61.55216736333098,15.537621228393146,10.0,10.0,G
5843,-61.55217161526367,15.537630241725065,10.0,10.0,G
5844,-61.552246879531346,15.537560223741016,10.0,10.0,G
5845,-61.55214718133582,15.53770977637989,10.0,10.0,G
5846,-61.55221483409082,15.537655349504664,10.0,10.0,G
5847,-61.552188094856646,15.537696552276696,10.0,10.0,G
5848,-61.55213645132559,15.537571631174055,10.0,10.0,G
5849,-61.55206143115004,15.537599846202498,10.0,10.0,G
5850,-61.55215715672814,15.537561431624358,10.0,10.0,G
5851,-61.552165102362146,15.537684136257601,10.0,10.0,G
5852,-61.55219356533564,15.537608200983017,10.0,10.0,G
5853,-61.55211509871665,15.537684871010983,10.0,10.0,G
5854,-61.55226835102728,15.53753182606311,10.0,10.0,G
5855,-61.55215696361517,15.537624770742262,10.0,10.0,G
5856,-61.55226133799516,15.537612182308996,10.0,10.0,G
5857,-61.55223549707992,15.53761815874197,10.0,10.0,G
5858,-61.552203931176635,15.537672308384677,10.0,10.0,G
5859,-61.55222480422709,15.53764981049987,10.0,10.0,G
5860,-61.55224063434769,15.53769120537982,10.0,10.0,G
5861,-61.552148406716334,15.537682760375505,10.0,10.0,G
5862,-61.55222531600328,15.53772030205016,10.0,10.0,G
5863,-61.55223525002241,15.537662312362423,10.0,10.0,G
5864,-61.55225551078679,15.537785246367424,10.0,10.0,G
5865,-61.552350149686596,15.537663423461986,10.0,10.0,G
5866,-61.55221905566304,15.537671711065515,10.0,10.0,G
5867,-61.55236303739443,15.537602250909277,10.0,10.0,G
5868,-61.5521866264882,15.53781748245856,10.0,10.0,G
5869,-61.55205469689827,15.537647734396458,10.0,10.0,G
5870,-61.552294682147945,15.537573914039992,10.0,10.0,G
5871,-61.55220053740734,15.537598423800862,10.0,10.0,G
5872,-61.55206321948269,15.537744326171577,10.0,10.0,G
5873,-61.55221130934173,15.537615250115891,10.0,10.0,G
5874,-61.55219451662384,15.537720125740872,10.0,10.0,G
5875,-61.5522848171672,15.5377858532948,10.0,10.0,G
5876,-61.55224130803758,15.537790383237786,10.0,10.0,G
5877,-61.55228640175842,15.537721383139273,10.0,10.0,G
5878,-61.55229748748857,15.537764420219622,10.0,10.0,G
5879,-61.55228575991784,15.537748150912297,10.0,10.0,G
5880,-61.5523863328245,15.537832135268372,10.0,10.0,G
5881,-61.55223274108377,15.537713451243418,10.0,10.0,G
5882,-61.55229122828338,15.537767646523694,10.0,10.0,G
5883,-61.552347074735515,15.537766759427056,10.0,10.0,G
5884,-61.55215044883652,15.53781989852632,10.0,10.0,G
5885,-61.55235304304756,15.537815324490799,10.0,10.0,G
5886,-61.55221127459019,15.537794503572568,10.0,10.0,G
5887,-61.55231713334565,15.537709239701062,10.0,10.0,G
5888,-61.55230765221788,15.537806126835207,10.0,10.0,G
5889,-61.55234147297686,15.53781062357573,10.0,10.0,G
5890,-61.552443086652715,15.537900195562033,10.0,10.0,G
5891,-61.55232515007989,15.537851307855643,10.0,10.0,G
5892,-61.55242328520815,15.537856956539096,10.0,10.0,G
5893,-61.55236831193658,15.537808786581772,10.0,10.0,G
5894,-61.552309159154014,15.53790031357235,10.0,10.0,G
5895,-61.55239328668779,15.537723394234888,10.0,10.0,G
5896,-61.5523784550865,15.537747148161204,10.0,10.0,G
5897,-61.55233618722581,15.537842704968003,10.0,10.0,G
5898,-61.55236418075722,15.537842428237752,10.0,10.0,G
5899,-61.55238436030135,15.537854527098784,10.0,10.0,G
5900,-61.55237331607184,15.53786027793199,10.0,10.0,G
5901,-61.55241574558094,15.538009649188753,10.0,10.0,G
5902,-61.552372225175716,15.53788586269375,10.0,10.0,G
5903,-61.552369408394526,15.537901940961364,10.0,10.0,G
5904,-61.552263884424384,15.537750939409426,10.0,10.0,G
5905,-61.55237182791022,15.537891601673943,10.0,10.0,G
5906,-61.55241735523061,15.537818201940905,10.0,10.0,G
5907,-61.55242422759077,15.537927058779053,10.0,10.0,G
5908,-61.552397531762246,15.537910735801438,10.0,10.0,G
5909,-61.552271086372585,15.537936925834323,10.0,10.0,G
5910,-61.55223239049929,15.537920968228413,10.0,10.0,G
5911,-61.55231772489624,15.53784666684348,10.0,10.0,G
5912,-61.552428484773216,15.53793332357205,10.0,10.0,G
5913,-61.55229635814691,15.537940033152388,10.0,10.0,G
5914,-61.55238266703071,15.537965633521807,10.0,10.0,G
5915,-61.55242912113836,15.537945062430836,10.0,10.0,G
5916,-61.55240197587421,15.537947125956205,10.0,10.0,G
5917,-61.552431241479866,15.537973586924448,10.0,10.0,G
5918,-61.552380416067095,15.537946868695153,10.0,10.0,G
5919,-61.552431126433554,15.537994935777832,10.0,10.0,G
5920,-61.55237256545406,15.538026746375367,10.0,10.0,G
5921,-61.55243789307021,15.537967426292761,10.0,10.0,G
5922,-61.55242157003858,15.537978723254263,10.0,10.0,G
5923,-61.55246474888219,15.537935811964234,10.0,10.0,G
5924,-61.552429961763295,15.53800050895428,10.0,10.0,G
5925,-61.552454397824796,15.538102014888185,10.0,10.0,G
5926,-61.552468225611634,15.537978884442143,10.0,10.0,G
5927,-61.55243117255948,15.537963659062648,10.0,10.0,G
5928,-61.552435528332424,15.538022893903163,10.0,10.0,G
5929,-61.55227894003608,15.538141510575795,10.0,10.0,G
5930,-61.55251964115529,15.537988112201663,10.0,10.0,G
5931,-61.552447443858966,15.538058572904475,10.0,10.0,G
5932,-61.55246284375437,15.538060284214513,10.0,10.0,G
5933,-61.552447899488875,15.538042914182675,10.0,10.0,G
5934,-61.55246991123042,15.538057185303924,10.0,10.0,G
5935,-61.55251955362001,15.53789320076065,10.0,10.0,G
5936,-61.5524456081722,15.538073695410997,10.0,10.0,G
5937,-61.552529748947386,15.53802533906396,10.0,10.0,G
5938,-61.552487348224766,15.537921741545304,10.0,10.0,G
5939,-61.55245627488098,15.53804421842112,10.0,10.0,G
5940,-61.55250768098666,15.538101715616815,10.0,10.0,G
5941,-61.55248771098934,15.53807456689719,10.0,10.0,G
5942,-61.55259059552711,15.538025346341321,10.0,10.0,G
5943,-61.55245261401699,15.537967906548838,10.0,10.0,G
5944,-61.55246937899984,15.538063905133836,10.0,10.0,G
5945,-61.55248608783211,15.53807134391074,10.0,10.0,G
5946,-61.55241076990659,15.538109435284007,10.0,10.0,G
5947,-61.55236719221412,15.538204817039595,10.0,10.0,G
5948,-61.55240532835345,15.538134292043372,10.0,10.0,G
5949,-61.55250098452757,15.538134302433946,10.0,10.0,G
5950,-61.55243967300629,15.538099536999928,10.0,10.0,G
5951,-61.552490351372086,15.538030378827637,10.0,10.0,G
5952,-61.552478512419725,15.538063936843619,10.0,10.0,G
5953,-61.55269343953635,15.538413164801932,10.0,10.0,G
5954,-61.55253994580229,15.538194284561198,10.0,10.0,G
5955,-61.55240724352292,15.538244271361672,10.0,10.0,G
5956,-61.55252494602825,15.538186218362432,10.0,10.0,G
5957,-61.55242177739934,15.538187749559844,10.0,10.0,G
5958,-61.55254895254755,15.538124357981982,10.0,10.0,G
5959,-61.552505200079054,15.538168201457337,10.0,10.0,G
5960,-61.552551763048,15.538127412362115,10.0,10.0,G
5961,-61.55251684809581,15.538128472242613,10.0,10.0,G
5962,-61.55255840336285,15.538182690614203,10.0,10.0,G
5963,-61.552681338970565,15.538309218666585,10.0,10.0,G
5964,-61.55256881346479,15.538207074598148,10.0,10.0,G
5965,-61.552555114357425,15.538248489480345,10.0,10.0,G
5966,-61.55253623378932,15.538290871453981,10.0,10.0,G
5967,-61.55263875236083,15.538139733532232,10.0,10.0,G
5968,-61.55254200801834,15.538298904244215,10.0,10.0,G
5969,-61.55249196103152,15.538244739635946,10.0,10.0,G
5970,-61.552520594834235,15.538251183423373,10.0,10.0,G
5971,-61.55257816576463,15.537961581185238,10.0,10.0,G
5972,-61.55259356399381,15.538244209057723,10.0,10.0,G
5973,-61.55264140916321,15.53822178686508,10.0,10.0,G
5974,-61.552530035321915,15.538354309181456,10.0,10.0,G
5975,-61.55252320317721,15.53828781804737,10.0,10.0,G
5976,-61.552489414456616,15.538057103851509,10.0,10.0,G
5977,-61.55267626292306,15.538329375389266,10.0,10.0,G
5978,-61.55260065688231,15.538284539288563,10.0,10.0,G
5979,-61.55259779195686,15.538295738466083,10.0,10.0,G
5980,-61.552686235820566,15.53827447244549,10.0,10.0,G
5981,-61.55258046457049,15.538286251920605,10.0,10.0,G
5982,-61.55265074494507,15.538339530044992,10.0,10.0,G
5983,-61.5526728928505,15.538362731113923,10.0,10.0,G
5984,-61.55255583507103,15.538301589281275,10.0,10.0,G
5985,-61.552583068597045,15.538334971115876,10.0,10.0,G
5986,-61.552615273894425,15.538319343451183,10.0,10.0,G
5987,-61.55274563163782,15.538281727878472,10.0,10.0,G
5988,-61.552578015534955,15.538244597661986,10.0,10.0,G
5989,-61.55273838142459,15.538311861017368,10.0,10.0,G
5990,-61.55273173648679,15.53824331608743,10.0,10.0,G
5991,-61.552636762305625,15.538337754592762,10.0,10.0,G
5992,-61.55265784158108,15.538299284192467,10.0,10.0,G
5993,-61.55262002378828,15.538249869956811,10.0,10.0,G
5994,-61.55262542156616,15.53840355580477,10.0,10.0,G
5995,-61.55264605847741,15.5383912237412,10.0,10.0,G
5996,-61.55253484585949,15.53843390389652,10.0,10.0,G
5997,-61.55265222159365,15.538381982600857,10.0,10.0,G
5998,-61.55279007513061,15.538434773099578,10.0,10.0,G
5999,-61.552671453635966,15.53839013558709,10.0,10.0,G
6000,-61.55273816945089,15.538336905654582,10.0,10.0,G
6001,-61.55263901582158,15.538254414324308,10.0,10.0,G
6002,-61.552623592884615,15.538264433825464,10.0,10.0,G
6003,-61.55266886223618,15.538414904979478,10.0,10.0,G
6004,-61.552691647715655,15.538483115589875,10.0,10.0,G
6005,-61.552687160746395,15.538437169352518,10.0,10.0,G
6006,-61.55271829059408,15.53854073423011,10.0,10.0,G
6007,-61.55281407174179,15.538481717632209,10.0,10.0,G
6008,-61.55268622623358,15.53844743027637,10.0,10.0,G
6009,-61.552655943610695,15.53833411320346,10.0,10.0,G
6010,-61.55270177883594,15.538422412994883,10.0,10.0,G
6011,-61.552834231410216,15.538321195672568,10.0,10.0,G
6012,-61.55270551130487,15.538450913105581,10.0,10.0,G
6013,-61.55269613146055,15.538490701810586,10.0,10.0,G
6014,-61.552705367347734,15.538477563614927,10.0,10.0,G
6015,-61.55261290919209,15.538505519206563,10.0,10.0,G
6016,-61.552721381898,15.538574497295123,10.0,10.0,G
6017,-61.552697961576364,15.538457889679382,10.0,10.0,G
6018,-61.552716284493506,15.538539537506043,10.0,10.0,G
6019,-61.5527626858609,15.538556870874274,10.0,10.0,G
6020,-61.55271883599195,15.53845575911192,10.0,10.0,G
6021,-61.552739565563634,15.538510525822495,10.0,10.0,G
6022,-61.55271962730735,15.53850466112808,10.0,10.0,G
6023,-61.55280768163883,15.538600862459361,10.0,10.0,G
6024,-61.55272702753969,15.538527118234512,10.0,10.0,G
6025,-61.552649785510795,15.538586045967197,10.0,10.0,G
6026,-61.55271887048309,15.538566942811839,10.0,10.0,G
6027,-61.552753773007,15.538544005226568,10.0,10.0,G
6028,-61.55263141499762,15.538604340418479,10.0,10.0,G
6029,-61.55278825006066,15.538628237220916,10.0,10.0,G
6030,-61.55274787793582,15.53856078558365,10.0,10.0,G
6031,-61.552760424859436,15.538575493062275,10.0,10.0,G
6032,-61.552505950387186,15.538483691968036,10.0,10.0,G
6033,-61.55282990257414,15.538501189037742,10.0,10.0,G
6034,-61.55280261807724,15.538580127406194,10.0,10.0,G
6035,-61.55264573197507,15.538577435692627,10.0,10.0,G
6036,-61.55283417904876,15.538595194372546,10.0,10.0,G
6037,-61.55265473630835,15.538577332544593,10.0,10.0,G
6038,-61.55277434152193,15.53859523345384,10.0,10.0,G
6039,-61.552758310029645,15.538616884966881,10.0,10.0,G
6040,-61.552713729931185,15.538665443675825,10.0,10.0,G
6041,-61.55278957484607,15.53856884419864,10.0,10.0,G
6042,-61.55276678695799,15.538618238346238,10.0,10.0,G
6043,-61.552739990067785,15.538655993927005,10.0,10.0,G
6044,-61.55277783115716,15.538671067346156,10.0,10.0,G
6045,-61.552794547367924,15.538648123992765,10.0,10.0,G
6046,-61.55279437649776,15.53864851939836,10.0,10.0,G
6047,-61.55279866697935,15.538656239169363,10.0,10.0,G
6048,-61.55277906491195,15.538712139632295,10.0,10.0,G
6049,-61.55275363330743,15.538585167249744,10.0,10.0,G
6050,-61.552713516814904,15.538763900475605,10.0,10.0,G
6051,-61.5527996543693,15.538617380505741,10.0,10.0,G
6052,-61.55282383958102,15.538656137678803,10.0,10.0,G
6053,-61.55288396750156,15.538695706393945,10.0,10.0,G
6054,-61.55283944602917,15.538686589201465,10.0,10.0,G
6055,-61.55283482988673,15.53867671933645,10.0,10.0,G
6056,-61.55288222668314,15.538687870006974,10.0,10.0,G
6057,-61.55281092843599,15.538709099274483,10.0,10.0,G
6058,-61.55283145864236,15.538698006043411,10.0,10.0,G
6059,-61.5528413059184,15.538721326429716,10.0,10.0,G
6060,-61.552840335121,15.53872396103419,10.0,10.0,G
6061,-61.55283363534695,15.538722838303713,10.0,10.0,G
6062,-61.5528226807863,15.538713614177972,10.0,10.0,G
6063,-61.552871585164326,15.538734566065523,10.0,10.0,G
6064,-61.55284432045154,15.538738642028767,10.0,10.0,G
6065,-61.55292596424364,15.538734269478692,10.0,10.0,G
6066,-61.55285687423949,15.538754756232542,10.0,10.0,G
6067,-61.5528069351512,15.53872828372418,10.0,10.0,G
6068,-61.55284141065136,15.53878739053939,10.0,10.0,G
6069,-61.55289295378405,15.538846014842767,10.0,10.0,G
6070,-61.55287206081339,15.53886371736813,10.0,10.0,G
6071,-61.55285279918085,15.538821577098346,10.0,10.0,G
6072,-61.55279900410375,15.538793841380826,10.0,10.0,G
6073,-61.552907132073415,15.538727176066336,10.0,10.0,G
6074,-61.55292926736204,15.538861308098685,10.0,10.0,G
6075,-61.55300260904308,15.538710272242515,10.0,10.0,G
6076,-61.55285377429547,15.538800885513048,10.0,10.0,G
6077,-61.55284726619787,15.538853420536523,10.0,10.0,G
6078,-61.55288847187245,15.538721885192508,10.0,10.0,G
6079,-61.55289863265715,15.53882301533368,10.0,10.0,G
6080,-61.5529369597877,15.538949660411161,10.0,10.0,G
6081,-61.552881152282644,15.538858831812338,10.0,10.0,G
6082,-61.552912882380596,15.538874413912913,10.0,10.0,G
6083,-61.552896982460126,15.538768074368132,10.0,10.0,G
6084,-61.55302088168216,15.538839646759076,10.0,10.0,G
6085,-61.55295483307517,15.538867013310217,10.0,10.0,G
6086,-61.552862767065044,15.538822485694995,10.0,10.0,G
6087,-61.55294137505788,15.5390027574465,10.0,10.0,G
6088,-61.55290415215122,15.538942236578272,10.0,10.0,G
6089,-61.55289015301754,15.539101973298079,10.0,10.0,G
6090,-61.55286404595989,15.538785467840201,10.0,10.0,G
6091,-61.55294348417754,15.538916858002514,10.0,10.0,G
6092,-61.55293156446491,15.538908922648407,10.0,10.0,G
6093,-61.5529314129373,15.538903547303823,10.0,10.0,G
6094,-61.552980225362255,15.538916110159773,10.0,10.0,G
6095,-61.55272979184304,15.53891716846831,10.0,10.0,G
6096,-61.55285544311399,15.538924210671077,10.0,10.0,G
6097,-61.55298801824533,15.538938233469796,10.0,10.0,G
6098,-61.55294511311787,15.538923313075019,10.0,10.0,G
6099,-61.552909904249645,15.53880437517049,10.0,10.0,G
6100,-61.552964906453575,15.538924018624966,10.0,10.0,G
6101,-61.5529375282522,15.53901059703691,10.0,10.0,G
6102,-61.552950834271805,15.538934651093353,10.0,10.0,G
6103,-61.55298433576136,15.538891404331794,10.0,10.0,G
6104,-61.55299955951965,15.538948347625029,10.0,10.0,G
6105,-61.552902295566945,15.539047261522452,10.0,10.0,G
6106,-61.55295098330325,15.538967062158092,10.0,10.0,G
6107,-61.553052433827,15.538890690840084,10.0,10.0,G
6108,-61.55292786519168,15.538945260738933,10.0,10.0,G
6109,-61.55301271118404,15.538884956503122,10.0,10.0,G
6110,-61.55290411541577,15.538964049971927,10.0,10.0,G
6111,-61.55308655129186,15.539039495618624,10.0,10.0,G
6112,-61.55298662154283,15.539147207632697,10.0,10.0,G
6113,-61.5529335665537,15.539074146324792,10.0,10.0,G
6114,-61.55306031830034,15.539022394093232,10.0,10.0,G
6115,-61.552992457573346,15.539023462206892,10.0,10.0,G
6116,-61.553070683522606,15.5389956567548,10.0,10.0,G
6117,-61.55308624389145,15.539059836790198,10.0,10.0,G
6118,-61.55317261486501,15.539132282001784,10.0,10.0,G
6119,-61.55307801015614,15.53913803498619,10.0,10.0,G
6120,-61.55289653583825,15.539094224750178,10.0,10.0,G
6121,-61.55309517888672,15.539133389860403,10.0,10.0,G
6122,-61.55299591889612,15.539082097543869,10.0,10.0,G
6123,-61.55298637627698,15.539170101682979,10.0,10.0,G
6124,-61.553056290006765,15.539133962617413,10.0,10.0,G
6125,-61.553084076921195,15.538947090998144,10.0,10.0,G
6126,-61.553079088979445,15.5389108162765,10.0,10.0,G
6127,-61.55306904661221,15.539178372541318,10.0,10.0,G
6128,-61.552970427984086,15.539128585061272,10.0,10.0,G
6129,-61.552988926077376,15.539084234800757,10.0,10.0,G
6130,-61.55305549598528,15.539041973620089,10.0,10.0,G
6131,-61.55300526077332,15.53921061764955,10.0,10.0,G
6132,-61.553097559924566,15.53922038132265,10.0,10.0,G
6133,-61.553063783915704,15.539102047688813,10.0,10.0,G
6134,-61.55303691020835,15.539238126047284,10.0,10.0,G
6135,-61.553017282710655,15.5391592740116,10.0,10.0,G
6136,-61.55307027725889,15.539143120380642,10.0,10.0,G
6137,-61.55310869005191,15.539124857762882,10.0,10.0,G
6138,-61.55285039725246,15.53924893467443,10.0,10.0,G
6139,-61.55307971723168,15.539008892178831,10.0,10.0,G
6140,-61.553083183269884,15.539162079252996,10.0,10.0,G
6141,-61.553055051391546,15.539165974052313,10.0,10.0,G
6142,-61.552922746212765,15.5391236237162,10.0,10.0,G
6143,-61.553159707144154,15.53918318642972,10.0,10.0,G
6144,-61.55304549052626,15.539109579167022,10.0,10.0,G
6145,-61.55304938682149,15.539139044881416,10.0,10.0,G
6146,-61.55310584451951,15.539198497459884,10.0,10.0,G
6147,-61.55310584592782,15.5390565228971,10.0,10.0,G
6148,-61.55310390898718,15.539183640371647,10.0,10.0,G
6149,-61.5529976579062,15.539256577621735,10.0,10.0,G
6150,-61.553115074115375,15.539200068145771,10.0,10.0,G
6151,-61.55318596230979,15.539226666879733,10.0,10.0,G
6152,-61.55306517385056,15.539229320159125,10.0,10.0,G
6153,-61.553135801028986,15.539311144789753,10.0,10.0,G
6154,-61.55310161797561,15.53922238558343,10.0,10.0,G
6155,-61.55324893595641,15.539227692987637,10.0,10.0,G
6156,-61.55316293530442,15.539277448624865,10.0,10.0,G
6157,-61.553091069432,15.539197632526985,10.0,10.0,G
6158,-61.553198615316894,15.53929197955911,10.0,10.0,G
6159,-61.55314064418901,15.539253620190493,10.0,10.0,G
6160,-61.55324353340424,15.539246133601972,10.0,10.0,G
6161,-61.55305668108678,15.539182723741932,10.0,10.0,G
6162,-61.55313944948975,15.539280702848249,10.0,10.0,G
6163,-61.55320649468169,15.53926371253774,10.0,10.0,G
6164,-61.553172650171206,15.539284071918006,10.0,10.0,G
6165,-61.55313833177233,15.539276767805056,10.0,10.0,G
6166,-61.553203029168415,15.53929781365191,10.0,10.0,G
6167,-61.553261464288,15.539322503829629,10.0,10.0,G
6168,-61.55331511882794,15.539421217953214,10.0,10.0,G
6169,-61.553277025093536,15.539375620549455,10.0,10.0,G
6170,-61.55320413735953,15.539333971849178,10.0,10.0,G
6171,-61.55316381015479,15.53934809934825,10.0,10.0,G
6172,-61.5530667112008,15.53939830490598,10.0,10.0,G
6173,-61.5533185140298,15.539292941130704,10.0,10.0,G
6174,-61.55314735916413,15.539424280994345,10.0,10.0,G
6175,-61.55318365436428,15.539350407140883,10.0,10.0,G
6176,-61.55318386627062,15.539381403932994,10.0,10.0,G
6177,-61.553214906664735,15.539383706628573,10.0,10.0,G
6178,-61.55330317491628,15.539346048979334,10.0,10.0,G
6179,-61.553239494873,15.539422237261173,10.0,10.0,G
6180,-61.553276748428466,15.53954934448052,10.0,10.0,G
6181,-61.5531479716767,15.539381732765138,10.0,10.0,G
6182,-61.55317823666121,15.539381708793956,10.0,10.0,G
6183,-61.55342462712814,15.539419390809256,10.0,10.0,G
6184,-61.55319565296535,15.53941268224523,10.0,10.0,G
6185,-61.55316806176746,15.539356884149962,10.0,10.0,G
6186,-61.55321778064046,15.539404010867651,10.0,10.0,G
6187,-61.5533056445165,15.539497117687059,10.0,10.0,G
6188,-61.55323054885227,15.53943202520907,10.0,10.0,G
6189,-61.553109608342155,15.539449529926594,10.0,10.0,G
6190,-61.5532762925954,15.539469890931262,10.0,10.0,G
6191,-61.553245287790524,15.53942640921981,10.0,10.0,G
6192,-61.55326121775436,15.539436554850468,10.0,10.0,G
6193,-61.553220707833084,15.539435666147096,10.0,10.0,G
6194,-61.55340721256792,15.539477057901781,10.0,10.0,G
6195,-61.55323993943492,15.539462384227217,10.0,10.0,G
6196,-61.55327811001582,15.539498794774815,10.0,10.0,G
6197,-61.553332721993215,15.539443465922034,10.0,10.0,G
6198,-61.55316611325609,15.539495898356503,10.0,10.0,G
6199,-61.553282451937115,15.539517565657784,10.0,10.0,G
6200,-61.55323774982484,15.539480394683713,10.0,10.0,G
6201,-61.55326514097544,15.539495546469482,10.0,10.0,G
6202,-61.55324270752695,15.539443488753454,10.0,10.0,G
6203,-61.55322391663168,15.539517030714006,10.0,10.0,G
6204,-61.553223418618934,15.539538050721042,10.0,10.0,G
6205,-61.55327457533618,15.539587339548254,10.0,10.0,G
6206,-61.553057408515,15.539598931081256,10.0,10.0,G
6207,-61.55336501870619,15.539502066654874,10.0,10.0,G
6208,-61.55344896594351,15.539486431315206,10.0,10.0,G
6209,-61.55326031162683,15.539521122769203,10.0,10.0,G
6210,-61.5532798354934,15.539543602895726,10.0,10.0,G
6211,-61.55330892313821,15.53959029060178,10.0,10.0,G
6212,-61.553293122060055,15.539558072496675,10.0,10.0,G
6213,-61.553295531394255,15.539520937431067,10.0,10.0,G
6214,-61.55329298367784,15.53981914713614,10.0,10.0,G
6215,-61.55329580738723,15.53959011350232,10.0,10.0,G
6216,-61.553270248216506,15.539576447157916,10.0,10.0,G
6217,-61.55332980184185,15.539418550718414,10.0,10.0,G
6218,-61.5533413407727,15.539571637996916,10.0,10.0,G
6219,-61.55324879564967,15.539598724363739,10.0,10.0,G
6220,-61.553369892679605,15.539546480334431,10.0,10.0,G
6221,-61.55326629066118,15.539699733996313,10.0,10.0,G
6222,-61.55330471754334,15.539662704891121,10.0,10.0,G
6223,-61.55334718666324,15.539579744854587,10.0,10.0,G
6224,-61.553472394099664,15.539632948400147,10.0,10.0,G
6225,-61.55328892129424,15.53960727616786,10.0,10.0,G
6226,-61.55335166259873,15.539622881032493,10.0,10.0,G
6227,-61.55333957097234,15.5397108488384,10.0,10.0,G
6228,-61.553340434541475,15.539793210638754,10.0,10.0,G
6229,-61.553346660066154,15.539656333772664,10.0,10.0,G
6230,-61.553349522385176,15.539683507959285,10.0,10.0,G
6231,-61.55335086747281,15.539689256956226,10.0,10.0,G
6232,-61.55347890392444,15.539619194957481,10.0,10.0,G
6233,-61.55338197483909,15.539760781372014,10.0,10.0,G
6234,-61.55363726063075,15.539688662748368,10.0,10.0,G
6235,-61.55334951524514,15.539671461075713,10.0,10.0,G
6236,-61.55339653767958,15.539531802352414,10.0,10.0,G
6237,-61.55332048724707,15.53964577279547,10.0,10.0,G
6238,-61.55333522239437,15.539671412308119,10.0,10.0,G
6239,-61.55334605145166,15.539720893498297,10.0,10.0,G
6240,-61.553379363975594,15.539772394355873,10.0,10.0,G
6241,-61.55342914504165,15.539633599437677,10.0,10.0,G
6242,-61.553376435413895,15.539713049561493,10.0,10.0,G
6243,-61.55336035851533,15.53975877961437,10.0,10.0,G
6244,-61.553384060180164,15.53972173979917,10.0,10.0,G
6245,-61.55345197620746,15.539645286752235,10.0,10.0,G
6246,-61.553384174120715,15.539746816991125,10.0,10.0,G
6247,-61.5534055069052,15.539709163457479,10.0,10.0,G
6248,-61.55334568634173,15.53967187086998,10.0,10.0,G
8274,-61.559629654008255,15.550835643414578,10.0,10.0,G
8275,-61.55972596249716,15.550874390040581,10.0,10.0,G
8276,-61.55970839917729,15.550668176645296,10.0,10.0,G
8277,-61.55961450217119,15.55084384139525,10.0,10.0,G
8278,-61.559697227534464,15.550783086665978,10.0,10.0,G
8279,-61.55965683385483,15.550832772947754,10.0,10.0,G
8280,-61.55966181607537,15.550817905784028,10.0,10.0,G
8281,-61.55962198647624,15.550769424119677,10.0,10.0,G
8282,-61.55972224734627,15.550817138061799,10.0,10.0,G
8283,-61.55952080964882,15.5508356367476,10.0,10.0,G
8284,-61.55971335717676,15.55080100911042,10.0,10.0,G
8285,-61.5597129254488,15.550801558537175,10.0,10.0,G
8286,-61.55964166206112,15.550832465841374,10.0,10.0,G
8287,-61.55960730720623,15.550761963591526,10.0,10.0,G
8288,-61.55984256475837,15.550958419934203,10.0,10.0,G
8289,-61.55968018358998,15.550844966917095,10.0,10.0,G
8290,-61.55967332593051,15.550715740608858,10.0,10.0,G
8291,-61.559949617590696,15.55071603801522,10.0,10.0,G
8292,-61.55974840038425,15.550801615688103,10.0,10.0,G
8293,-61.559749587929296,15.550839649442176,10.0,10.0,G
8294,-61.55978120611595,15.550866230386228,10.0,10.0,G
8295,-61.559838510303884,15.550896172642934,10.0,10.0,G
8296,-61.55983240693958,15.550910822204962,10.0,10.0,G
8297,-61.55981062446029,15.55080864153502,10.0,10.0,G
8298,-61.55980080065485,15.550884649999817,10.0,10.0,G
8299,-61.559957311401824,15.550777156087337,10.0,10.0,G
8300,-61.55976568861983,15.550804307278504,10.0,10.0,G
8301,-61.559825809871434,15.550835552958365,10.0,10.0,G
8302,-61.55981528768171,15.550985298934897,10.0,10.0,G
8303,-61.55981665533829,15.550896897449926,10.0,10.0,G
8304,-61.55980179911273,15.551040289311768,10.0,10.0,G
8305,-61.55981850830411,15.550884372620711,10.0,10.0,G
8306,-61.55979275895827,15.55086791334305,10.0,10.0,G
8307,-61.55980189100716,15.550917164458522,10.0,10.0,G
8308,-61.55993453584551,15.550971371336257,10.0,10.0,G
8309,-61.55991208407921,15.550935647210812,10.0,10.0,G
8310,-61.559801220832654,15.550998359026075,10.0,10.0,G
8311,-61.55980024955431,15.550946970827626,10.0,10.0,G
8312,-61.56001252401851,15.550815651388104,10.0,10.0,G
8313,-61.559929060963285,15.550935034869404,10.0,10.0,G
8314,-61.55988388038818,15.550962300307466,10.0,10.0,G
8315,-61.55989110697711,15.550964106938789,10.0,10.0,G
8316,-61.55985420699155,15.550952453252268,10.0,10.0,G
8317,-61.55992192520589,15.5509267819932,10.0,10.0,G
8318,-61.55985134992462,15.550862057839531,10.0,10.0,G
8319,-61.55996773724324,15.55098180360916,10.0,10.0,G
8320,-61.55991826392529,15.550842700756148,10.0,10.0,G
8321,-61.559896780937066,15.550972828242974,10.0,10.0,G
8322,-61.55992688297814,15.550935061258802,10.0,10.0,G
8323,-61.56000140994852,15.550950145638069,10.0,10.0,G
8324,-61.56012082293724,15.550940280372949,10.0,10.0,G
8325,-61.56011676275578,15.551106055498204,10.0,10.0,G
8326,-61.55989139160893,15.550937066928249,10.0,10.0,G
8327,-61.55989884494471,15.550983168849001,10.0,10.0,G
8328,-61.559831352268944,15.550844566719576,10.0,10.0,G
8329,-61.55994078124016,15.550936535506695,10.0,10.0,G
8330,-61.55993576240183,15.551032005447663,10.0,10.0,G
8331,-61.55995500500209,15.551032159924075,10.0,10.0,G
8332,-61.559969400685304,15.551013642250721,10.0,10.0,G
8333,-61.55998899619162,15.551036980951308,10.0,10.0,G
8334,-61.55998211400256,15.551028716186194,10.0,10.0,G
8335,-61.55992731942631,15.551021231488875,10.0,10.0,G
8336,-61.55999426011834,15.55102490398775,10.0,10.0,G
8337,-61.559928949853266,15.551080441389388,10.0,10.0,G
8338,-61.559976594594644,15.551009953224723,10.0,10.0,G
8339,-61.55998449269803,15.550920801081256,10.0,10.0,G
8340,-61.56000612827511,15.551051748414565,10.0,10.0,G
8341,-61.56004431547208,15.551026249922899,10.0,10.0,G
8342,-61.560048297595046,15.551114135229096,10.0,10.0,G
8343,-61.55991929963123,15.551111797791508,10.0,10.0,G
8344,-61.56010101777435,15.551021629950966,10.0,10.0,G
8345,-61.56006112497865,15.551044639309104,10.0,10.0,G
8346,-61.56003075345754,15.551027830314844,10.0,10.0,G
8347,-61.56005930486552,15.551138130476057,10.0,10.0,G
8348,-61.56002582657505,15.551079296489034,10.0,10.0,G
8349,-61.56001506300353,15.551105988535557,10.0,10.0,G
8350,-61.56004633419211,15.551094465787918,10.0,10.0,G
8351,-61.560063078859976,15.551093640231825,10.0,10.0,G
8352,-61.56001378530909,15.551005341074731,10.0,10.0,G
8353,-61.56007336183606,15.551087547727839,10.0,10.0,G
8354,-61.56001143099444,15.551126196321066,10.0,10.0,G
8355,-61.56006637669644,15.551131002104267,10.0,10.0,G
8356,-61.56007747189142,15.551129421622491,10.0,10.0,G
8357,-61.56005771196064,15.55113072995347,10.0,10.0,G
8358,-61.56008344860305,15.55111816991907,10.0,10.0,G
8359,-61.560104362313965,15.551126185921301,10.0,10.0,G
8360,-61.56014305980383,15.551105665849677,10.0,10.0,G
8361,-61.5601080628516,15.551140030275418,10.0,10.0,G
8362,-61.560107154822795,15.551102977552215,10.0,10.0,G
8363,-61.56028625474238,15.551100786445144,10.0,10.0,G
8364,-61.56010965171636,15.551195569583466,10.0,10.0,G
8365,-61.560125159819535,15.5511906540706,10.0,10.0,G
8366,-61.56003387093994,15.55111356305726,10.0,10.0,G
8367,-61.560090701884285,15.551132612101524,10.0,10.0,G
8368,-61.56015710806354,15.551163678419144,10.0,10.0,G
8369,-61.560166815547355,15.551161232858332,10.0,10.0,G
8370,-61.5601707872742,15.551166617297019,10.0,10.0,G
8371,-61.56004082554677,15.55120013251433,10.0,10.0,G
8372,-61.560129303852676,15.55117215961952,10.0,10.0,G
8373,-61.560193916469764,15.551163063524235,10.0,10.0,G
8374,-61.5601815685648,15.551186642932743,10.0,10.0,G
8375,-61.56023834535567,15.551111431940393,10.0,10.0,G
8376,-61.56019303324869,15.551197231015324,10.0,10.0,G
8377,-61.56024995666602,15.55118792078172,10.0,10.0,G
8378,-61.56026523973432,15.551145126790566,10.0,10.0,G
8379,-61.56016809540489,15.551227005482485,10.0,10.0,G
8380,-61.56022225259255,15.551239245065345,10.0,10.0,G
8381,-61.560214736534846,15.551181235041659,10.0,10.0,G
8382,-61.56024022747575,15.551197599613012,10.0,10.0,G
8383,-61.56025340235352,15.551213374473917,10.0,10.0,G
8384,-61.56025556598084,15.551140822996182,10.0,10.0,G
8385,-61.56025351457117,15.551232607718864,10.0,10.0,G
8386,-61.56027482143324,15.551248851643187,10.0,10.0,G
8387,-61.56025736944567,15.551241286775117,10.0,10.0,G
8388,-61.56032067019129,15.55122358392404,10.0,10.0,G
8389,-61.56035194078207,15.551203578183165,10.0,10.0,G
8390,-61.56027438973342,15.55125393427511,10.0,10.0,G
8391,-61.56026608975933,15.551279089329093,10.0,10.0,G
8392,-61.56032207267256,15.551061496345671,10.0,10.0,G
8393,-61.560305372984445,15.551244112596809,10.0,10.0,G
8394,-61.56017184019793,15.551237723937577,10.0,10.0,G
8395,-61.56029314053203,15.55125212916837,10.0,10.0,G
8396,-61.5602434778606,15.551138758802066,10.0,10.0,G
8397,-61.56040285255589,15.551346115315027,10.0,10.0,G
8398,-61.56030704628457,15.551267625766116,10.0,10.0,G
8399,-61.56032474238195,15.551269741908644,10.0,10.0,G
8400,-61.560283626341544,15.551293464973824,10.0,10.0,G
8401,-61.560301333844826,15.551229877689266,10.0,10.0,G
8402,-61.56033842843996,15.551285317307192,10.0,10.0,G
8403,-61.56035635139852,15.551342116685001,10.0,10.0,G
8404,-61.560257426113225,15.551252288245669,10.0,10.0,G
8405,-61.56028346687787,15.551325481657301,10.0,10.0,G
8406,-61.560237546528505,15.551155091223718,10.0,10.0,G
8407,-61.56038774926237,15.551344522299308,10.0,10.0,G
8408,-61.56016268124188,15.55136550156043,10.0,10.0,G
8409,-61.560373096523506,15.551325690453643,10.0,10.0,G
8410,-61.56032771388399,15.551416048149719,10.0,10.0,G
8411,-61.56038562769778,15.551341077871015,10.0,10.0,G
8412,-61.560284232057924,15.551308621784367,10.0,10.0,G
8413,-61.560398248789234,15.5511976631145,10.0,10.0,G
8414,-61.56038533044296,15.55137624747913,10.0,10.0,G
8415,-61.56035414948936,15.551287960361709,10.0,10.0,G
8416,-61.560462861052265,15.551279088058347,10.0,10.0,G
8417,-61.560588950694644,15.551241076316476,10.0,10.0,G
8418,-61.56063265062008,15.551314561201568,10.0,10.0,G
8419,-61.560577243160274,15.551280679151319,10.0,10.0,G
8420,-61.560418585112046,15.551391773249769,10.0,10.0,G
8421,-61.56041476220212,15.551351801668316,10.0,10.0,G
8422,-61.56035755278793,15.551344156970732,10.0,10.0,G
8423,-61.56039103416884,15.551380939155148,10.0,10.0,G
8424,-61.56040874005182,15.551207082798271,10.0,10.0,G
8425,-61.560470316519265,15.551441393032977,10.0,10.0,G
8426,-61.56046468280114,15.551399954742298,10.0,10.0,G
8427,-61.560569438484485,15.551341130935361,10.0,10.0,G
8428,-61.560545908616746,15.55144498059906,10.0,10.0,G
8429,-61.5604201446655,15.55125490743518,10.0,10.0,G
8430,-61.560490875153256,15.55143066349344,10.0,10.0,G
8431,-61.560525568201754,15.551358789214458,10.0,10.0,G
8432,-61.56050069391816,15.551428581095808,10.0,10.0,G
8433,-61.560508034571974,15.551425306803736,10.0,10.0,G
8434,-61.56051284391339,15.551423332602004,10.0,10.0,G
8435,-61.56064181131197,15.551403525562732,10.0,10.0,G
8436,-61.560503180662195,15.551450828001814,10.0,10.0,G
8437,-61.56052578669787,15.551459553297,10.0,10.0,G
8438,-61.56057054523934,15.551490968878207,10.0,10.0,G
8439,-61.560536378380306,15.551461408320062,10.0,10.0,G
8440,-61.56053964669683,15.551397327255254,10.0,10.0,G
8441,-61.560743617082366,15.551349154672053,10.0,10.0,G
8442,-61.56053654016786,15.551454905993056,10.0,10.0,G
8443,-61.560651011371604,15.551426727153588,10.0,10.0,G
8444,-61.56063618531484,15.551475661983536,10.0,10.0,G
8445,-61.56058176839479,15.551471238084519,10.0,10.0,G
8446,-61.56056188763368,15.551579050150886,10.0,10.0,G
8447,-61.56057716415255,15.551509318576901,10.0,10.0,G
8448,-61.56061072602972,15.551472745898655,10.0,10.0,G
8449,-61.56054730981711,15.551642687781248,10.0,10.0,G
8450,-61.56058669921568,15.551499456019252,10.0,10.0,G
8451,-61.56056900494201,15.55158222284378,10.0,10.0,G
8452,-61.56065356541896,15.55158702851841,10.0,10.0,G
8453,-61.56055234073779,15.551507444796643,10.0,10.0,G
8454,-61.560619962025655,15.551509510667849,10.0,10.0,G
8455,-61.56067493726654,15.551471844594332,10.0,10.0,G
8456,-61.56069586597596,15.551539819626392,10.0,10.0,G
8457,-61.56067297673667,15.55148441237205,10.0,10.0,G
8458,-61.56071127166033,15.551512146848518,10.0,10.0,G
8459,-61.560676817471055,15.551513509745437,10.0,10.0,G
8460,-61.56070470804716,15.551531524147133,10.0,10.0,G
8461,-61.560699116626104,15.551431595670454,10.0,10.0,G
8462,-61.5607629912145,15.551412445630536,10.0,10.0,G
8463,-61.56068564638927,15.551542029720046,10.0,10.0,G
8464,-61.56059001653592,15.55158375679347,10.0,10.0,G
8465,-61.56068068972061,15.551544976324033,10.0,10.0,G
8466,-61.56074201483143,15.551659586495916,10.0,10.0,G
8467,-61.56077073130903,15.55144914529216,10.0,10.0,G
8468,-61.56071077462353,15.55156381213583,10.0,10.0,G
8469,-61.56064696033514,15.551579355309565,10.0,10.0,G
8470,-61.560724413808785,15.551601806504053,10.0,10.0,G
8471,-61.56071754975966,15.551573724448714,10.0,10.0,G
8472,-61.56073788888037,15.551566595001722,10.0,10.0,G
8473,-61.56079979854881,15.551523489001779,10.0,10.0,G
8474,-61.56072061553897,15.551593304191806,10.0,10.0,G
8475,-61.56074060642207,15.551587095502219,10.0,10.0,G
8476,-61.5607520561018,15.55161750201314,10.0,10.0,G
8477,-61.560785225673975,15.551673285674845,10.0,10.0,G
8478,-61.56084176253013,15.551838077413336,10.0,10.0,G
8479,-61.560825169148345,15.55151657873925,10.0,10.0,G
8480,-61.560620465314756,15.551609265156893,10.0,10.0,G
8481,-61.5607356162071,15.551521288021492,10.0,10.0,G
8482,-61.56081288243985,15.551698220455997,10.0,10.0,G
8483,-61.56073030721132,15.551676432207572,10.0,10.0,G
8484,-61.5607694084926,15.551601013886131,10.0,10.0,G
8485,-61.560802368939335,15.551615210373772,10.0,10.0,G
8486,-61.56080520542901,15.551633170502885,10.0,10.0,G
8487,-61.560828532534266,15.551615906109589,10.0,10.0,G
8488,-61.56081193086001,15.551652055609374,10.0,10.0,G
8489,-61.56074473742385,15.55167229671319,10.0,10.0,G
8490,-61.560854315043336,15.55162306702405,10.0,10.0,G
8491,-61.56079113511542,15.55163122703187,10.0,10.0,G
8492,-61.5607688769862,15.551669520104841,10.0,10.0,G
8493,-61.56089927576702,15.551410365044228,10.0,10.0,G
8494,-61.560864842187506,15.55173678514039,10.0,10.0,G
8495,-61.56086141474083,15.551672588935036,10.0,10.0,G
8496,-61.56083012613763,15.551473518880774,10.0,10.0,G
8497,-61.560958526225505,15.551644397923537,10.0,10.0,G
8498,-61.56089724670463,15.55166612755636,10.0,10.0,G
8499,-61.560830137454126,15.551719813954222,10.0,10.0,G
8500,-61.560867986476445,15.55169724209461,10.0,10.0,G
8501,-61.56086117654199,15.551665647855824,10.0,10.0,G
8502,-61.5608960811018,15.551694914080073,10.0,10.0,G
8503,-61.561013697546606,15.551812517354449,10.0,10.0,G
8504,-61.56091094480323,15.551597600171204,10.0,10.0,G
8505,-61.56090801928224,15.551624102868406,10.0,10.0,G
8506,-61.560874425162815,15.551792626107792,10.0,10.0,G
8507,-61.56104669903913,15.551544315139296,10.0,10.0,G
8508,-61.56091654107629,15.551778303366678,10.0,10.0,G
8509,-61.5610379467654,15.551819630817025,10.0,10.0,G
8510,-61.56094344135635,15.551657271460606,10.0,10.0,G
8511,-61.56091781103949,15.551775642983875,10.0,10.0,G
8512,-61.56100222033969,15.551799320983934,10.0,10.0,G
8513,-61.56094918470928,15.551665670221723,10.0,10.0,G
8514,-61.56096504642676,15.551704009558803,10.0,10.0,G
8515,-61.56095222420993,15.551678001853185,10.0,10.0,G
8516,-61.560987181292184,15.551685418206297,10.0,10.0,G
8517,-61.56100828826719,15.551677298699417,10.0,10.0,G
8518,-61.56102770273734,15.551755529719205,10.0,10.0,G
8519,-61.56082772562154,15.551791936914178,10.0,10.0,G
8520,-61.56104590602499,15.551859952327348,10.0,10.0,G
8521,-61.56102477875714,15.551837080050092,10.0,10.0,G
8522,-61.561009625909776,15.551769478406266,10.0,10.0,G
8523,-61.56102027134362,15.551786989863148,10.0,10.0,G
8524,-61.56096190579434,15.551675435821995,10.0,10.0,G
8525,-61.561027371290784,15.551768092924446,10.0,10.0,G
8526,-61.56101909726084,15.551669273333001,10.0,10.0,G
8527,-61.56111256162379,15.551861055076191,10.0,10.0,G
8528,-61.56096157717996,15.551679291503156,10.0,10.0,G
8529,-61.561048080871636,15.551792384587687,10.0,10.0,G
8530,-61.56116375046928,15.551778615966995,10.0,10.0,G
8531,-61.561019354490284,15.55177085787696,10.0,10.0,G
8532,-61.56106652956451,15.551877801840835,10.0,10.0,G
8533,-61.56114946317704,15.551863544121872,10.0,10.0,G
8534,-61.56117797271851,15.551767399453823,10.0,10.0,G
8535,-61.56106710915823,15.551780745776213,10.0,10.0,G
8536,-61.56107607219112,15.551884975722697,10.0,10.0,G
8537,-61.56132797987245,15.551841766763424,10.0,10.0,G
8538,-61.561119655750446,15.551707285471954,10.0,10.0,G
8539,-61.56113104505246,15.551829540597693,10.0,10.0,G
8540,-61.561113846262444,15.551805390951404,10.0,10.0,G
8541,-61.56102610171088,15.551959541352,10.0,10.0,G
8542,-61.561140325471946,15.551818785713243,10.0,10.0,G
8543,-61.56117142286133,15.5519397090745,10.0,10.0,G
8544,-61.56106497144168,15.551971584073545,10.0,10.0,G
8545,-61.56108710655309,15.551821888636583,10.0,10.0,G
8546,-61.56117691295269,15.551973167295671,10.0,10.0,G
8547,-61.56117503876236,15.551902179469376,10.0,10.0,G
8548,-61.56104368824235,15.551782007305388,10.0,10.0,G
8549,-61.561164382498205,15.551846784596725,10.0,10.0,G
8550,-61.561124311693455,15.551862487281621,10.0,10.0,G
8551,-61.56119981764619,15.551847442197305,10.0,10.0,G
8552,-61.5611829975731,15.55188042531776,10.0,10.0,G
8553,-61.56127417496021,15.551771539122477,10.0,10.0,G
8554,-61.561263461597285,15.55180693510095,10.0,10.0,G
8555,-61.5612244080365,15.5518864374672,10.0,10.0,G
8556,-61.56125082086121,15.551893334557032,10.0,10.0,G
8557,-61.561178362235786,15.551904858553653,10.0,10.0,G
8558,-61.56122493254289,15.55186857889341,10.0,10.0,G
8559,-61.56119689844324,15.55184553200115,10.0,10.0,G
8560,-61.56137059146261,15.551917990675861,10.0,10.0,G
8561,-61.56121165130468,15.551895326756783,10.0,10.0,G
8562,-61.56123247333616,15.551884677802951,10.0,10.0,G
8563,-61.56135770610064,15.551874666359724,10.0,10.0,G
8564,-61.561270010595464,15.551911034360069,10.0,10.0,G
8565,-61.56123767247991,15.551847494714355,10.0,10.0,G
8566,-61.56133263202198,15.551962019042366,10.0,10.0,G
8567,-61.561263774674316,15.551931941485403,10.0,10.0,G
8568,-61.56128099501221,15.551956345244225,10.0,10.0,G
8569,-61.561290006034646,15.551905535476246,10.0,10.0,G
8570,-61.56129619808892,15.551948581367698,10.0,10.0,G
8571,-61.56134559428211,15.552139867272903,10.0,10.0,G
8572,-61.56129075822902,15.551970376167711,10.0,10.0,G
8573,-61.56131665375194,15.551976100715024,10.0,10.0,G
8574,-61.56117326630374,15.551870035006605,10.0,10.0,G
8575,-61.56134568638954,15.551948307776849,10.0,10.0,G
8576,-61.561325882594,15.551973262890378,10.0,10.0,G
8577,-61.56133644813693,15.55194741417374,10.0,10.0,G
8578,-61.56132727796449,15.552061728806965,10.0,10.0,G
8579,-61.56143911488049,15.551879083690807,10.0,10.0,G
8580,-61.56125093647087,15.552025643441654,10.0,10.0,G
8581,-61.561285037358616,15.55206786753647,10.0,10.0,G
8582,-61.56143672319306,15.551884154771102,10.0,10.0,G
8583,-61.56137137090249,15.55187467557923,10.0,10.0,G
8584,-61.561375266658295,15.552152800704308,10.0,10.0,G
8585,-61.56139860120256,15.55192114602774,10.0,10.0,G
8586,-61.56130812342062,15.55205712891388,10.0,10.0,G
8587,-61.56140572772693,15.551979013591799,10.0,10.0,G
8588,-61.56137045491337,15.551942645197622,10.0,10.0,G
8589,-61.561448504547336,15.551973213073108,10.0,10.0,G
8590,-61.5614289762684,15.552045352991309,10.0,10.0,G
8591,-61.56133504663726,15.551858671828533,10.0,10.0,G
8592,-61.561432690805034,15.552015933391473,10.0,10.0,G
8593,-61.5614247667775,15.551967853223243,10.0,10.0,G
8594,-61.56130391558007,15.552036776952708,10.0,10.0,G
8595,-61.56144224036223,15.552063015956005,10.0,10.0,G
8596,-61.561419768037425,15.552090585255264,10.0,10.0,G
8597,-61.56137777317209,15.552199099570666,10.0,10.0,G
8598,-61.561433789466015,15.55205208424958,10.0,10.0,G
8599,-61.56149748525249,15.552068731957291,10.0,10.0,G
8600,-61.5615044480008,15.55204640707168,10.0,10.0,G
8601,-61.5614483362707,15.551969053332762,10.0,10.0,G
8602,-61.56147545225653,15.552010319930922,10.0,10.0,G
8603,-61.56148994956998,15.552072600863612,10.0,10.0,G
8604,-61.56149197082187,15.552070141799236,10.0,10.0,G
8605,-61.56149696840455,15.55201889909299,10.0,10.0,G
8606,-61.56141936937787,15.552116500755181,10.0,10.0,G
8607,-61.561434440628965,15.552041275481047,10.0,10.0,G
8608,-61.5615225535524,15.552086928227089,10.0,10.0,G
8609,-61.56152571658633,15.552097517686974,10.0,10.0,G
8610,-61.5614555637684,15.552095259132752,10.0,10.0,G
8611,-61.56144005281221,15.552121428599376,10.0,10.0,G
8612,-61.56157246537053,15.55210787639858,10.0,10.0,G
8613,-61.561572645289296,15.552073077848164,10.0,10.0,G
8614,-61.5614997004878,15.552206470526617,10.0,10.0,G
8615,-61.56162867533442,15.552147723555052,10.0,10.0,G
8616,-61.561594592739674,15.552089377185776,10.0,10.0,G
8617,-61.56168555469741,15.552121799612243,10.0,10.0,G
8618,-61.56152854291235,15.552119106955637,10.0,10.0,G
8619,-61.561648598951315,15.552152353829584,10.0,10.0,G
8620,-61.56152396488766,15.55214435030401,10.0,10.0,G
8621,-61.561718741365915,15.552096227814795,10.0,10.0,G
8622,-61.56151331820857,15.552155033121114,10.0,10.0,G
8623,-61.56162576457503,15.55216377819165,10.0,10.0,G
8624,-61.5616532955388,15.552036328789038,10.0,10.0,G
8625,-61.561619580996066,15.552157481321917,10.0,10.0,G
8626,-61.56168243170854,15.552356144976564,10.0,10.0,G
8627,-61.561741757299274,15.552244588267092,10.0,10.0,G
8628,-61.561710734736835,15.552222425691085,10.0,10.0,G
8629,-61.561660237150704,15.552157346886498,10.0,10.0,G
8630,-61.56156960930735,15.552167736033569,10.0,10.0,G
8631,-61.561631071677034,15.552119736783537,10.0,10.0,G
8632,-61.561659697626666,15.552182757317567,10.0,10.0,G
8633,-61.56158585930863,15.551997513250363,10.0,10.0,G
8634,-61.56169367325791,15.552237370577256,10.0,10.0,G
8635,-61.56166917151036,15.55220555461991,10.0,10.0,G
8636,-61.56161322119373,15.552120341526262,10.0,10.0,G
8637,-61.56168151272956,15.55218735244395,10.0,10.0,G
8638,-61.56166955168488,15.552200606556175,10.0,10.0,G
8639,-61.561588103894906,15.552170345492414,10.0,10.0,G
8640,-61.561728668250446,15.552161205306778,10.0,10.0,G
8641,-61.56181905613827,15.552233344542174,10.0,10.0,G
8642,-61.56178111552773,15.552210387423555,10.0,10.0,G
8643,-61.561729440733274,15.55213172577671,10.0,10.0,G
8644,-61.561739301830634,15.552220636452638,10.0,10.0,G
8645,-61.5615283533752,15.551970885163342,10.0,10.0,G
8646,-61.56164356197565,15.552163855736007,10.0,10.0,G
8647,-61.56170277071317,15.552158551880163,10.0,10.0,G
8648,-61.56180941463845,15.552175455574984,10.0,10.0,G
8649,-61.56178931722995,15.552275105814335,10.0,10.0,G
8650,-61.56176049281141,15.552236449293623,10.0,10.0,G
8651,-61.56173343924265,15.55224845821003,10.0,10.0,G
8652,-61.56176128058685,15.552336035747638,10.0,10.0,G
8653,-61.561856894446336,15.552204268112595,10.0,10.0,G
8654,-61.56178176776476,15.552240572016105,10.0,10.0,G
8655,-61.56167146971672,15.55228797409572,10.0,10.0,G
8656,-61.56181093366975,15.552269321154839,10.0,10.0,G
8657,-61.56172343996397,15.552544647532478,10.0,10.0,G
8658,-61.561738483901756,15.55240852713403,10.0,10.0,G
8659,-61.56175868181618,15.552377993327724,10.0,10.0,G
8660,-61.56187562856762,15.552305260839736,10.0,10.0,G
8661,-61.56185700804869,15.552273183310769,10.0,10.0,G
8662,-61.561900289703864,15.552330662066783,10.0,10.0,G
8663,-61.56175402588081,15.552230165121168,10.0,10.0,G
8664,-61.56199849141091,15.552383261182642,10.0,10.0,G
8665,-61.56175738063464,15.552295160545405,10.0,10.0,G
8666,-61.56180426881464,15.552345672740138,10.0,10.0,G
8667,-61.56186102348172,15.552273246836721,10.0,10.0,G
8668,-61.56190934318056,15.55228092456262,10.0,10.0,G
8669,-61.56179360038606,15.552216607607168,10.0,10.0,G
8670,-61.56192304967641,15.552341193014964,10.0,10.0,G
8671,-61.561855474154115,15.552338474185461,10.0,10.0,G
8672,-61.561849347041424,15.552243663519018,10.0,10.0,G
8673,-61.561897318963084,15.55236708922842,10.0,10.0,G
8674,-61.56201815075479,15.552171219463698,10.0,10.0,G
8675,-61.561980599510434,15.552338698676536,10.0,10.0,G
8676,-61.56178319023142,15.55230055752186,10.0,10.0,G
8677,-61.56194385076814,15.552327647008044,10.0,10.0,G
8678,-61.56194440589134,15.552341464026192,10.0,10.0,G
8679,-61.56195399519748,15.5523498546953,10.0,10.0,G
8680,-61.56193449751147,15.552362543464655,10.0,10.0,G
8681,-61.561937731445326,15.552347662039644,10.0,10.0,G
8682,-61.56197569257692,15.552438082167559,10.0,10.0,G
8683,-61.56196706073123,15.552359804596485,10.0,10.0,G
8684,-61.56194416317545,15.5524412899909,10.0,10.0,G
8685,-61.5619967091759,15.552367609515686,10.0,10.0,G
8686,-61.561972822039436,15.552380746642513,10.0,10.0,G
8687,-61.562060090289805,15.552407890226375,10.0,10.0,G
8688,-61.56198973018115,15.552431599501665,10.0,10.0,G
8689,-61.562068585671724,15.552299647745281,10.0,10.0,G
8690,-61.56201529844442,15.552371684958265,10.0,10.0,G
8691,-61.56207616292509,15.552341437092393,10.0,10.0,G
8692,-61.562067182483,15.55233945968713,10.0,10.0,G
8693,-61.56180888640763,15.552402366664904,10.0,10.0,G
8694,-61.562076457065615,15.552371535833087,10.0,10.0,G
8695,-61.562039329025914,15.55234633522108,10.0,10.0,G
8696,-61.562170455637386,15.552416192847032,10.0,10.0,G
8697,-61.56211150839289,15.552385919680601,10.0,10.0,G
8698,-61.56202572165172,15.552419018667807,10.0,10.0,G
8699,-61.56204231003878,15.55239014165744,10.0,10.0,G
8700,-61.56207389359762,15.552338071097163,10.0,10.0,G
8701,-61.56206339092002,15.55252479921906,10.0,10.0,G
8702,-61.562127023271124,15.552383182918051,10.0,10.0,G
8703,-61.562071441453526,15.55243958379917,10.0,10.0,G
8704,-61.56211387615734,15.552419092033883,10.0,10.0,G
8705,-61.562060439495276,15.552517845850916,10.0,10.0,G
8706,-61.56208345127127,15.552478402087079,10.0,10.0,G
8707,-61.56213193170596,15.552443334351413,10.0,10.0,G
8708,-61.56208955817471,15.552431500838892,10.0,10.0,G
8709,-61.56224984463878,15.552403717031812,10.0,10.0,G
8710,-61.562147399044896,15.552443788199508,10.0,10.0,G
8711,-61.56216055475433,15.552451493879689,10.0,10.0,G
8712,-61.56217515830014,15.55245880536807,10.0,10.0,G
8713,-61.56224181638844,15.552478335571143,10.0,10.0,G
8714,-61.56227787069179,15.552463301475106,10.0,10.0,G
8715,-61.562182663449114,15.55246961204844,10.0,10.0,G
8716,-61.562098778111576,15.552524228636097,10.0,10.0,G
8717,-61.562207927549586,15.552437202157066,10.0,10.0,G
8718,-61.56228990696116,15.552553699608293,10.0,10.0,G
8719,-61.562251911799954,15.552597251116106,10.0,10.0,G
8720,-61.562163551146234,15.552412175555627,10.0,10.0,G
8721,-61.56218532612917,15.552526112386134,10.0,10.0,G
8722,-61.562211905667375,15.552542360179812,10.0,10.0,G
8723,-61.56222771078045,15.552381887568696,10.0,10.0,G
8724,-61.5622188290755,15.552470462518668,10.0,10.0,G
8725,-61.56217866541299,15.55245516364078,10.0,10.0,G
8726,-61.562250360240824,15.552526180906035,10.0,10.0,G
8727,-61.56227929776486,15.552575843663401,10.0,10.0,G
8728,-61.56228140728974,15.552522769482552,10.0,10.0,G
8729,-61.56223018089435,15.552582586907121,10.0,10.0,G
8730,-61.56232049638457,15.552522013192423,10.0,10.0,G
8731,-61.56228573126599,15.552518683126243,10.0,10.0,G
8732,-61.56214941074731,15.552522877416118,10.0,10.0,G
8733,-61.56234124114586,15.552428093152036,10.0,10.0,G
8734,-61.562290342831076,15.552513634151664,10.0,10.0,G
8735,-61.56227954761723,15.552540705170513,10.0,10.0,G
8736,-61.56234505779814,15.552557541208342,10.0,10.0,G
8737,-61.56219423498834,15.552482580560358,10.0,10.0,G
8738,-61.562327547898036,15.552546484869225,10.0,10.0,G
8739,-61.562345965916585,15.552529850315489,10.0,10.0,G
8740,-61.56236221917719,15.552552575119423,10.0,10.0,G
8741,-61.562275177892765,15.552605289507376,10.0,10.0,G
8742,-61.56232855468769,15.552614878492522,10.0,10.0,G
8743,-61.56236290781437,15.552565847607497,10.0,10.0,G
8744,-61.56242418626383,15.55269678449463,10.0,10.0,G
8745,-61.56242309102299,15.552599940318272,10.0,10.0,G
8746,-61.56234608068828,15.552579138996066,10.0,10.0,G
8747,-61.5623801161844,15.55259351662918,10.0,10.0,G
8748,-61.56239512861887,15.552587109665328,10.0,10.0,G
8749,-61.56228401174505,15.552618779395603,10.0,10.0,G
8750,-61.56239724210596,15.552605849965381,10.0,10.0,G
8751,-61.562417404618444,15.55257132192467,10.0,10.0,G
8752,-61.562287111598586,15.552496152492301,10.0,10.0,G
8753,-61.5624336551621,15.552603772122367,10.0,10.0,G
8754,-61.5623590779274,15.552635438829439,10.0,10.0,G
8755,-61.562310429892285,15.552638708503167,10.0,10.0,G
8756,-61.562433716601504,15.552611797272775,10.0,10.0,G
8757,-61.562341928081565,15.552644775723547,10.0,10.0,G
8758,-61.56241937458598,15.552630605245591,10.0,10.0,G
8759,-61.56243728699936,15.55256451038139,10.0,10.0,G
8760,-61.56228059432216,15.552565038263939,10.0,10.0,G
8761,-61.56242993856579,15.552737233615169,10.0,10.0,G
8762,-61.562543845294506,15.55275204294739,10.0,10.0,G
8763,-61.562506592869454,15.552745745731995,10.0,10.0,G
8764,-61.56246625982234,15.552586603191864,10.0,10.0,G
8765,-61.56252973573878,15.55264359122856,10.0,10.0,G
8766,-61.56250764362938,15.552641425315258,10.0,10.0,G
8767,-61.56245221503751,15.552676969373191,10.0,10.0,G
8768,-61.56252189027981,15.552567246141283,10.0,10.0,G
8769,-61.56240102393647,15.552639300887456,10.0,10.0,G
8770,-61.56260710192781,15.552685475424507,10.0,10.0,G
8771,-61.56256072153309,15.552660475061504,10.0,10.0,G
8772,-61.562615597143434,15.552636832426392,10.0,10.0,G
8773,-61.56262407994065,15.55264051738305,10.0,10.0,G
8774,-61.562564585139455,15.552656840212196,10.0,10.0,G
8775,-61.56249325568795,15.552707742736354,10.0,10.0,G
8776,-61.56257717001804,15.552767598328888,10.0,10.0,G
8777,-61.56251620269512,15.552713856409584,10.0,10.0,G
8778,-61.56266707132559,15.552690104041679,10.0,10.0,G
8779,-61.56261023740667,15.552697745006093,10.0,10.0,G
8780,-61.56256578992459,15.552656418276253,10.0,10.0,G
8781,-61.56260673528542,15.552686382216368,10.0,10.0,G
8782,-61.562571919047,15.552585849312873,10.0,10.0,G
8783,-61.56259820968815,15.552649636842315,10.0,10.0,G
8784,-61.562640230391885,15.552685712541834,10.0,10.0,G
8785,-61.562592970032476,15.552715920416308,10.0,10.0,G
8786,-61.56274994273715,15.55267577174547,10.0,10.0,G
8787,-61.56254869744392,15.552629921440486,10.0,10.0,G
8788,-61.56272126105738,15.552764429382394,10.0,10.0,G
8789,-61.56259528683631,15.5524978787114,10.0,10.0,G
8790,-61.56254041539206,15.552681889639919,10.0,10.0,G
8791,-61.562683428473235,15.552745164818539,10.0,10.0,G
8792,-61.562696241179374,15.5527496450451,10.0,10.0,G
8793,-61.562736555042825,15.552781056634192,10.0,10.0,G
8794,-61.562694068771115,15.552742018956115,10.0,10.0,G
8795,-61.5627737894721,15.552750253736026,10.0,10.0,G
8796,-61.56268347252333,15.552728492868026,10.0,10.0,G
8797,-61.562738388043826,15.552728231500513,10.0,10.0,G
9579,-61.56762873843772,15.555498980796978,10.0,10.0,G
9580,-61.56762274726434,15.55546584840111,10.0,10.0,G
9581,-61.56764455266085,15.55552024364594,10.0,10.0,G
9582,-61.56751893145051,15.55548091541415,10.0,10.0,G
9583,-61.567619313006766,15.555505274368869,10.0,10.0,G
9584,-61.56755521762258,15.555611815814453,10.0,10.0,G
9585,-61.567638379289406,15.555460293221289,10.0,10.0,G
9586,-61.56765521231739,15.555495171689767,10.0,10.0,G
9587,-61.56763729766362,15.555703375613026,10.0,10.0,G
9588,-61.56756489554932,15.555490952161657,10.0,10.0,G
9589,-61.56763331681393,15.555548630823138,10.0,10.0,G
9590,-61.56761358808916,15.555566430614252,10.0,10.0,G
9591,-61.56754264401754,15.555624683309965,10.0,10.0,G
9592,-61.56761132419685,15.55547923371582,10.0,10.0,G
9593,-61.567552575840274,15.55556013482133,10.0,10.0,G
9594,-61.56763783338172,15.555587751900813,10.0,10.0,G
9595,-61.567781775754035,15.555519761935178,10.0,10.0,G
9596,-61.56762302043676,15.555602159002214,10.0,10.0,G
9597,-61.56767939787774,15.55573621203665,10.0,10.0,G
9598,-61.56764532003173,15.555594296547318,10.0,10.0,G
9599,-61.567713858387236,15.555593148809548,10.0,10.0,G
9600,-61.56763589745129,15.555655011056533,10.0,10.0,G
9601,-61.56767371336452,15.555631227502637,10.0,10.0,G
9602,-61.56751884674025,15.555685189643347,10.0,10.0,G
9603,-61.56776963500069,15.555671093545286,10.0,10.0,G
9604,-61.567643868778035,15.555695213641556,10.0,10.0,G
9605,-61.56763940056465,15.555662501311268,10.0,10.0,G
9606,-61.56764163560068,15.555652503870347,10.0,10.0,G
9607,-61.56769461203134,15.555723631529762,10.0,10.0,G
9608,-61.56757372537817,15.555722825421547,10.0,10.0,G
9609,-61.5676743483392,15.555684347765052,10.0,10.0,G
9610,-61.5677749627359,15.555496940366965,10.0,10.0,G
9611,-61.567623717478895,15.55569972110045,10.0,10.0,G
9612,-61.567558094144516,15.555811446470093,10.0,10.0,G
9613,-61.56759817770877,15.555662070021667,10.0,10.0,G
9614,-61.56764600086943,15.555726703569656,10.0,10.0,G
9615,-61.567521350099796,15.555676767829274,10.0,10.0,G
9616,-61.567618489307485,15.555822300301802,10.0,10.0,G
9617,-61.56771328553276,15.555873081630699,10.0,10.0,G
9618,-61.56769763545787,15.555805407251775,10.0,10.0,G
9619,-61.56757133096327,15.555794668816656,10.0,10.0,G
9620,-61.567658988254536,15.555741795697186,10.0,10.0,G
9621,-61.567626479361216,15.555735633051667,10.0,10.0,G
9622,-61.56760995898938,15.555838118436299,10.0,10.0,G
9623,-61.567649680071405,15.555934629388497,10.0,10.0,G
9624,-61.567652824884725,15.55580478309996,10.0,10.0,G
9625,-61.56766080480515,15.555774302279566,10.0,10.0,G
9626,-61.567705280698064,15.555833116252716,10.0,10.0,G
9627,-61.56762949237901,15.555931781992882,10.0,10.0,G
9628,-61.567690335297236,15.5558125151919,10.0,10.0,G
9629,-61.56753829165152,15.55588309658713,10.0,10.0,G
9630,-61.56770125408308,15.555926079394478,10.0,10.0,G
9631,-61.56769423304831,15.555855562668375,10.0,10.0,G
9632,-61.567674088238356,15.555879242899856,10.0,10.0,G
9633,-61.56763906999744,15.55585918890567,10.0,10.0,G
9634,-61.56759406893482,15.555819979126255,10.0,10.0,G
9635,-61.56765209430096,15.555843397228717,10.0,10.0,G
9636,-61.567721472302956,15.555850784822534,10.0,10.0,G
9637,-61.567653317378564,15.55588219081251,10.0,10.0,G
9638,-61.567767757755156,15.555944801640079,10.0,10.0,G
9639,-61.56766671169714,15.555906865744838,10.0,10.0,G
9640,-61.567643094831006,15.556005080738629,10.0,10.0,G
9641,-61.56756750386866,15.555853252049127,10.0,10.0,G
9642,-61.567646467735415,15.555957407117743,10.0,10.0,G
9643,-61.56767881620474,15.555893891012232,10.0,10.0,G
9644,-61.567688945308035,15.55591396723786,10.0,10.0,G
9645,-61.56778146572082,15.555926104081015,10.0,10.0,G
9646,-61.56766261583821,15.555926153806888,10.0,10.0,G
9647,-61.56768062137048,15.555955813775299,10.0,10.0,G
9648,-61.567670350462706,15.55597700001588,10.0,10.0,G
9649,-61.567627587578734,15.555980578760336,10.0,10.0,G
9650,-61.56781516210817,15.555909747618658,10.0,10.0,G
9651,-61.567580878410304,15.555904370881631,10.0,10.0,G
9652,-61.56763146039208,15.556007823700801,10.0,10.0,G
9653,-61.56764025882922,15.556028935419734,10.0,10.0,G
9654,-61.567642136685045,15.555964778896874,10.0,10.0,G
9655,-61.56761558925324,15.556191608863061,10.0,10.0,G
9656,-61.56755440335659,15.556083159648184,10.0,10.0,G
9657,-61.56758636187689,15.556030717869936,10.0,10.0,G
9658,-61.56759681795599,15.5561255446811,10.0,10.0,G
9659,-61.567604118857446,15.556079364980736,10.0,10.0,G
9660,-61.567580011101406,15.556068707084549,10.0,10.0,G
9661,-61.56756673681326,15.55611579562025,10.0,10.0,G
9662,-61.567618660082715,15.556095675835124,10.0,10.0,G
9663,-61.56760991366819,15.556039647290808,10.0,10.0,G
9664,-61.56760947988531,15.55608346858837,10.0,10.0,G
9665,-61.56762716667743,15.556155208176717,10.0,10.0,G
9666,-61.56761091605553,15.556143285754864,10.0,10.0,G
9667,-61.567591153389635,15.556150027368922,10.0,10.0,G
9668,-61.567766657405976,15.556132380643257,10.0,10.0,G
9669,-61.56769513138357,15.556112918860302,10.0,10.0,G
9670,-61.56764386709866,15.556200408261436,10.0,10.0,G
9671,-61.567624199804385,15.55616796538663,10.0,10.0,G
9672,-61.567547069832465,15.556130150824666,10.0,10.0,G
9673,-61.56761333531933,15.556177074734677,10.0,10.0,G
9674,-61.567616788437995,15.556207388262944,10.0,10.0,G
9675,-61.567563945542155,15.556176824718436,10.0,10.0,G
9676,-61.567705925570586,15.556214980616106,10.0,10.0,G
9677,-61.56750352969366,15.556172975005168,10.0,10.0,G
9678,-61.56759261377421,15.556392109734395,10.0,10.0,G
9679,-61.567763018775345,15.556188566370206,10.0,10.0,G
9680,-61.56742047166154,15.55626885514392,10.0,10.0,G
9681,-61.56762087449279,15.556300946531765,10.0,10.0,G
9682,-61.5675969891708,15.556270278782426,10.0,10.0,G
9683,-61.567633322437956,15.556285156990835,10.0,10.0,G
9684,-61.56759045959033,15.556292831154861,10.0,10.0,G
9685,-61.567510756069886,15.556142667170413,10.0,10.0,G
9686,-61.56756276502748,15.556247716944693,10.0,10.0,G
9687,-61.56763035929831,15.556308397133863,10.0,10.0,G
9688,-61.56761604929346,15.556326737774771,10.0,10.0,G
9689,-61.56756530788543,15.556329510833178,10.0,10.0,G
9690,-61.567593431099176,15.556315182601992,10.0,10.0,G
9691,-61.56754129722242,15.556475805163759,10.0,10.0,G
9692,-61.56771050274155,15.556344840154106,10.0,10.0,G
9693,-61.56765854387588,15.556293090362518,10.0,10.0,G
9694,-61.56759382206873,15.556248570164579,10.0,10.0,G
9695,-61.56756242776233,15.556254513061502,10.0,10.0,G
9696,-61.56752953852037,15.556437236579871,10.0,10.0,G
9697,-61.56746136535205,15.556352957633326,10.0,10.0,G
9698,-61.56766023130023,15.55645391917502,10.0,10.0,G
9699,-61.567453682410715,15.556297775701703,10.0,10.0,G
9700,-61.56756618395119,15.556416462245485,10.0,10.0,G
9701,-61.56746258703003,15.556446808946927,10.0,10.0,G
9702,-61.56751410666586,15.556425207097591,10.0,10.0,G
9703,-61.567557826153234,15.556428955141454,10.0,10.0,G
9704,-61.567559230098176,15.556423027473514,10.0,10.0,G
9705,-61.567560107485285,15.556443172669578,10.0,10.0,G
9706,-61.56754172049469,15.55649405652278,10.0,10.0,G
9707,-61.56749001902792,15.556425314149067,10.0,10.0,G
9708,-61.56760720351146,15.556504851282721,10.0,10.0,G
9709,-61.56764515621829,15.556474280287336,10.0,10.0,G
9710,-61.56745001252634,15.556562349569464,10.0,10.0,G
9711,-61.56756093606635,15.556486825937922,10.0,10.0,G
9712,-61.5676192979158,15.556488318029091,10.0,10.0,G
9713,-61.56751741526048,15.556465424297851,10.0,10.0,G
9714,-61.56754199450465,15.55645114325508,10.0,10.0,G
9715,-61.56767234224365,15.556561441362076,10.0,10.0,G
9716,-61.567537937586195,15.556546261330064,10.0,10.0,G
9717,-61.56758425694221,15.556571881487326,10.0,10.0,G
9718,-61.567504704225314,15.556539180583135,10.0,10.0,G
9719,-61.56749282671151,15.556569287759785,10.0,10.0,G
9720,-61.56752570764202,15.55662948880505,10.0,10.0,G
9721,-61.567532874985424,15.55661438495465,10.0,10.0,G
9722,-61.567596943751624,15.556530970006033,10.0,10.0,G
9723,-61.56762619750557,15.5566119228106,10.0,10.0,G
9724,-61.56745559712472,15.55657545415492,10.0,10.0,G
9725,-61.5673631996151,15.55659628905896,10.0,10.0,G
9726,-61.56751060864962,15.556625586675285,10.0,10.0,G
9727,-61.56749064552897,15.556538401683046,10.0,10.0,G
9728,-61.56748988113343,15.556639172300168,10.0,10.0,G
9729,-61.56748342793374,15.556780091061931,10.0,10.0,G
9730,-61.56749867076308,15.556660002377594,10.0,10.0,G
9731,-61.56750526858588,15.556725815159112,10.0,10.0,G
9732,-61.56756693344394,15.55665164541079,10.0,10.0,G
9733,-61.56750945388354,15.556612238015994,10.0,10.0,G
9734,-61.56748841831371,15.556686989814581,10.0,10.0,G
9735,-61.56740022850359,15.556736672301946,10.0,10.0,G
9736,-61.56745690473091,15.556723929966845,10.0,10.0,G
9737,-61.56740832012247,15.556658508168947,10.0,10.0,G
9738,-61.56746781358096,15.556721395009546,10.0,10.0,G
9739,-61.56746843215972,15.5566386829916,10.0,10.0,G
9740,-61.567538826517456,15.556724826134419,10.0,10.0,G
9741,-61.56738697321998,15.556815654328476,10.0,10.0,G
9742,-61.56739559531104,15.556947157429194,10.0,10.0,G
9743,-61.56745915882986,15.556738291389788,10.0,10.0,G
9744,-61.567488208570424,15.556786366922259,10.0,10.0,G
9745,-61.567342590122834,15.556878247996481,10.0,10.0,G
9746,-61.567548959171475,15.55688458467062,10.0,10.0,G
9747,-61.56742965723046,15.556793454809828,10.0,10.0,G
9748,-61.567451809499104,15.556725847078054,10.0,10.0,G
9749,-61.5674796342188,15.556726610463295,10.0,10.0,G
9750,-61.56743231693062,15.556864747241237,10.0,10.0,G
9751,-61.5675130070266,15.55698849991934,10.0,10.0,G
9752,-61.56747888402997,15.556832898219344,10.0,10.0,G
9753,-61.56743473348212,15.556817816972728,10.0,10.0,G
9754,-61.56746131382985,15.556801352914311,10.0,10.0,G
9755,-61.567453521446886,15.556872891295267,10.0,10.0,G
9756,-61.567503622024645,15.556960692384205,10.0,10.0,G
9757,-61.56740278475969,15.556898166663427,10.0,10.0,G
9758,-61.567452718885455,15.556970479706733,10.0,10.0,G
9759,-61.56733752328633,15.556895397547855,10.0,10.0,G
9760,-61.567312586316135,15.556942476594692,10.0,10.0,G
9761,-61.56736503668262,15.556944582087121,10.0,10.0,G
9762,-61.56746658163811,15.556926693498976,10.0,10.0,G
9763,-61.56727369230661,15.556978357786575,10.0,10.0,G
9764,-61.567309228954535,15.556871459206658,10.0,10.0,G
9765,-61.56752551753012,15.557175895352282,10.0,10.0,G
9766,-61.56740816194154,15.556940405375906,10.0,10.0,G
9767,-61.56736629223709,15.556988069237642,10.0,10.0,G
9768,-61.56738192560934,15.557008020145437,10.0,10.0,G
9769,-61.5673730894096,15.556866123106023,10.0,10.0,G
9770,-61.567224485988746,15.557025695886884,10.0,10.0,G
9771,-61.56742622002805,15.557050059845597,10.0,10.0,G
9772,-61.567433154817785,15.557030537304627,10.0,10.0,G
9773,-61.567443661992684,15.55704003153856,10.0,10.0,G
9774,-61.56739922149165,15.557074902047265,10.0,10.0,G
9775,-61.56723701192309,15.557009658154715,10.0,10.0,G
9776,-61.56741821501574,15.557049188564848,10.0,10.0,G
9777,-61.56737166573261,15.557141973120359,10.0,10.0,G
9778,-61.56728974233424,15.557049391457115,10.0,10.0,G
9779,-61.56732123552047,15.55711040931049,10.0,10.0,G
9780,-61.567322052027805,15.557131847024516,10.0,10.0,G
9781,-61.56738396120604,15.557074599958023,10.0,10.0,G
9782,-61.56733120407678,15.557128842548646,10.0,10.0,G
9783,-61.56728932291981,15.557112670499047,10.0,10.0,G
9784,-61.56724972867263,15.557227023732999,10.0,10.0,G
9785,-61.567283830785904,15.557215431044847,10.0,10.0,G
9786,-61.567273890082355,15.557174105028087,10.0,10.0,G
9787,-61.5672807375107,15.557179050881569,10.0,10.0,G
9788,-61.567262764747845,15.557215668476822,10.0,10.0,G
9789,-61.567302099409034,15.557210947159806,10.0,10.0,G
9790,-61.567282607069984,15.557220799713098,10.0,10.0,G
9791,-61.56726271495702,15.557202939490276,10.0,10.0,G
9792,-61.567431269366885,15.557294517888957,10.0,10.0,G
9793,-61.567273049401535,15.557094030726791,10.0,10.0,G
9794,-61.567251901597814,15.557326562222038,10.0,10.0,G
9795,-61.56728103134126,15.557261108362553,10.0,10.0,G
9796,-61.56738398666611,15.557239147098787,10.0,10.0,G
9797,-61.56726679606959,15.557288233345908,10.0,10.0,G
9798,-61.56721333044363,15.55739192260464,10.0,10.0,G
9799,-61.56726130856307,15.557334583778093,10.0,10.0,G
9800,-61.567114554701945,15.557343143370009,10.0,10.0,G
9801,-61.56728001591059,15.557448354890814,10.0,10.0,G
9802,-61.567246671618115,15.557342771278618,10.0,10.0,G
9803,-61.56731273832692,15.557316747843842,10.0,10.0,G
9804,-61.567084737729495,15.557214392598024,10.0,10.0,G
9805,-61.56734560388382,15.557407139596878,10.0,10.0,G
9806,-61.567259380055695,15.557426406189226,10.0,10.0,G
9807,-61.567266025142736,15.557463109383859,10.0,10.0,G
9808,-61.56732595448335,15.557420078486055,10.0,10.0,G
9809,-61.567185180900665,15.55749708305488,10.0,10.0,G
9810,-61.56722242535864,15.557416398606662,10.0,10.0,G
9811,-61.56728905744726,15.557469847236058,10.0,10.0,G
9812,-61.56721219397716,15.557464682156374,10.0,10.0,G
9813,-61.56720698783339,15.557484582733645,10.0,10.0,G
9814,-61.56730679605931,15.557523549272641,10.0,10.0,G
9815,-61.567244356687404,15.557585239502382,10.0,10.0,G
9816,-61.56705845420546,15.557411670603534,10.0,10.0,G
9817,-61.56714674816749,15.55750804006842,10.0,10.0,G
9818,-61.56710807536718,15.557455102841384,10.0,10.0,G
9819,-61.567210490503086,15.557503852468281,10.0,10.0,G
9820,-61.567122686258244,15.557512644506692,10.0,10.0,G
9821,-61.56718468607616,15.557461796199094,10.0,10.0,G
9822,-61.567151605182715,15.557547236682264,10.0,10.0,G
9823,-61.56714148068989,15.557540330626225,10.0,10.0,G
9824,-61.56713018238498,15.557567129904696,10.0,10.0,G
9825,-61.567198862213715,15.557626551664663,10.0,10.0,G
9826,-61.567063158520604,15.55759250772013,10.0,10.0,G
9827,-61.567134963655874,15.557603416270421,10.0,10.0,G
9828,-61.56712455628853,15.557610743076083,10.0,10.0,G
9829,-61.56711294889271,15.55763048457277,10.0,10.0,G
9830,-61.567013406473635,15.557570347399434,10.0,10.0,G
9831,-61.56712482373873,15.557545786563468,10.0,10.0,G
9832,-61.56723142351545,15.557565094235292,10.0,10.0,G
9833,-61.56707563044234,15.557669061556608,10.0,10.0,G
9834,-61.567070945097434,15.557604546928069,10.0,10.0,G
9835,-61.56704221688524,15.557703902645436,10.0,10.0,G
9836,-61.56705700337053,15.557735845989697,10.0,10.0,G
9837,-61.567136750062716,15.557728032845773,10.0,10.0,G
9838,-61.567102888839855,15.557716048927253,10.0,10.0,G
9839,-61.56722934939266,15.557703360168391,10.0,10.0,G
9840,-61.56698764347534,15.557726924219573,10.0,10.0,G
9841,-61.567048426767805,15.557730854540429,10.0,10.0,G
9842,-61.56706930085364,15.557731697861227,10.0,10.0,G
9843,-61.567136028384795,15.557758358644122,10.0,10.0,G
9844,-61.567051816243946,15.557706894183207,10.0,10.0,G
9845,-61.56710846902208,15.557682443906586,10.0,10.0,G
9846,-61.56713711908828,15.558067868900503,10.0,10.0,G
9847,-61.56704759165078,15.55782932710218,10.0,10.0,G
9848,-61.56704098921609,15.55781511045003,10.0,10.0,G
9849,-61.56703950867542,15.557773275142063,10.0,10.0,G
9850,-61.56694365130601,15.557758456767415,10.0,10.0,G
9851,-61.5670081310215,15.557778020146802,10.0,10.0,G
9852,-61.567001121082875,15.557822162122577,10.0,10.0,G
9853,-61.56698525130046,15.55786545240799,10.0,10.0,G
9854,-61.56691549641898,15.55802707268464,10.0,10.0,G
9855,-61.56712168990687,15.55785999248552,10.0,10.0,G
9856,-61.56702928586632,15.557905626008207,10.0,10.0,G
9857,-61.567066576590776,15.55796590937601,10.0,10.0,G
9858,-61.56708033343033,15.557944236446,10.0,10.0,G
9859,-61.56681713200949,15.557919391558722,10.0,10.0,G
9860,-61.56695542364767,15.557941066560002,10.0,10.0,G
9861,-61.56697878555636,15.557936528793194,10.0,10.0,G
9862,-61.56696378021567,15.557956356952413,10.0,10.0,G
9863,-61.566974447674916,15.557985565589332,10.0,10.0,G
9864,-61.566939312789735,15.557970991107618,10.0,10.0,G
9865,-61.56701561467557,15.557960096314305,10.0,10.0,G
9866,-61.566958570946234,15.557923768655183,10.0,10.0,G
9867,-61.566907366404976,15.558017096100448,10.0,10.0,G
9868,-61.56689532735292,15.558124284534491,10.0,10.0,G
9869,-61.56698255407345,15.558056392313938,10.0,10.0,G
9870,-61.566983041921034,15.558031187760632,10.0,10.0,G
9871,-61.566904160747114,15.55806859810735,10.0,10.0,G
9872,-61.56688525859056,15.558066945061622,10.0,10.0,G
9873,-61.56678338571807,15.557995683127118,10.0,10.0,G
9874,-61.56682471827352,15.558099151599343,10.0,10.0,G
9875,-61.56681157110576,15.558154242299521,10.0,10.0,G
9876,-61.56688722664905,15.558167972480337,10.0,10.0,G
9877,-61.56696307908848,15.558141496470993,10.0,10.0,G
9878,-61.5668657096168,15.55812369438811,10.0,10.0,G
9879,-61.566797940861704,15.558144007477619,10.0,10.0,G
9880,-61.56680428327005,15.558247678000837,10.0,10.0,G
9881,-61.56687020791037,15.558146915300478,10.0,10.0,G
9882,-61.566930574130105,15.558170611583426,10.0,10.0,G
9883,-61.5668442598487,15.558250034172255,10.0,10.0,G
9884,-61.56687704253558,15.55816241405635,10.0,10.0,G
9885,-61.56679624832467,15.558223763339457,10.0,10.0,G
9886,-61.566855561199866,15.558263565531089,10.0,10.0,G
9887,-61.566858305449436,15.558212151542305,10.0,10.0,G
9888,-61.56677877764986,15.558254756615831,10.0,10.0,G
9889,-61.56676888616627,15.558340082166733,10.0,10.0,G
9890,-61.56677532679706,15.558225910587325,10.0,10.0,G
9891,-61.56662399051424,15.55826222854546,10.0,10.0,G
9892,-61.566796271242374,15.558314509780134,10.0,10.0,G
9893,-61.56678342716337,15.558291684860881,10.0,10.0,G
9894,-61.566643104564506,15.558221587452932,10.0,10.0,G
9895,-61.56683498560942,15.55818272177524,10.0,10.0,G
9896,-61.56663003251109,15.55832964284419,10.0,10.0,G
9897,-61.5667036512794,15.558396610456807,10.0,10.0,G
9898,-61.56673477040926,15.558364476045911,10.0,10.0,G
9899,-61.566683376077684,15.558414285723142,10.0,10.0,G
9900,-61.56663448787607,15.558343474232798,10.0,10.0,G
9901,-61.56650312030042,15.558324634127509,10.0,10.0,G
9902,-61.56669156956934,15.558358396269412,10.0,10.0,G
9903,-61.56661253664266,15.558571425044923,10.0,10.0,G
9904,-61.566630457854586,15.55836225174098,10.0,10.0,G
9905,-61.56670844516689,15.558489534242714,10.0,10.0,G
9906,-61.56665175859115,15.55842540824157,10.0,10.0,G
9907,-61.56686783411598,15.558508961351334,10.0,10.0,G
9908,-61.5666497183994,15.558487401541118,10.0,10.0,G
9909,-61.56664096439003,15.558490788328061,10.0,10.0,G
9910,-61.56658396661955,15.558547724314462,10.0,10.0,G
9911,-61.566614997097325,15.558516674940375,10.0,10.0,G
9912,-61.56657415891266,15.558431370037813,10.0,10.0,G
9913,-61.56662159975707,15.558581065792215,10.0,10.0,G
9914,-61.5665964078053,15.558431245728913,10.0,10.0,G
9915,-61.56652240523137,15.558541720786115,10.0,10.0,G
9916,-61.56657871721084,15.558567542155396,10.0,10.0,G
9917,-61.566618344880546,15.558583644404287,10.0,10.0,G
9918,-61.5666536920484,15.558617203649053,10.0,10.0,G
9919,-61.566592294793324,15.55867099183522,10.0,10.0,G
9920,-61.566559056333936,15.558502779896553,10.0,10.0,G
9921,-61.566512438991815,15.558564456245282,10.0,10.0,G
9922,-61.5665841253766,15.558668791430897,10.0,10.0,G
9923,-61.566478212349566,15.558614437905103,10.0,10.0,G
9924,-61.56658588724583,15.558689128244646,10.0,10.0,G
9925,-61.5665672671057,15.55869209318636,10.0,10.0,G
9926,-61.56651704220584,15.558631677029968,10.0,10.0,G
9927,-61.56662565757652,15.558729755084986,10.0,10.0,G
9928,-61.566350782939296,15.558760798962531,10.0,10.0,G
9929,-61.566513242876496,15.558610336521058,10.0,10.0,G
9930,-61.56662937342789,15.55874313054109,10.0,10.0,G
9931,-61.56647016510462,15.558756818631956,10.0,10.0,G
9932,-61.566494209298995,15.558733099923524,10.0,10.0,G
9933,-61.56646293464601,15.55871618567656,10.0,10.0,G
9934,-61.56642348923298,15.558828203536015,10.0,10.0,G
9935,-61.566483276178865,15.558866286353323,10.0,10.0,G
9936,-61.56649165843552,15.558969713041003,10.0,10.0,G
9937,-61.5664636746462,15.558779340078026,10.0,10.0,G
9938,-61.56647789068824,15.558813956541318,10.0,10.0,G
9939,-61.566465667500815,15.558973386860801,10.0,10.0,G
9940,-61.56645945634286,15.558892818028887,10.0,10.0,G
9941,-61.56637666430949,15.558911471432816,10.0,10.0,G
9942,-61.566441364063756,15.558869922815012,10.0,10.0,G
9943,-61.56640013886168,15.558925529444462,10.0,10.0,G
9944,-61.56639661559821,15.558893007912706,10.0,10.0,G
9945,-61.56642833259161,15.558929272893355,10.0,10.0,G
9946,-61.566392906014194,15.558907060703532,10.0,10.0,G
9947,-61.56634563288357,15.559031450816766,10.0,10.0,G
9948,-61.56630151540606,15.558890824771437,10.0,10.0,G
9949,-61.566492693996096,15.558972873824533,10.0,10.0,G
9950,-61.56630863573137,15.55898167171011,10.0,10.0,G
9951,-61.56632434296587,15.558996321623788,10.0,10.0,G
9952,-61.56630429426204,15.558925115612118,10.0,10.0,G
9953,-61.566274211233164,15.55896801367841,10.0,10.0,G
9954,-61.566286593956534,15.559045794951171,10.0,10.0,G
9955,-61.566278291317154,15.559139477987536,10.0,10.0,G
9956,-61.56628194301854,15.559058546087678,10.0,10.0,G
9957,-61.56625412956597,15.55905116350266,10.0,10.0,G
9958,-61.56618668658588,15.559012712231837,10.0,10.0,G
9959,-61.56622788865915,15.559110904585912,10.0,10.0,G
9960,-61.56631626107266,15.559115403535996,10.0,10.0,G
9961,-61.56624970249794,15.559118063487873,10.0,10.0,G
9962,-61.56628383013463,15.55912333128498,10.0,10.0,G
9963,-61.56626591633399,15.559088729304865,10.0,10.0,G
9964,-61.56621848770559,15.559227376255267,10.0,10.0,G
9965,-61.56621166012561,15.559204622527755,10.0,10.0,G
9966,-61.56622063979489,15.559181066799686,10.0,10.0,G
9967,-61.56630949732172,15.559078203627337,10.0,10.0,G
9968,-61.56620902829081,15.559107733063264,10.0,10.0,G
9969,-61.56616758500144,15.559159524855623,10.0,10.0,G
9970,-61.56633366481936,15.559339569980427,10.0,10.0,G
9971,-61.56614387341495,15.559259583989093,10.0,10.0,G
9972,-61.56617152857691,15.559215854887794,10.0,10.0,G
9973,-61.56610528854751,15.559250783705744,10.0,10.0,G
9974,-61.56613872209441,15.559348428336351,10.0,10.0,G
9975,-61.5661053580392,15.559291998797164,10.0,10.0,G
9976,-61.56614541633541,15.55926818086658,10.0,10.0,G
9977,-61.566116399742626,15.559314428341443,10.0,10.0,G
9978,-61.5660992996992,15.559327140337697,10.0,10.0,G
9979,-61.5661225235887,15.559400965535103,10.0,10.0,G
9980,-61.566105865351226,15.559405618419019,10.0,10.0,G
9981,-61.56607311343465,15.559324440926806,10.0,10.0,G
9982,-61.566047434406904,15.559381106050052,10.0,10.0,G
9983,-61.566133399791,15.559415367640918,10.0,10.0,G
9984,-61.566040810962946,15.559426824180633,10.0,10.0,G
9985,-61.56599454730729,15.559437148046916,10.0,10.0,G
9986,-61.565963742805444,15.5594871524926,10.0,10.0,G
9987,-61.56605499687822,15.559556423836229,10.0,10.0,G
9988,-61.5659901406418,15.559274898078261,10.0,10.0,G
9989,-61.56594404680342,15.559516579636544,10.0,10.0,G
9990,-61.565964249229175,15.559534220441114,10.0,10.0,G
9991,-61.56600566106131,15.559516236465665,10.0,10.0,G
9992,-61.5660107761391,15.559499176836118,10.0,10.0,G
9993,-61.565972015274774,15.559522089246684,10.0,10.0,G
9994,-61.56594009186068,15.559502795985257,10.0,10.0,G
9995,-61.56597524168368,15.559666118089217,10.0,10.0,G
9996,-61.56593073902793,15.55956679345479,10.0,10.0,G
9997,-61.56592681428009,15.559576607558977,10.0,10.0,G
9998,-61.56590653617737,15.559555916564248,10.0,10.0,G
9999,-61.56581932386767,15.55973497928377,10.0,10.0,G
10000,-61.565908620596325,15.559580336650955,10.0,10.0,G
10001,-61.56599451405391,15.559538858707331,10.0,10.0,G
10002,-61.565786597166834,15.559615516037494,10.0,10.0,G
10003,-61.56586760508905,15.559716488722689,10.0,10.0,G
10004,-61.56570997925091,15.559794563134629,10.0,10.0,G
10005,-61.56586270488211,15.559704082923869,10.0,10.0,G
10006,-61.565969785361865,15.559513408605604,10.0,10.0,G
10007,-61.56581916115756,15.559798725776885,10.0,10.0,G
10008,-61.56583834464119,15.559724624119532,10.0,10.0,G
10009,-61.565868197892755,15.559730562016222,10.0,10.0,G
10010,-61.56580434391706,15.559744502616512,10.0,10.0,G
10011,-61.56576892941,15.559735677672561,10.0,10.0,G
10012,-61.565744716616,15.55974364185187,10.0,10.0,G
10013,-61.565737536269395,15.559805898346402,10.0,10.0,G
10014,-61.56578413960388,15.559845571057624,10.0,10.0,G
10015,-61.56575886353856,15.559814956977387,10.0,10.0,G
10016,-61.56580726284863,15.559800331100924,10.0,10.0,G
10017,-61.56572554304956,15.55983302707263,10.0,10.0,G
10018,-61.565710527461725,15.560004410900733,10.0,10.0,G
10019,-61.565661312018875,15.559766810522754,10.0,10.0,G
10020,-61.56573772735223,15.559908713562056,10.0,10.0,G
10021,-61.56570322572904,15.559888692246835,10.0,10.0,G
10022,-61.565689045196855,15.559902730645215,10.0,10.0,G
10023,-61.565701519220724,15.559961271244282,10.0,10.0,G
10024,-61.56588183437748,15.559706145829692,10.0,10.0,G
10025,-61.565603796157866,15.559956822040556,10.0,10.0,G
10026,-61.56559194440149,15.5599514623986,10.0,10.0,G
10027,-61.565632134228274,15.559965366747516,10.0,10.0,G
10028,-61.56558597189021,15.559976300639157,10.0,10.0,G
10029,-61.56555625464975,15.559925902233253,10.0,10.0,G
10030,-61.56564764075887,15.56017439635374,10.0,10.0,G
10031,-61.565732649845856,15.560037908397945,10.0,10.0,G
10032,-61.56565860872939,15.559984366389466,10.0,10.0,G
10033,-61.565577007171825,15.560007767970262,10.0,10.0,G
10034,-61.565527938502576,15.559947699135273,10.0,10.0,G
10035,-61.56565029386871,15.560118972117483,10.0,10.0,G
10036,-61.56561462907967,15.560077807797754,10.0,10.0,G
10037,-61.56560608381507,15.560118200426729,10.0,10.0,G
10038,-61.56567370537134,15.560107188376282,10.0,10.0,G
10039,-61.565617824814176,15.55998352512672,10.0,10.0,G
10040,-61.56548945849354,15.560090777908698,10.0,10.0,G
10041,-61.56556966689279,15.560130257760282,10.0,10.0,G
10042,-61.56541100692047,15.560220091050166,10.0,10.0,G
10043,-61.56547923290125,15.560225853090119,10.0,10.0,G
10044,-61.56540913516494,15.560113247639835,10.0,10.0,G
10045,-61.56543469860583,15.560188236970982,10.0,10.0,G
10046,-61.565440900071636,15.560161571301444,10.0,10.0,G
10047,-61.565498393791856,15.560162879335481,10.0,10.0,G
10048,-61.565394369834536,15.560259831683084,10.0,10.0,G
10049,-61.565618588610484,15.560233965437176,10.0,10.0,G
10050,-61.565400912242296,15.560324621818973,10.0,10.0,G
10051,-61.56519803227967,15.560380715081136,10.0,10.0,G
10052,-61.56539904835575,15.560300870563106,10.0,10.0,G
10053,-61.56537273763872,15.56037613271935,10.0,10.0,G
10054,-61.56538754069757,15.56035864309053,10.0,10.0,G
10055,-61.5654518264763,15.560455243608601,10.0,10.0,G
10056,-61.56535705209506,15.560364523060024,10.0,10.0,G
10057,-61.565386697164314,15.560335983705409,10.0,10.0,G
10058,-61.56538321144285,15.560160665376984,10.0,10.0,G
10059,-61.565321741571225,15.560401049727238,10.0,10.0,G
10060,-61.56520899941964,15.560401253535058,10.0,10.0,G
10061,-61.565277933419516,15.560412615886499,10.0,10.0,G
10062,-61.56525426160562,15.560451900101038,10.0,10.0,G
10063,-61.56531627622029,15.560412168262477,10.0,10.0,G
10064,-61.56527170129572,15.56047175781851,10.0,10.0,G
10065,-61.56532479251256,15.560635817129032,10.0,10.0,G
10066,-61.56516237782391,15.560528408376259,10.0,10.0,G
10067,-61.565253526580975,15.560488019765542,10.0,10.0,G
10068,-61.56520925832401,15.560541964018453,10.0,10.0,G
10069,-61.56516886606657,15.560708905493485,10.0,10.0,G
10070,-61.56517383345347,15.560513230126196,10.0,10.0,G
10071,-61.56514840777524,15.56065104185825,10.0,10.0,G
10072,-61.565157265809695,15.560588731862685,10.0,10.0,G
10073,-61.565144884509074,15.560584843933976,10.0,10.0,G
10074,-61.56523810325273,15.560570634333194,10.0,10.0,G
10075,-61.565226151151116,15.560675375181958,10.0,10.0,G
10076,-61.56514254993264,15.560640716899176,10.0,10.0,G
10077,-61.565076478996275,15.560698997289082,10.0,10.0,G
10078,-61.56510883369801,15.560662175708929,10.0,10.0,G
10079,-61.56524169570035,15.56062589309989,10.0,10.0,G
10080,-61.56508513619357,15.560711814790235,10.0,10.0,G
10081,-61.56506774983099,15.560723079631714,10.0,10.0,G
10082,-61.565037872759774,15.560734439370247,10.0,10.0,G
10083,-61.56508310818189,15.560657811813941,10.0,10.0,G
10084,-61.56518813599324,15.560692852568929,10.0,10.0,G
10085,-61.564990499560146,15.560766432006409,10.0,10.0,G
10086,-61.56507525172742,15.5608434425254,10.0,10.0,G
10087,-61.56499970489425,15.560772380555484,10.0,10.0,G
10088,-61.56495246119712,15.560809497451405,10.0,10.0,G
10089,-61.56502978514258,15.560832574734214,10.0,10.0,G
10090,-61.56482615827297,15.560839482288463,10.0,10.0,G
10091,-61.56490466386634,15.560764127438327,10.0,10.0,G
10092,-61.56508472121804,15.560820167931144,10.0,10.0,G
10093,-61.564866397032525,15.56091761390442,10.0,10.0,G
10094,-61.56493780922654,15.560870951009848,10.0,10.0,G
10095,-61.564933664774024,15.560884006125267,10.0,10.0,G
10096,-61.56494174351549,15.56092388661954,10.0,10.0,G
10097,-61.56480350852564,15.560960841037895,10.0,10.0,G
10098,-61.5648202952271,15.560929290468767,10.0,10.0,G
10099,-61.56489037610561,15.560989108758928,10.0,10.0,G
10100,-61.5648703722666,15.560984556427002,10.0,10.0,G
10101,-61.564795996349595,15.560924120475981,10.0,10.0,G
10102,-61.56486318176158,15.561031617594557,10.0,10.0,G
10103,-61.56486814976977,15.561102488445473,10.0,10.0,G
10104,-61.56465961953411,15.561036274055667,10.0,10.0,G
10105,-61.564676109920654,15.561143735992655,10.0,10.0,G
10106,-61.564994073389876,15.561105398699597,10.0,10.0,G
10107,-61.564806673816484,15.561032695373925,10.0,10.0,G
10108,-61.5648796212615,15.561088640707068,10.0,10.0,G
10109,-61.56476065834711,15.561121468699675,10.0,10.0,G
10110,-61.56481750649754,15.561129312646443,10.0,10.0,G
10111,-61.56477230591387,15.561259375826992,10.0,10.0,G
10112,-61.56459741275518,15.561293770293778,10.0,10.0,G
10113,-61.56467121342702,15.561218338113502,10.0,10.0,G
10114,-61.56469017359834,15.561194749527806,10.0,10.0,G
10115,-61.564612093618024,15.561237574909537,10.0,10.0,G
10116,-61.56468308968067,15.561220654194122,10.0,10.0,G
10117,-61.56470027566603,15.56124491378925,10.0,10.0,G
10118,-61.56464966695981,15.56124226885575,10.0,10.0,G
10119,-61.56461667388227,15.561226366982812,10.0,10.0,G
10120,-61.564571540855496,15.561242326404013,10.0,10.0,G
10121,-61.56468922867844,15.561442707788538,10.0,10.0,G
10122,-61.56463985379597,15.561315183335175,10.0,10.0,G
10123,-61.564445091800316,15.56125092233448,10.0,10.0,G
10124,-61.564538666554014,15.561429054927613,10.0,10.0,G
10125,-61.56455569269858,15.561341120530344,10.0,10.0,G
10126,-61.56455815341766,15.561377346671872,10.0,10.0,G
10127,-61.56447182855599,15.561435009238021,10.0,10.0,G
10128,-61.56453194756243,15.561336535538917,10.0,10.0,G
10129,-61.56452275324425,15.561397617588188,10.0,10.0,G
10130,-61.56450191962743,15.561418304841967,10.0,10.0,G
10131,-61.56455648307121,15.561484644018618,10.0,10.0,G
10132,-61.564487610889444,15.561502144346436,10.0,10.0,G
10133,-61.56447686522803,15.561467456942077,10.0,10.0,G
10134,-61.564460027383475,15.561448479082701,10.0,10.0,G
10135,-61.56444091700923,15.561412225379293,10.0,10.0,G
10136,-61.56435527590918,15.561505899578608,10.0,10.0,G
10137,-61.564329573761604,15.56149157454617,10.0,10.0,G
10138,-61.564412002195375,15.561563804908316,10.0,10.0,G
10139,-61.56452984927831,15.561552597882216,10.0,10.0,G
10140,-61.56439717682211,15.561627780615769,10.0,10.0,G
10141,-61.56435805720457,15.56152679562692,10.0,10.0,G
10142,-61.564431703826386,15.561529272441671,10.0,10.0,G
10143,-61.56424793662123,15.56145041121892,10.0,10.0,G
10144,-61.564360537290185,15.561661341481923,10.0,10.0,G
10145,-61.56427970471117,15.561635752419596,10.0,10.0,G
10146,-61.564311101552136,15.561634975669426,10.0,10.0,G
10147,-61.56433860447339,15.561772451015619,10.0,10.0,G
10148,-61.56433561642595,15.561721500226525,10.0,10.0,G
10149,-61.564236151301714,15.561706061473492,10.0,10.0,G
10150,-61.56426100349036,15.561740067964617,10.0,10.0,G
10151,-61.56423932826858,15.561734590198924,10.0,10.0,G
10152,-61.564150905600236,15.561720824818773,10.0,10.0,G
10153,-61.564227751284015,15.561651861866375,10.0,10.0,G
10154,-61.564197826890904,15.56178033755611,10.0,10.0,G
10155,-61.564214032458175,15.561778149068184,10.0,10.0,G
10156,-61.56423119558625,15.561792888958086,10.0,10.0,G
10157,-61.5642312017007,15.561902248372261,10.0,10.0,G
10158,-61.56417087956486,15.561736865067017,10.0,10.0,G
10159,-61.564144809100576,15.56188881572477,10.0,10.0,G
10160,-61.56406641342799,15.561915493629078,10.0,10.0,G
10161,-61.564125049072466,15.561865913859602,10.0,10.0,G
10162,-61.564075247638876,15.561907539791033,10.0,10.0,G
10163,-61.564075044494565,15.561964455994246,10.0,10.0,G
10164,-61.564086384452295,15.561893936542525,10.0,10.0,G
10165,-61.564081368633325,15.561993150707297,10.0,10.0,G
10166,-61.56407356207362,15.56193882217133,10.0,10.0,G
10167,-61.56400369547784,15.561882917186672,10.0,10.0,G
10168,-61.563885588916094,15.561956896804489,10.0,10.0,G
10169,-61.56406714864516,15.562052505584441,10.0,10.0,G
10170,-61.56392651983299,15.562096072770187,10.0,10.0,G
10171,-61.5640609684355,15.561939586757427,10.0,10.0,G
10172,-61.56399324355835,15.562061879724808,10.0,10.0,G
10173,-61.56409488157736,15.562165889449435,10.0,10.0,G
10174,-61.56388898049252,15.56207821122424,10.0,10.0,G
10175,-61.5639925490517,15.562018180672297,10.0,10.0,G
10176,-61.563912892804424,15.562176072851724,10.0,10.0,G
10177,-61.56395825975185,15.562158171338279,10.0,10.0,G
10178,-61.56386373642353,15.56214163668021,10.0,10.0,G
10179,-61.56393529106271,15.562159847060585,10.0,10.0,G
10180,-61.56390038920389,15.562308937745724,10.0,10.0,G
10181,-61.56384885865245,15.562205770620565,10.0,10.0,G
10182,-61.56379800840427,15.562071352728658,10.0,10.0,G
10183,-61.56381563677391,15.562229343578169,10.0,10.0,G
10184,-61.56381776898477,15.562285054298135,10.0,10.0,G
10185,-61.563891078980205,15.562139430014431,10.0,10.0,G
10186,-61.56379394033399,15.562251801407653,10.0,10.0,G
10187,-61.56383878641204,15.562150149635437,10.0,10.0,G
10188,-61.56373998880274,15.562445729921004,10.0,10.0,G
10189,-61.56364976795181,15.56236137144353,10.0,10.0,G
10190,-61.56371969651535,15.562304806241785,10.0,10.0,G
10191,-61.5636878856189,15.562378119873976,10.0,10.0,G
10192,-61.563683325762355,15.562418309111296,10.0,10.0,G
10193,-61.563708483910666,15.562241806257768,10.0,10.0,G
10194,-61.56381006760617,15.562276326356802,10.0,10.0,G
10195,-61.563666601854244,15.562363666697474,10.0,10.0,G
10196,-61.56347528817353,15.562355100372521,10.0,10.0,G
10197,-61.56355757739814,15.562386115878933,10.0,10.0,G
10198,-61.56361878872188,15.562510908730305,10.0,10.0,G
10199,-61.563563067190685,15.562421417068611,10.0,10.0,G
10200,-61.56356487870557,15.56247108556441,10.0,10.0,G
10201,-61.563525189274145,15.562524429550088,10.0,10.0,G
10202,-61.56368358242582,15.562485726090202,10.0,10.0,G
10203,-61.56369778221216,15.562604702039831,10.0,10.0,G
10204,-61.56356635146569,15.562556927395441,10.0,10.0,G
10205,-61.56349819098898,15.562524059994235,10.0,10.0,G
10206,-61.56350549335765,15.562517721360877,10.0,10.0,G
10207,-61.563497291373274,15.562583235846358,10.0,10.0,G
10208,-61.56349247126457,15.562661491833422,10.0,10.0,G
10209,-61.56335025597989,15.562629687869483,10.0,10.0,G
10210,-61.56342438896472,15.56260484887342,10.0,10.0,G
10211,-61.56340385566298,15.562691427861594,10.0,10.0,G
10212,-61.56339732270874,15.562668890119143,10.0,10.0,G
10213,-61.56330254458708,15.56267301371893,10.0,10.0,G
10214,-61.56340885959434,15.562757316520457,10.0,10.0,G
10215,-61.56319880802318,15.562692150848287,10.0,10.0,G
10216,-61.563375974404074,15.562555915713283,10.0,10.0,G
10217,-61.56330303503373,15.562803850052964,10.0,10.0,G
10218,-61.563185214505225,15.562826787622152,10.0,10.0,G
10219,-61.56339574734436,15.5627470994897,10.0,10.0,G
10220,-61.56330997774717,15.562759878420028,10.0,10.0,G
10221,-61.56309626531336,15.562971390755568,10.0,10.0,G
10222,-61.56330154292306,15.562844960164664,10.0,10.0,G
10223,-61.56332878456319,15.562902881866838,10.0,10.0,G
10224,-61.56333119726446,15.562911267445173,10.0,10.0,G
10225,-61.563255972167504,15.562958912129185,10.0,10.0,G
10226,-61.5633009899238,15.562976145093511,10.0,10.0,G
10227,-61.56310220284572,15.562946833091965,10.0,10.0,G
10228,-61.56314608169368,15.562907356911643,10.0,10.0,G
10229,-61.56302342938721,15.562846174112364,10.0,10.0,G
10230,-61.5631278265929,15.563012385670188,10.0,10.0,G
10231,-61.563180616307285,15.562989492376198,10.0,10.0,G
10232,-61.563137067670795,15.563038843306224,10.0,10.0,G
10233,-61.563145209016604,15.563013734085981,10.0,10.0,G
10234,-61.56311956284916,15.563028019405735,10.0,10.0,G
10235,-61.56307383254303,15.56301091684796,10.0,10.0,G
10236,-61.56317007651364,15.56299217160974,10.0,10.0,G
10237,-61.563059617889486,15.56305802630169,10.0,10.0,G
10238,-61.5631126915796,15.562893660646512,10.0,10.0,G
10239,-61.563076589718754,15.563004784411287,10.0,10.0,G
10240,-61.56309672257385,15.563022755620649,10.0,10.0,G
10241,-61.56283290969535,15.563126640370122,10.0,10.0,G
10242,-61.56298279465652,15.563158266108555,10.0,10.0,G
10243,-61.5630077934048,15.56316988177774,10.0,10.0,G
10244,-61.5629575340005,15.563136848140504,10.0,10.0,G
10245,-61.56297682942158,15.563230239418003,10.0,10.0,G
10246,-61.5629553819458,15.563208284962865,10.0,10.0,G
10247,-61.56291271962018,15.563251848463068,10.0,10.0,G
10248,-61.562921614946596,15.563243356050792,10.0,10.0,G
10249,-61.56295752997108,15.563316932222495,10.0,10.0,G
10250,-61.56277103695118,15.563112424675968,10.0,10.0,G
10251,-61.562863458387426,15.563328994098148,10.0,10.0,G
10252,-61.56282461817293,15.563509612539255,10.0,10.0,G
10253,-61.56287577064909,15.56328448032721,10.0,10.0,G
10254,-61.56275424634416,15.563272242303066,10.0,10.0,G
10255,-61.5628653936257,15.563336708437967,10.0,10.0,G
10256,-61.56298661162711,15.563470353371503,10.0,10.0,G
10257,-61.56285731470933,15.563525525227986,10.0,10.0,G
10258,-61.56281132377043,15.563308757734072,10.0,10.0,G
10259,-61.56289601760024,15.563525320670387,10.0,10.0,G
10260,-61.56274487445616,15.56341620968476,10.0,10.0,G
10261,-61.562723434756634,15.56353448382334,10.0,10.0,G
10262,-61.56267888594875,15.563458812953773,10.0,10.0,G
10263,-61.56272436771182,15.563458682814852,10.0,10.0,G
10264,-61.56272369228568,15.563418460020179,10.0,10.0,G
10265,-61.562689436282646,15.563506554441132,10.0,10.0,G
10266,-61.562706945608596,15.563521603608217,10.0,10.0,G
10267,-61.562731804577865,15.563560236423786,10.0,10.0,G
10268,-61.56264342776379,15.56352541247427,10.0,10.0,G
10269,-61.56261830655013,15.563411108990593,10.0,10.0,G
10270,-61.562596801723345,15.56347635950963,10.0,10.0,G
10271,-61.56261619752369,15.563569286645617,10.0,10.0,G
10272,-61.56263597374204,15.563600450485929,10.0,10.0,G
10273,-61.56250818759239,15.563622680497224,10.0,10.0,G
10274,-61.56257150076299,15.56371425024593,10.0,10.0,G
10275,-61.56260480276257,15.563654990724697,10.0,10.0,G
10276,-61.56255004316104,15.56365270503136,10.0,10.0,G
10277,-61.56246931767784,15.563662928214567,10.0,10.0,G
10278,-61.56255091777421,15.563628560007988,10.0,10.0,G
10279,-61.56255651426205,15.563788823101708,10.0,10.0,G
10280,-61.56242163208583,15.563602955024965,10.0,10.0,G
10281,-61.56254170170579,15.5638047356329,10.0,10.0,G
10282,-61.56248423471008,15.563715680482028,10.0,10.0,G
10283,-61.562491487096395,15.56369181624441,10.0,10.0,G
10284,-61.56243927987543,15.563802436407112,10.0,10.0,G
10285,-61.56243123256834,15.563794599962826,10.0,10.0,G
10286,-61.56244459407775,15.563798144178737,10.0,10.0,G
10287,-61.562405107941835,15.563814011870843,10.0,10.0,G
10288,-61.56239057269322,15.563824939680542,10.0,10.0,G
10289,-61.562317106838016,15.563943790558017,10.0,10.0,G
10290,-61.56229583853248,15.563937402977016,10.0,10.0,G
10291,-61.56240009662043,15.564001343065046,10.0,10.0,G
10292,-61.562318535198045,15.563882487703232,10.0,10.0,G
10293,-61.56241816280029,15.563880740701032,10.0,10.0,G
10294,-61.56233005539365,15.563939409774152,10.0,10.0,G
10295,-61.56229686409594,15.563928854858448,10.0,10.0,G
10296,-61.562173168564776,15.563943452153014,10.0,10.0,G
10297,-61.562391434174614,15.56415468261493,10.0,10.0,G
10298,-61.562267208795426,15.563988137533299,10.0,10.0,G
10299,-61.562183494842756,15.564003147145517,10.0,10.0,G
10300,-61.562252100417695,15.564070341178065,10.0,10.0,G
10301,-61.56219307580493,15.564015911620643,10.0,10.0,G
10302,-61.5621258984775,15.564065343203358,10.0,10.0,G
10303,-61.56217498321227,15.56405315852498,10.0,10.0,G
10304,-61.56225732748352,15.563985025461673,10.0,10.0,G
10305,-61.56215639901027,15.564066539459832,10.0,10.0,G
10306,-61.56215011095837,15.564097257755867,10.0,10.0,G
10307,-61.562249546323976,15.564122650116989,10.0,10.0,G
10308,-61.56214932578054,15.564110560775463,10.0,10.0,G
10309,-61.56209879930415,15.564196808971088,10.0,10.0,G
10310,-61.562078362381314,15.564111872423943,10.0,10.0,G
10311,-61.56227875405934,15.56409135256626,10.0,10.0,G
10312,-61.56209655186007,15.564223167414136,10.0,10.0,G
10313,-61.56192643232856,15.563989904135719,10.0,10.0,G
10314,-61.56205453184115,15.564160160945985,10.0,10.0,G
10315,-61.56204044609235,15.564259677528076,10.0,10.0,G
10316,-61.562060336924304,15.564260972044062,10.0,10.0,G
10317,-61.56211107560618,15.564199997858072,10.0,10.0,G
10318,-61.56192772734977,15.564341517456416,10.0,10.0,G
10319,-61.56192831358242,15.564308358125468,10.0,10.0,G
10320,-61.562044678476106,15.564353536372721,10.0,10.0,G
10321,-61.56185477826275,15.56439067081664,10.0,10.0,G
10322,-61.56192080882942,15.564336708717518,10.0,10.0,G
10323,-61.56189294722871,15.564349548176711,10.0,10.0,G
10324,-61.56178807851097,15.564355838988325,10.0,10.0,G
10325,-61.56197772648155,15.564375385941878,10.0,10.0,G
10326,-61.56184898278178,15.564418255463472,10.0,10.0,G
10327,-61.56180941173974,15.56445378785586,10.0,10.0,G
10328,-61.56196018948609,15.56436152579197,10.0,10.0,G
10329,-61.561845510923476,15.564425123519865,10.0,10.0,G
10330,-61.56177272509744,15.564473137724539,10.0,10.0,G
10331,-61.561815916592835,15.564452087346197,10.0,10.0,G
10332,-61.5617521872822,15.564584341837062,10.0,10.0,G
10333,-61.561569813296124,15.564384870779238,10.0,10.0,G
10334,-61.56181916222976,15.56445760353085,10.0,10.0,G
10335,-61.561786824964194,15.564482207501499,10.0,10.0,G
10336,-61.56180401837925,15.564569652287743,10.0,10.0,G
10337,-61.56175434464824,15.564561984103099,10.0,10.0,G
10338,-61.56167773746021,15.564575068768068,10.0,10.0,G
10339,-61.56172565519517,15.564561503381531,10.0,10.0,G
10340,-61.56167705034032,15.56444866177278,10.0,10.0,G
10341,-61.56166397624502,15.564520089116177,10.0,10.0,G
10342,-61.561733003258276,15.564731742042902,10.0,10.0,G
10343,-61.56164011779358,15.564555014780968,10.0,10.0,G
10344,-61.561688808469874,15.564587131792235,10.0,10.0,G
10345,-61.56166193310481,15.564558704651741,10.0,10.0,G
10346,-61.561579980879756,15.56459812818592,10.0,10.0,G
10347,-61.561556366186814,15.564619968757297,10.0,10.0,G
10348,-61.561706141991216,15.564705564386196,10.0,10.0,G
10349,-61.56156224342417,15.564660733414177,10.0,10.0,G
10350,-61.56166447184472,15.564793336142028,10.0,10.0,G
10351,-61.561555587844616,15.564732539501046,10.0,10.0,G
10352,-61.5615660387605,15.56470786545961,10.0,10.0,G
10353,-61.561504855143404,15.564711212757148,10.0,10.0,G
10354,-61.5614657511509,15.564845920773468,10.0,10.0,G
10355,-61.561476780519776,15.564894146674787,10.0,10.0,G
10356,-61.56155679649126,15.564780580350275,10.0,10.0,G
10357,-61.56151080574364,15.564792466419902,10.0,10.0,G
10358,-61.5614631051778,15.564836275015674,10.0,10.0,G
10359,-61.5615113735284,15.564665552097695,10.0,10.0,G
10360,-61.561523938992856,15.56491755777282,10.0,10.0,G
10361,-61.56142299930755,15.564874172265514,10.0,10.0,G
10362,-61.561404227037244,15.564828458698603,10.0,10.0,G
10363,-61.56133768211981,15.565027461101131,10.0,10.0,G
10364,-61.561318125988414,15.564937736099132,10.0,10.0,G
10365,-61.56142792927018,15.564880953941474,10.0,10.0,G
10366,-61.56150250972557,15.564990922089178,10.0,10.0,G
10367,-61.56157960710665,15.564927411666227,10.0,10.0,G
10368,-61.561452549247335,15.565128132266633,10.0,10.0,G
10369,-61.56149136814476,15.565006513488655,10.0,10.0,G
10370,-61.561286394252164,15.565023452432285,10.0,10.0,G
10371,-61.56128434148854,15.565099155161574,10.0,10.0,G
10372,-61.56127701380269,15.565062588080758,10.0,10.0,G
10373,-61.56121912149554,15.565106022554565,10.0,10.0,G
10374,-61.561060441771744,15.565031926753077,10.0,10.0,G
10375,-61.561275283486616,15.565117450471469,10.0,10.0,G
10376,-61.561152061029134,15.565097547925692,10.0,10.0,G
10377,-61.56123444091384,15.565047493102947,10.0,10.0,G
10378,-61.56132352954948,15.565073047481599,10.0,10.0,G
10379,-61.56119689124708,15.565113844795132,10.0,10.0,G
10380,-61.56115718764796,15.565146744905745,10.0,10.0,G
10381,-61.56118039969203,15.565166335321653,10.0,10.0,G
10382,-61.561028787579865,15.56527006724227,10.0,10.0,G
10383,-61.56113186880433,15.56518014227936,10.0,10.0,G
10384,-61.56111003137208,15.565238288060302,10.0,10.0,G
10385,-61.56112911221233,15.565187519332218,10.0,10.0,G
10386,-61.56110493526771,15.565231570153738,10.0,10.0,G
10387,-61.561113868688835,15.565194098746133,10.0,10.0,G
10388,-61.561059481625236,15.565181177670052,10.0,10.0,G
10389,-61.56103217164858,15.56532386917062,10.0,10.0,G
10390,-61.561043348813975,15.565234261233222,10.0,10.0,G
10391,-61.56089947571041,15.565291752768482,10.0,10.0,G
10392,-61.561161041156836,15.565269910210535,10.0,10.0,G
10393,-61.561030556323445,15.565418004905043,10.0,10.0,G
10394,-61.561089635993625,15.565270730263663,10.0,10.0,G
10395,-61.561016703103135,15.565349498337056,10.0,10.0,G
10396,-61.560970681529916,15.565351291233096,10.0,10.0,G
10397,-61.560955848526966,15.565363980072938,10.0,10.0,G
10398,-61.5609764101868,15.565402376207516,10.0,10.0,G
10399,-61.56092471148626,15.565304793612926,10.0,10.0,G
10400,-61.561059702480684,15.565400619179542,10.0,10.0,G
10401,-61.560867964570356,15.565437502184999,10.0,10.0,G
10402,-61.560851370987216,15.565486912019049,10.0,10.0,G
10403,-61.56086179304013,15.565475866007692,10.0,10.0,G
10404,-61.56085644547223,15.565493205842667,10.0,10.0,G
10405,-61.56072877061363,15.565383178051267,10.0,10.0,G
10406,-61.5607805713891,15.565445168836252,10.0,10.0,G
10407,-61.560827556907284,15.565502664929337,10.0,10.0,G
10408,-61.56077237754196,15.565544566854545,10.0,10.0,G
10409,-61.560800574912534,15.565527189491506,10.0,10.0,G
10410,-61.56097147998117,15.565576199589655,10.0,10.0,G
10411,-61.56074548057924,15.565506215501236,10.0,10.0,G
10412,-61.560786683470326,15.56554358074271,10.0,10.0,G
10413,-61.56072625005863,15.565587737517129,10.0,10.0,G
10414,-61.56068427911942,15.565638537223295,10.0,10.0,G
10415,-61.56067232662769,15.565621165760833,10.0,10.0,G
10416,-61.5607250290411,15.565631054486293,10.0,10.0,G
10417,-61.56073704123391,15.565711496601462,10.0,10.0,G
10418,-61.56068259719063,15.565653694914445,10.0,10.0,G
10419,-61.56066746246322,15.565730269528101,10.0,10.0,G
10420,-61.560650864059184,15.565673625256379,10.0,10.0,G
10421,-61.56065234715361,15.565779682947852,10.0,10.0,G
10422,-61.56054028481089,15.565676859565217,10.0,10.0,G
10423,-61.5605707588604,15.56583906871456,10.0,10.0,G
10424,-61.56058344770278,15.565706995594851,10.0,10.0,G
10425,-61.56065527189587,15.565755060480262,10.0,10.0,G
10426,-61.56052961915097,15.565731524788871,10.0,10.0,G
10427,-61.560516586032136,15.565825316911564,10.0,10.0,G
10428,-61.560559752121186,15.565803167822711,10.0,10.0,G
10429,-61.56043531860387,15.565699366313511,10.0,10.0,G
10430,-61.56052815957556,15.565848733459964,10.0,10.0,G
10431,-61.560506367194435,15.565699772224038,10.0,10.0,G
10432,-61.560542592272455,15.565734933016966,10.0,10.0,G
10433,-61.56036109802133,15.565772201136866,10.0,10.0,G
10434,-61.56032187510248,15.565833925666663,10.0,10.0,G
10435,-61.560375903751456,15.565781598071288,10.0,10.0,G
10436,-61.56038053407316,15.565950568459694,10.0,10.0,G
10437,-61.5604048914713,15.56586389108954,10.0,10.0,G
10438,-61.560437949936045,15.5660148702911,10.0,10.0,G
10439,-61.560447341797875,15.565953579521834,10.0,10.0,G
10440,-61.560428008086234,15.566046658885021,10.0,10.0,G
10441,-61.56043949483232,15.565835686583936,10.0,10.0,G
10442,-61.560385257808825,15.565960723567489,10.0,10.0,G
10443,-61.56038247611628,15.565920984333314,10.0,10.0,G
10444,-61.56026572363241,15.565994755214456,10.0,10.0,G
10445,-61.560339073207416,15.566018799621052,10.0,10.0,G
10446,-61.56031227283097,15.565989688291213,10.0,10.0,G
10447,-61.560424271294764,15.565981226931127,10.0,10.0,G
10448,-61.56029902331783,15.566029775770927,10.0,10.0,G
10449,-61.5602912543899,15.566054199440204,10.0,10.0,G
10450,-61.56022079751606,15.566070529453802,10.0,10.0,G
10451,-61.560128215366916,15.565980898869745,10.0,10.0,G
10452,-61.560337277831756,15.566110735860683,10.0,10.0,G
10453,-61.560193442120834,15.566227740796352,10.0,10.0,G
10454,-61.5602868046868,15.566086032744684,10.0,10.0,G
10455,-61.56015075064397,15.56624848806271,10.0,10.0,G
10456,-61.560203610654376,15.566163152850073,10.0,10.0,G
10457,-61.560187566700286,15.566152732406135,10.0,10.0,G
10458,-61.5602222883537,15.566106628737435,10.0,10.0,G
10459,-61.56013961210791,15.566091222757619,10.0,10.0,G
10460,-61.56015604152322,15.566221995382005,10.0,10.0,G
10461,-61.56002460715741,15.56621084015265,10.0,10.0,G
10462,-61.56009125646611,15.566250540280928,10.0,10.0,G
10463,-61.56013230129486,15.566231784339768,10.0,10.0,G
10464,-61.56012868090884,15.566288368402573,10.0,10.0,G
10465,-61.55998084860459,15.566222700680377,10.0,10.0,G
10466,-61.559996797090214,15.566308305142984,10.0,10.0,G
10467,-61.55997384352207,15.566295446784988,10.0,10.0,G
10468,-61.560062440789345,15.566394590914772,10.0,10.0,G
10469,-61.55990514475235,15.566333692468584,10.0,10.0,G
10470,-61.56002046267653,15.56632339906788,10.0,10.0,G
10471,-61.560049655223075,15.566294661676299,10.0,10.0,G
10472,-61.559944378744085,15.566440791869292,10.0,10.0,G
10473,-61.55999362554724,15.566347029784184,10.0,10.0,G
10474,-61.55999210586496,15.56636418329066,10.0,10.0,G
10475,-61.55995770222803,15.566374824030344,10.0,10.0,G
10476,-61.559952111953045,15.566464088605176,10.0,10.0,G
10477,-61.559964332270276,15.566475043638045,10.0,10.0,G
10478,-61.559935832122136,15.566411562402976,10.0,10.0,G
10479,-61.55990661628426,15.566463530963752,10.0,10.0,G
10480,-61.55989302451638,15.566454163896509,10.0,10.0,G
10481,-61.55990960095848,15.566537241371698,10.0,10.0,G
10482,-61.55979692445578,15.56643436107972,10.0,10.0,G
10483,-61.55987425714628,15.566497514242432,10.0,10.0,G
10484,-61.55987600469218,15.566552235525196,10.0,10.0,G
10485,-61.55978891597176,15.566588838083092,10.0,10.0,G
10486,-61.559898187246866,15.566422050753095,10.0,10.0,G
10487,-61.55981258076263,15.566531624905785,10.0,10.0,G
10488,-61.559791533620334,15.566535402363527,10.0,10.0,G
10489,-61.559808936994834,15.566498657687742,10.0,10.0,G
10490,-61.559759144797994,15.566640692827852,10.0,10.0,G
10491,-61.55977961169311,15.566554359436557,10.0,10.0,G
10492,-61.559820486446654,15.566563558388996,10.0,10.0,G
10493,-61.55969030719357,15.56670288560983,10.0,10.0,G
10494,-61.55967963446115,15.566579310607288,10.0,10.0,G
10495,-61.55970000311198,15.56656523677861,10.0,10.0,G
10496,-61.559725080600074,15.566588312792515,10.0,10.0,G
10497,-61.55966147781317,15.566665794153517,10.0,10.0,G
10498,-61.559692832386276,15.566830753571482,10.0,10.0,G
10499,-61.55972402892555,15.566641953692736,10.0,10.0,G
10500,-61.55955547942025,15.566772452555888,10.0,10.0,G
10501,-61.55972961412527,15.566642747971642,10.0,10.0,G
10502,-61.55967694901593,15.566571953308484,10.0,10.0,G
10503,-61.559638112036325,15.566789533885286,10.0,10.0,G
10504,-61.5595871573405,15.566749038305401,10.0,10.0,G
10505,-61.55963030041155,15.566770101529855,10.0,10.0,G
10506,-61.55961389265478,15.566777412262148,10.0,10.0,G
10507,-61.559602602164546,15.566804545075927,10.0,10.0,G
10508,-61.55957873729335,15.566790460139538,10.0,10.0,G
10509,-61.55955868055651,15.56681061797247,10.0,10.0,G
10510,-61.55961137771989,15.566785587818353,10.0,10.0,G
10511,-61.559529871275224,15.566893300390387,10.0,10.0,G
10512,-61.55950316228355,15.566873184786328,10.0,10.0,G
10513,-61.559408694659844,15.56682745880724,10.0,10.0,G
10514,-61.559485251971935,15.566907603652126,10.0,10.0,G
10515,-61.559480708149366,15.566942287024458,10.0,10.0,G
10516,-61.55946352498749,15.566905601089534,10.0,10.0,G
10517,-61.559370602600204,15.566831999369583,10.0,10.0,G
10518,-61.55956248509641,15.566847178140078,10.0,10.0,G
10519,-61.55923443235051,15.566769038692426,10.0,10.0,G
10520,-61.559463612818874,15.566883551977458,10.0,10.0,G
10521,-61.55933129363321,15.56693170918449,10.0,10.0,G
10522,-61.559369511703146,15.566977914705937,10.0,10.0,G
10523,-61.55935009724747,15.566973007196916,10.0,10.0,G
10524,-61.55933032443944,15.566962118537093,10.0,10.0,G
10525,-61.55942829513431,15.5669587503368,10.0,10.0,G
10526,-61.559434059206446,15.567138906513268,10.0,10.0,G
10527,-61.5593083590284,15.56703725350153,10.0,10.0,G
10528,-61.5593056690675,15.567052355345451,10.0,10.0,G
10529,-61.55920904557123,15.56683480148956,10.0,10.0,G
10530,-61.55931585615266,15.567144265517577,10.0,10.0,G
10531,-61.559248142773185,15.567173614794166,10.0,10.0,G
10532,-61.55915690841093,15.567113222959664,10.0,10.0,G
10533,-61.55923931242397,15.56711783620449,10.0,10.0,G
10534,-61.55923082776616,15.567058295788167,10.0,10.0,G
10535,-61.55922401177067,15.567130498852473,10.0,10.0,G
10536,-61.55920285734626,15.567143801452968,10.0,10.0,G
10537,-61.55915851002636,15.567265729166989,10.0,10.0,G
10538,-61.55917171320875,15.567166193320432,10.0,10.0,G
10539,-61.55919101416431,15.567168791031785,10.0,10.0,G
10540,-61.55914621739544,15.567190040269798,10.0,10.0,G
10541,-61.55915844674561,15.56722390022687,10.0,10.0,G
10542,-61.55911090361766,15.567359467430865,10.0,10.0,G
10543,-61.559100980411344,15.56724347221947,10.0,10.0,G
10544,-61.559099954527426,15.567235373408913,10.0,10.0,G
10545,-61.559112558865614,15.567195400364108,10.0,10.0,G
10546,-61.559168796307766,15.567343295829197,10.0,10.0,G
10547,-61.559168048557915,15.56736623556161,10.0,10.0,G
10548,-61.55912336208796,15.567305575163271,10.0,10.0,G
10549,-61.559125059371716,15.5673132702197,10.0,10.0,G
10550,-61.55911326660937,15.567283852394283,10.0,10.0,G
10551,-61.559066651747095,15.567389774697702,10.0,10.0,G
10552,-61.55899641875467,15.56741315323813,10.0,10.0,G
10553,-61.55899410823236,15.567337461509839,10.0,10.0,G
10554,-61.55896973239071,15.567373811006593,10.0,10.0,G
10555,-61.55903225744728,15.56755372591916,10.0,10.0,G
10556,-61.558919554010124,15.567487580238954,10.0,10.0,G
10557,-61.558984837384514,15.567331428866808,10.0,10.0,G
10558,-61.558874913165646,15.567342995530543,10.0,10.0,G
10559,-61.55900709404899,15.567356105493886,10.0,10.0,G
10560,-61.55892959102577,15.567422470722489,10.0,10.0,G
10561,-61.55888122233401,15.567450445319208,10.0,10.0,G
10562,-61.55894494911079,15.56746837895341,10.0,10.0,G
10563,-61.558863948970256,15.56740059662164,10.0,10.0,G
10564,-61.55885442473186,15.56746886371016,10.0,10.0,G
10565,-61.558822516475225,15.567482975150623,10.0,10.0,G
10566,-61.55875743928413,15.567616260087517,10.0,10.0,G
10567,-61.55881607781732,15.567494538778705,10.0,10.0,G
10568,-61.558769492025185,15.56746787723504,10.0,10.0,G
10569,-61.558927762391505,15.567572868176388,10.0,10.0,G
10570,-61.558726273912924,15.567518479865555,10.0,10.0,G
10571,-61.55884207528661,15.56760407805036,10.0,10.0,G
10572,-61.55879559582323,15.56754264877552,10.0,10.0,G
10573,-61.55863336374378,15.567585245281217,10.0,10.0,G
10574,-61.558684277276264,15.567455979685667,10.0,10.0,G
10575,-61.558635686655705,15.567573303551177,10.0,10.0,G
10576,-61.558713278839576,15.567645715949261,10.0,10.0,G
10577,-61.5586603719386,15.56758523197717,10.0,10.0,G
10578,-61.55864126559793,15.567591827322909,10.0,10.0,G
10579,-61.55867514567785,15.567701137313726,10.0,10.0,G
10580,-61.558742968183076,15.567603275773529,10.0,10.0,G
10581,-61.558668320733524,15.567668640007833,10.0,10.0,G
10582,-61.55860647849036,15.56768042860281,10.0,10.0,G
10583,-61.558613603689594,15.56771815316879,10.0,10.0,G
10584,-61.55851654223731,15.567676382029827,10.0,10.0,G
10585,-61.558576265693425,15.567704667051201,10.0,10.0,G
10586,-61.55856953709755,15.567736769968702,10.0,10.0,G
10587,-61.55861491255003,15.567736201668595,10.0,10.0,G
10588,-61.558461664112585,15.567705423544533,10.0,10.0,G
10589,-61.55851236001856,15.567771328402772,10.0,10.0,G
10590,-61.55854234189896,15.567683482325227,10.0,10.0,G
10591,-61.55847696369254,15.567781194435323,10.0,10.0,G
10592,-61.558549313568804,15.567751776447208,10.0,10.0,G
10593,-61.558452186330264,15.567759968553318,10.0,10.0,G
10594,-61.55855238520756,15.567803387521478,10.0,10.0,G
10595,-61.55820337075189,15.567897315221636,10.0,10.0,G
10596,-61.55847104221145,15.56788038667461,10.0,10.0,G
10597,-61.558519864112256,15.567871087322093,10.0,10.0,G
10598,-61.55850376515854,15.567897307050886,10.0,10.0,G
10599,-61.55843145339787,15.567897151080356,10.0,10.0,G
10600,-61.5583571013985,15.567859870521989,10.0,10.0,G
10601,-61.55846120021047,15.56790312105197,10.0,10.0,G
10602,-61.55841993238157,15.56776816543299,10.0,10.0,G
10603,-61.55837271079723,15.567929397874599,10.0,10.0,G
10604,-61.55837792567385,15.567926725509876,10.0,10.0,G
10605,-61.55832861828852,15.567930651145515,10.0,10.0,G
10606,-61.55830965085546,15.567948733486393,10.0,10.0,G
10607,-61.55833171029018,15.567971500077267,10.0,10.0,G
10608,-61.55811724008089,15.567982441070782,10.0,10.0,G
10609,-61.558301263362694,15.567988055260733,10.0,10.0,G
10610,-61.55837137829209,15.568013803700643,10.0,10.0,G
10611,-61.558305793467305,15.567864522514917,10.0,10.0,G
10612,-61.558384637032304,15.568172367923621,10.0,10.0,G
10613,-61.55807688136887,15.56798699009222,10.0,10.0,G
10614,-61.55821108439715,15.56814982926032,10.0,10.0,G
10615,-61.55818320975682,15.567883313571697,10.0,10.0,G
10616,-61.55823090797411,15.568090322698277,10.0,10.0,G
10617,-61.55813223880877,15.568074475599031,10.0,10.0,G
10618,-61.55814643283125,15.568096075800419,10.0,10.0,G
10619,-61.558244131703354,15.568087298459535,10.0,10.0,G
10620,-61.55819268518074,15.568106187224464,10.0,10.0,G
10621,-61.558107142662536,15.568202977850849,10.0,10.0,G
10622,-61.55815902750648,15.568119612329335,10.0,10.0,G
10623,-61.558146425317965,15.568130299591047,10.0,10.0,G
10624,-61.55812878505906,15.568024595375803,10.0,10.0,G
10625,-61.558049693328186,15.568166267345234,10.0,10.0,G
10626,-61.558029451309885,15.568215271249498,10.0,10.0,G
10627,-61.55806986714385,15.568347194723613,10.0,10.0,G
10628,-61.557974856690635,15.568055573816272,10.0,10.0,G
10629,-61.55812936592828,15.568283842045151,10.0,10.0,G
10630,-61.55806480827694,15.568198720273669,10.0,10.0,G
10631,-61.5579966815278,15.568294489862971,10.0,10.0,G
10632,-61.55793281762005,15.568194873492079,10.0,10.0,G
10633,-61.55818689230211,15.568169256594974,10.0,10.0,G
10634,-61.557946563795554,15.5682598861636,10.0,10.0,G
10635,-61.558066745465666,15.56830234552742,10.0,10.0,G
10636,-61.557975505745134,15.568291111122711,10.0,10.0,G
10637,-61.55795253982749,15.568286628615128,10.0,10.0,G
10638,-61.5579293584765,15.568265146703302,10.0,10.0,G
10639,-61.557991829909945,15.568325622615653,10.0,10.0,G
10640,-61.557873732686424,15.568272565732626,10.0,10.0,G
10641,-61.55791205369759,15.568324769995861,10.0,10.0,G
10642,-61.55787308238314,15.568333873864779,10.0,10.0,G
10643,-61.55792695486053,15.568353578947056,10.0,10.0,G
10644,-61.557758875478925,15.568418151204723,10.0,10.0,G
10645,-61.557881536419444,15.568404210968945,10.0,10.0,G
10646,-61.55788856856024,15.568450759669469,10.0,10.0,G
10647,-61.55789550160263,15.568374305499768,10.0,10.0,G
10648,-61.55783816660826,15.568318294011547,10.0,10.0,G
10649,-61.557663822250234,15.56837162716592,10.0,10.0,G
10650,-61.55806321909306,15.568473071738753,10.0,10.0,G
10651,-61.55785742657713,15.568436874041732,10.0,10.0,G
10652,-61.55777321310803,15.56826975882153,10.0,10.0,G
10653,-61.5577442159627,15.568333793553403,10.0,10.0,G
10654,-61.55781197061214,15.568500069761946,10.0,10.0,G
10655,-61.55768376799041,15.568452266080431,10.0,10.0,G
10656,-61.55775847503891,15.568494259479188,10.0,10.0,G
10657,-61.5577942349379,15.568466670829796,10.0,10.0,G
10658,-61.55781456334427,15.568626648495124,10.0,10.0,G
10659,-61.557713205724795,15.568610377262,10.0,10.0,G
10660,-61.55766092912336,15.56860189671604,10.0,10.0,G
10661,-61.55765533388083,15.568622964541586,10.0,10.0,G
10662,-61.55773684021044,15.568548657437129,10.0,10.0,G
10663,-61.5576205641249,15.568740994297006,10.0,10.0,G
10664,-61.557656518540625,15.56857597693893,10.0,10.0,G
10665,-61.55759788220608,15.568595279016968,10.0,10.0,G
10666,-61.55769573741725,15.568627759839979,10.0,10.0,G
10667,-61.55753187700308,15.56875315129358,10.0,10.0,G
10668,-61.55764040067245,15.568536316072802,10.0,10.0,G
10669,-61.55759066743665,15.568624559103922,10.0,10.0,G
10670,-61.55749684915715,15.568619610365156,10.0,10.0,G
10671,-61.55753625039021,15.56855495861684,10.0,10.0,G
10672,-61.55759943172826,15.568566751127188,10.0,10.0,G
10673,-61.55760540449553,15.568673052627776,10.0,10.0,G
10674,-61.5574728227898,15.568594140284842,10.0,10.0,G
10675,-61.55743964427973,15.568758580023967,10.0,10.0,G
10676,-61.55748066407622,15.568650107621588,10.0,10.0,G
10677,-61.55735898975614,15.568706028739925,10.0,10.0,G
10678,-61.55768298414584,15.56885693233629,10.0,10.0,G
10679,-61.557462377670426,15.568761557644656,10.0,10.0,G
10680,-61.55747911366628,15.568758877582395,10.0,10.0,G
10681,-61.55726407025422,15.568759697790698,10.0,10.0,G
10682,-61.557450579418195,15.568813874433868,10.0,10.0,G
10683,-61.557483123545076,15.568773410272575,10.0,10.0,G
10684,-61.55740957916026,15.568795014655128,10.0,10.0,G
10685,-61.55745997247105,15.568781433726501,10.0,10.0,G
10686,-61.557411514995195,15.568817289643825,10.0,10.0,G
10687,-61.55731861165358,15.56877124740641,10.0,10.0,G
10688,-61.55740648905473,15.568856726655286,10.0,10.0,G
10689,-61.55745144517997,15.568817657923365,10.0,10.0,G
10690,-61.557319394593804,15.568932906647476,10.0,10.0,G
10691,-61.557346351840025,15.568860327345554,10.0,10.0,G
10692,-61.557393832338036,15.568786451810677,10.0,10.0,G
10693,-61.55733678547272,15.568821932807456,10.0,10.0,G
10694,-61.5573162136221,15.568888081530343,10.0,10.0,G
10695,-61.55727601426019,15.568916425646657,10.0,10.0,G
10696,-61.55726511959639,15.568787699624474,10.0,10.0,G
10697,-61.55725499823115,15.568881020440854,10.0,10.0,G
10698,-61.55737778551639,15.569020432031834,10.0,10.0,G
10699,-61.55724749980443,15.56894595826161,10.0,10.0,G
10700,-61.55718028359067,15.568861472701132,10.0,10.0,G
10701,-61.55719953678135,15.56899940157205,10.0,10.0,G
10702,-61.557179333764736,15.568918304814801,10.0,10.0,G
10703,-61.55717254651902,15.568962746282168,10.0,10.0,G
10704,-61.55713665726453,15.56909627446186,10.0,10.0,G
10705,-61.55723300589691,15.569063366286082,10.0,10.0,G
10706,-61.55715086696068,15.569007202611354,10.0,10.0,G
10707,-61.55714277470436,15.569016326684896,10.0,10.0,G
10708,-61.557121848518825,15.56905502897462,10.0,10.0,G
10709,-61.557069007335734,15.569078316408502,10.0,10.0,G
10710,-61.55707913276866,15.56912963419556,10.0,10.0,G
10711,-61.55713675034027,15.569059864599176,10.0,10.0,G
10712,-61.55709191230414,15.569084084298655,10.0,10.0,G
10713,-61.557080010888534,15.56909354433836,10.0,10.0,G
10714,-61.55703117207575,15.569000473146794,10.0,10.0,G
10715,-61.557107530085766,15.569190913717943,10.0,10.0,G
10716,-61.55720097476197,15.569257217768106,10.0,10.0,G
10717,-61.55702552607577,15.56915698186313,10.0,10.0,G
10718,-61.55704144837301,15.569155943080363,10.0,10.0,G
10719,-61.55697993995337,15.56920127118588,10.0,10.0,G
10720,-61.55691513753446,15.569102922340404,10.0,10.0,G
10721,-61.55692383927582,15.569155370437228,10.0,10.0,G
10722,-61.55696593884717,15.569191999841872,10.0,10.0,G
10723,-61.55688695622496,15.569227259926228,10.0,10.0,G
10724,-61.55698723183522,15.569131436651979,10.0,10.0,G
10725,-61.556874453221326,15.56906799444337,10.0,10.0,G
10726,-61.55690472936172,15.569127340567372,10.0,10.0,G
10727,-61.55684902696664,15.569218924934942,10.0,10.0,G
10728,-61.556853695301335,15.5692740097799,10.0,10.0,G
10729,-61.556941528206806,15.569227783513071,10.0,10.0,G
10730,-61.55689031422823,15.569269610615873,10.0,10.0,G
10731,-61.55688576074032,15.569344005570326,10.0,10.0,G
10732,-61.55686518537459,15.569295804657663,10.0,10.0,G
10733,-61.55694710343968,15.56930404473433,10.0,10.0,G
10734,-61.55687994148325,15.569282118155533,10.0,10.0,G
10735,-61.55669702677672,15.569382420903768,10.0,10.0,G
10736,-61.556818184345474,15.569305289782612,10.0,10.0,G
10737,-61.55681325858419,15.569279532252676,10.0,10.0,G
10738,-61.55681277305819,15.569291314061989,10.0,10.0,G
10739,-61.55676780428432,15.569383891709231,10.0,10.0,G
10740,-61.556743625473686,15.569338458192785,10.0,10.0,G
10741,-61.55676021859425,15.569367459573197,10.0,10.0,G
10742,-61.55676832953543,15.569347417981412,10.0,10.0,G
10743,-61.556740562634374,15.569463413964522,10.0,10.0,G
10744,-61.556696504571164,15.569433249624959,10.0,10.0,G
10745,-61.556722942071346,15.569374567438556,10.0,10.0,G
10746,-61.556707165704964,15.569418273273529,10.0,10.0,G
10747,-61.55668850460288,15.569425501140167,10.0,10.0,G
10748,-61.55672046124898,15.569471829324373,10.0,10.0,G
10749,-61.5566969032457,15.569387317566266,10.0,10.0,G
10750,-61.556712510143456,15.569428230788011,10.0,10.0,G
10751,-61.55663518733204,15.569297563941582,10.0,10.0,G
10752,-61.556667890347725,15.569432173507344,10.0,10.0,G
10753,-61.556585642138515,15.569510262916477,10.0,10.0,G
10754,-61.556599142735934,15.569468642298194,10.0,10.0,G
10755,-61.55661008528265,15.569508575908936,10.0,10.0,G
10756,-61.55658630029641,15.56951618922281,10.0,10.0,G
10757,-61.556554992566085,15.569516365595227,10.0,10.0,G
10758,-61.55657795584684,15.569561390467712,10.0,10.0,G
10759,-61.55652370687135,15.569500393535094,10.0,10.0,G
10760,-61.55656980679086,15.569553964300768,10.0,10.0,G
10761,-61.55653122473312,15.569559569629359,10.0,10.0,G
10762,-61.55645773433692,15.569547829721056,10.0,10.0,G
10763,-61.55655837674354,15.569527049398564,10.0,10.0,G
10764,-61.556476742191904,15.569629281029044,10.0,10.0,G
10765,-61.556549324204454,15.569705917146875,10.0,10.0,G
10766,-61.55633885589234,15.569909748431902,10.0,10.0,G
10767,-61.556452775873964,15.569643215705943,10.0,10.0,G
10768,-61.55645888023131,15.569629433198873,10.0,10.0,G
10769,-61.55642232654078,15.569698044278093,10.0,10.0,G
10770,-61.556441334142626,15.569689286296882,10.0,10.0,G
10771,-61.556422141404234,15.56959369160578,10.0,10.0,G
10772,-61.55634382576067,15.569704951495332,10.0,10.0,G
10773,-61.55647464090292,15.569772191989234,10.0,10.0,G
10774,-61.55646684983169,15.569714831722004,10.0,10.0,G
10775,-61.556331167207915,15.569746677098719,10.0,10.0,G
10776,-61.55636101363005,15.569824601634076,10.0,10.0,G
10777,-61.556414815258634,15.569703953189979,10.0,10.0,G
10778,-61.556431816297625,15.569675058856243,10.0,10.0,G
10779,-61.556381590499974,15.5697187090204,10.0,10.0,G
10780,-61.556305041084514,15.569716540054099,10.0,10.0,G
10781,-61.55630158742667,15.569741729244306,10.0,10.0,G
10782,-61.55621912064767,15.56973051642145,10.0,10.0,G
10783,-61.55619874174493,15.569738892969958,10.0,10.0,G
10784,-61.55628728811896,15.569757328732955,10.0,10.0,G
10785,-61.55621715279785,15.56983098970063,10.0,10.0,G
10786,-61.55619575233422,15.569846563391135,10.0,10.0,G
10787,-61.556345042218204,15.569891740050544,10.0,10.0,G
10788,-61.55633229302775,15.569832661441207,10.0,10.0,G
10789,-61.55625570991492,15.569787189038436,10.0,10.0,G
10790,-61.55623060385753,15.569866989473327,10.0,10.0,G
10791,-61.55638417312463,15.569661489168073,10.0,10.0,G
10792,-61.55622363280964,15.569910682795792,10.0,10.0,G
10793,-61.556191590509734,15.569767671021276,10.0,10.0,G
10794,-61.556090519072676,15.569833401068736,10.0,10.0,G
10795,-61.55616928969605,15.569890010086429,10.0,10.0,G
10796,-61.555952631116554,15.569913867072781,10.0,10.0,G
10797,-61.55618040428498,15.569893683337556,10.0,10.0,G
10798,-61.55615128131022,15.569871694247745,10.0,10.0,G
10799,-61.55610039855689,15.570020330921466,10.0,10.0,G
10800,-61.55610756264292,15.569969967327655,10.0,10.0,G
10801,-61.55599863920023,15.569837484071924,10.0,10.0,G
10802,-61.55606955854344,15.56993789571828,10.0,10.0,G
10803,-61.555863560202866,15.56993396438528,10.0,10.0,G
10804,-61.55617747283373,15.569797973319625,10.0,10.0,G
10805,-61.55601874290923,15.56995411579094,10.0,10.0,G
10806,-61.55602132249417,15.569970742119244,10.0,10.0,G
10807,-61.555912878756494,15.569988358008128,10.0,10.0,G
10808,-61.5560460381832,15.570104219634523,10.0,10.0,G
10809,-61.55597404268524,15.570022141073173,10.0,10.0,G
10810,-61.55596768274734,15.570018813641271,10.0,10.0,G
10811,-61.55588204555462,15.569988563447636,10.0,10.0,G
10812,-61.5559932115776,15.570057624429044,10.0,10.0,G
10813,-61.55599029898479,15.569978322208808,10.0,10.0,G
10814,-61.55589485013207,15.570014738837171,10.0,10.0,G
10815,-61.55601066582699,15.57006759153424,10.0,10.0,G
10816,-61.55596910660802,15.570029432158467,10.0,10.0,G
10817,-61.55589349246276,15.570058445153578,10.0,10.0,G
10818,-61.55590313563097,15.570084638151666,10.0,10.0,G
10819,-61.55592029993444,15.570217260317921,10.0,10.0,G
10820,-61.55586336045518,15.570098952411039,10.0,10.0,G
10821,-61.55588538177816,15.570026853737177,10.0,10.0,G
10822,-61.555678684739135,15.570021453705921,10.0,10.0,G
10823,-61.555838178278925,15.570139258160166,10.0,10.0,G
10824,-61.55574176891691,15.570110327840728,10.0,10.0,G
10825,-61.55584788213283,15.57010228963963,10.0,10.0,G
10826,-61.55578626370481,15.570148132923553,10.0,10.0,G
10827,-61.55564722588162,15.570206416249311,10.0,10.0,G
10828,-61.5558075923389,15.570274960034236,10.0,10.0,G
10829,-61.555782706350186,15.57019604434488,10.0,10.0,G
10830,-61.55567273880343,15.570176548288204,10.0,10.0,G
10831,-61.55578052739122,15.570209962504592,10.0,10.0,G
10832,-61.55578505812931,15.570161627615203,10.0,10.0,G
10833,-61.55568635854953,15.57019194168754,10.0,10.0,G
10834,-61.55563462217066,15.57027157249791,10.0,10.0,G
10835,-61.55566351836277,15.570114177347408,10.0,10.0,G
10836,-61.555640396824224,15.570059502554642,10.0,10.0,G
10837,-61.555626084271466,15.570295251840662,10.0,10.0,G
10838,-61.55568099118142,15.570315238241685,10.0,10.0,G
10839,-61.55558336677875,15.570205886100045,10.0,10.0,G
10840,-61.5556356969016,15.57029173314633,10.0,10.0,G
10841,-61.5556266861761,15.570369463075547,10.0,10.0,G
10842,-61.55553518361465,15.570412883419472,10.0,10.0,G
10843,-61.555647214123006,15.57030549014303,10.0,10.0,G
10844,-61.55566585085934,15.570381383560658,10.0,10.0,G
10845,-61.55555295793653,15.570489817365575,10.0,10.0,G
10846,-61.55562420984904,15.570455043612432,10.0,10.0,G
10847,-61.55561956435882,15.57032967052382,10.0,10.0,G
14089,-61.539889249101435,15.562399581820204,10.0,10.0,G
14090,-61.5397443007742,15.562478999845048,10.0,10.0,G
14091,-61.539981951874125,15.56242835872534,10.0,10.0,G
14092,-61.53974607342866,15.562479865246736,10.0,10.0,G
14093,-61.539843715801034,15.562542104559956,10.0,10.0,G
14094,-61.539770831725875,15.562414532673495,10.0,10.0,G
14095,-61.5397434513967,15.56248287005428,10.0,10.0,G
14096,-61.53976845584427,15.562464172291298,10.0,10.0,G
14097,-61.53980579404892,15.562520585904362,10.0,10.0,G
14098,-61.539797547773,15.562445378819547,10.0,10.0,G
14099,-61.539704791811104,15.562510314409554,10.0,10.0,G
14100,-61.53974404368988,15.562437962534432,10.0,10.0,G
14101,-61.539692222077086,15.562397552822423,10.0,10.0,G
14102,-61.53973977806015,15.562478481639678,10.0,10.0,G
14103,-61.539837145259746,15.562485623019818,10.0,10.0,G
14104,-61.539766893771734,15.562460465319024,10.0,10.0,G
14105,-61.539868749667505,15.562545880966335,10.0,10.0,G
14106,-61.539870519350714,15.562502434229843,10.0,10.0,G
14107,-61.539788371575874,15.562378389528552,10.0,10.0,G
14108,-61.53978167885938,15.562406609462824,10.0,10.0,G
14109,-61.539746008660124,15.562441398579608,10.0,10.0,G
14110,-61.53975768513273,15.562332647391221,10.0,10.0,G
14111,-61.53978834102882,15.562326874006976,10.0,10.0,G
14112,-61.539947797099565,15.56240149615409,10.0,10.0,G
14113,-61.539729383869854,15.562386750754351,10.0,10.0,G
14114,-61.53973945391082,15.562445460104945,10.0,10.0,G
14115,-61.539709016376506,15.562485390866726,10.0,10.0,G
14116,-61.53968054894738,15.56254152025048,10.0,10.0,G
14117,-61.5397681262198,15.562381940799508,10.0,10.0,G
14118,-61.53975127403761,15.56241279154933,10.0,10.0,G
14119,-61.539764630833766,15.562426168086258,10.0,10.0,G
14120,-61.53971251249739,15.562411020615881,10.0,10.0,G
14121,-61.539657177195295,15.562562985643403,10.0,10.0,G
14122,-61.53975685626122,15.562400708405574,10.0,10.0,G
14123,-61.53988715110183,15.562428167807658,10.0,10.0,G
14124,-61.53977487034312,15.562412065223151,10.0,10.0,G
14125,-61.53979335178761,15.562408092150122,10.0,10.0,G
14126,-61.539667373190966,15.562225050461604,10.0,10.0,G
14127,-61.539612539703505,15.562288832382734,10.0,10.0,G
14128,-61.539846717888224,15.56235764652252,10.0,10.0,G
14129,-61.539746639331696,15.562310222786225,10.0,10.0,G
14130,-61.539751272126104,15.562456672025972,10.0,10.0,G
14131,-61.53975287012718,15.562369980185018,10.0,10.0,G
14132,-61.53975830399651,15.562371417796665,10.0,10.0,G
14133,-61.53972340681671,15.562392515176965,10.0,10.0,G
14134,-61.539731130512784,15.56233768732166,10.0,10.0,G
14135,-61.539805675339814,15.56244274171145,10.0,10.0,G
14136,-61.53977477132729,15.562344238007093,10.0,10.0,G
14137,-61.53968355089065,15.562262833495412,10.0,10.0,G
14138,-61.53989887226199,15.56238955755509,10.0,10.0,G
14139,-61.53977869220811,15.562351948224496,10.0,10.0,G
14140,-61.539694459176005,15.562338297132793,10.0,10.0,G
14141,-61.53981962191188,15.562406202722388,10.0,10.0,G
14142,-61.53975037295354,15.562350458443664,10.0,10.0,G
14143,-61.53970127457306,15.56244320397875,10.0,10.0,G
14144,-61.53983132704169,15.562403279944563,10.0,10.0,G
14145,-61.53990158034944,15.562426713211696,10.0,10.0,G
14146,-61.53972962089768,15.562254193675036,10.0,10.0,G
14147,-61.5398140722317,15.562439411525052,10.0,10.0,G
14148,-61.53980685578588,15.56220500235985,10.0,10.0,G
14149,-61.5396351850881,15.562242381300406,10.0,10.0,G
14150,-61.53976046538172,15.562346998020653,10.0,10.0,G
14151,-61.5397399054175,15.562384362853207,10.0,10.0,G
14152,-61.539628887499255,15.562307368940173,10.0,10.0,G
14153,-61.539792511977325,15.562299101738747,10.0,10.0,G
14154,-61.539861051061386,15.562256743596626,10.0,10.0,G
14155,-61.53975634725433,15.562328078763043,10.0,10.0,G
14156,-61.539708527886795,15.562420560819954,10.0,10.0,G
14157,-61.53976775878313,15.562387216197346,10.0,10.0,G
14158,-61.53973350592027,15.562304231238825,10.0,10.0,G
14159,-61.539665954581444,15.562274499733519,10.0,10.0,G
14160,-61.539817504636915,15.562419366004859,10.0,10.0,G
14161,-61.53974172050502,15.5622456982544,10.0,10.0,G
14162,-61.53976796580479,15.562405136162646,10.0,10.0,G
14163,-61.539766464365144,15.56230572571395,10.0,10.0,G
14164,-61.539714885960215,15.56232341026017,10.0,10.0,G
14165,-61.53975356291324,15.562334517740434,10.0,10.0,G
14166,-61.539748167501486,15.56236975801506,10.0,10.0,G
14167,-61.5397818283264,15.562315510041689,10.0,10.0,G
14168,-61.539685217231174,15.562218585868429,10.0,10.0,G
14169,-61.53976161973391,15.562289460021397,10.0,10.0,G
14170,-61.539733465357166,15.562313565335504,10.0,10.0,G
14171,-61.539772451916825,15.562358203072709,10.0,10.0,G
14172,-61.53972800043147,15.56229367239801,10.0,10.0,G
14173,-61.5397655597419,15.562283812028497,10.0,10.0,G
14174,-61.539797387162515,15.562244128155099,10.0,10.0,G
14175,-61.53976023522781,15.562134516771657,10.0,10.0,G
14176,-61.53954089785034,15.562351671611955,10.0,10.0,G
14177,-61.539777574519725,15.562351163391174,10.0,10.0,G
14178,-61.539712545092584,15.562255167029905,10.0,10.0,G
14179,-61.5397776733473,15.562298668994247,10.0,10.0,G
14180,-61.53976297666065,15.562277154021992,10.0,10.0,G
14181,-61.53975768099853,15.562335587372843,10.0,10.0,G
14182,-61.53974824419869,15.562144303215534,10.0,10.0,G
14183,-61.539786201355135,15.562210572492054,10.0,10.0,G
14184,-61.539715686986206,15.562196353523056,10.0,10.0,G
14185,-61.53971219392411,15.562206261655735,10.0,10.0,G
14186,-61.53976942804194,15.562268063902389,10.0,10.0,G
14187,-61.53975628113849,15.562225497655719,10.0,10.0,G
14188,-61.53979272138586,15.562322468484364,10.0,10.0,G
14189,-61.53976330339189,15.56226347423721,10.0,10.0,G
14190,-61.53967639390008,15.562282673664571,10.0,10.0,G
14191,-61.53976425709123,15.562250583459045,10.0,10.0,G
14192,-61.53975921170733,15.562246577735714,10.0,10.0,G
14193,-61.53972158910279,15.56221917735735,10.0,10.0,G
14194,-61.53983362360113,15.562113025964221,10.0,10.0,G
14195,-61.539731401660795,15.562223579438983,10.0,10.0,G
14196,-61.53976551842795,15.562239971732533,10.0,10.0,G
14197,-61.53974910856801,15.562307235880573,10.0,10.0,G
14198,-61.53969654877765,15.562172133113252,10.0,10.0,G
14199,-61.539896397142606,15.562509760805279,10.0,10.0,G
14200,-61.53977300264677,15.562223389025851,10.0,10.0,G
14201,-61.53973982070571,15.562121359007401,10.0,10.0,G
14202,-61.53976250659262,15.562250264652626,10.0,10.0,G
14203,-61.539730077922414,15.56217943905521,10.0,10.0,G
14204,-61.53976321301281,15.56222066649945,10.0,10.0,G
14205,-61.53983828064295,15.562210676803135,10.0,10.0,G
14206,-61.539760735926,15.562159379031048,10.0,10.0,G
14207,-61.539759418809005,15.562234407488589,10.0,10.0,G
14208,-61.539729861890265,15.562186361569836,10.0,10.0,G
14209,-61.53984654771029,15.56218009491215,10.0,10.0,G
14210,-61.539862552501305,15.562166140147916,10.0,10.0,G
14211,-61.53984448468518,15.562167878956371,10.0,10.0,G
14212,-61.539745691247205,15.562214817179381,10.0,10.0,G
14213,-61.539817740362004,15.562378029599685,10.0,10.0,G
14214,-61.5397667434627,15.56223311531097,10.0,10.0,G
14215,-61.5397935645047,15.562188646467664,10.0,10.0,G
14216,-61.53991514033778,15.56225500867253,10.0,10.0,G
14217,-61.5398886566497,15.56228007222014,10.0,10.0,G
14218,-61.539767781565914,15.56220088468091,10.0,10.0,G
14219,-61.53974411488976,15.562202904195146,10.0,10.0,G
14220,-61.539915007712224,15.562272489920641,10.0,10.0,G
14221,-61.53979510702009,15.562156066388122,10.0,10.0,G
14222,-61.539792327752025,15.562189740847865,10.0,10.0,G
14223,-61.53967090634998,15.562211297207957,10.0,10.0,G
14224,-61.539779084778736,15.562232001612825,10.0,10.0,G
14225,-61.539686226404434,15.562249087586755,10.0,10.0,G
14226,-61.539779874177356,15.562178280662188,10.0,10.0,G
14227,-61.539824912808754,15.562171777054637,10.0,10.0,G
14228,-61.53999853040644,15.562296399877566,10.0,10.0,G
14229,-61.53975659333208,15.562367601919787,10.0,10.0,G
14230,-61.539824952358124,15.5621026200562,10.0,10.0,G
14231,-61.53968814624666,15.56199599655408,10.0,10.0,G
14232,-61.539760521969335,15.562120254230098,10.0,10.0,G
14233,-61.53979066069641,15.56206066535758,10.0,10.0,G
14234,-61.53978012427508,15.562163117736459,10.0,10.0,G
14235,-61.53979492283417,15.562152231628035,10.0,10.0,G
14236,-61.53977978303095,15.562155347191867,10.0,10.0,G
14237,-61.53976798881864,15.562168423880337,10.0,10.0,G
14238,-61.53977578898879,15.562137074530273,10.0,10.0,G
14239,-61.53978138241986,15.562152186101722,10.0,10.0,G
14240,-61.539807414276694,15.562143376323471,10.0,10.0,G
14241,-61.53978065576405,15.562151057955818,10.0,10.0,G
14242,-61.5397218381481,15.562129310410274,10.0,10.0,G
14243,-61.53976282188444,15.562210460065254,10.0,10.0,G
14244,-61.539772955957005,15.562149811353981,10.0,10.0,G
14245,-61.539826606398705,15.56214028288681,10.0,10.0,G
14246,-61.539805651241245,15.562152149897786,10.0,10.0,G
14247,-61.53983508759514,15.56214099197192,10.0,10.0,G
14248,-61.53978525559274,15.562134525133306,10.0,10.0,G
14249,-61.539765312551275,15.562149409511864,10.0,10.0,G
14250,-61.53977624246142,15.56213526576365,10.0,10.0,G
14251,-61.53975481680039,15.562100796003662,10.0,10.0,G
14252,-61.53973391418906,15.562080959269798,10.0,10.0,G
14253,-61.539813014706624,15.56215069207885,10.0,10.0,G
14254,-61.539720784454175,15.562097651851902,10.0,10.0,G
14255,-61.53981196464309,15.562114201215584,10.0,10.0,G
14256,-61.53969122704962,15.562188103008513,10.0,10.0,G
14257,-61.53975317930157,15.562095558742618,10.0,10.0,G
14258,-61.53972555130508,15.562117175579232,10.0,10.0,G
14259,-61.539915485658184,15.562018172799394,10.0,10.0,G
14260,-61.539850723588096,15.562163097713809,10.0,10.0,G
14261,-61.53976205712558,15.562130611002374,10.0,10.0,G
14262,-61.53986974616202,15.562120724960531,10.0,10.0,G
14263,-61.53987656484167,15.56227705031624,10.0,10.0,G
14264,-61.53977611754739,15.562086737495573,10.0,10.0,G
14265,-61.539745351172165,15.562118858233744,10.0,10.0,G
14266,-61.539883070952875,15.562128306330452,10.0,10.0,G
14267,-61.53979028099605,15.562026347016054,10.0,10.0,G
14268,-61.53992581333487,15.562205125570681,10.0,10.0,G
14269,-61.53975840673142,15.562093780893706,10.0,10.0,G
14270,-61.53996559070858,15.562088946482497,10.0,10.0,G
14271,-61.53974699884539,15.562122450194849,10.0,10.0,G
14272,-61.53971168125388,15.562111356645861,10.0,10.0,G
14273,-61.5396440074255,15.562043498733834,10.0,10.0,G
14274,-61.53979937644774,15.562083591090055,10.0,10.0,G
14275,-61.53985148062352,15.56208159589589,10.0,10.0,G
14276,-61.539796581526886,15.56210806915588,10.0,10.0,G
14277,-61.53975893346966,15.562070995897228,10.0,10.0,G
14278,-61.539900038370774,15.562150408570751,10.0,10.0,G
14279,-61.53979979118387,15.562077622470522,10.0,10.0,G
14280,-61.540008088076355,15.561989698522147,10.0,10.0,G
14281,-61.53965059344026,15.56207322882395,10.0,10.0,G
14282,-61.539912505041,15.562125496535263,10.0,10.0,G
14283,-61.53970786518724,15.562199854691832,10.0,10.0,G
14284,-61.53984017024571,15.562177133317103,10.0,10.0,G
14285,-61.53983379161502,15.561939358535152,10.0,10.0,G
14286,-61.53973227846062,15.562089958126096,10.0,10.0,G
14287,-61.539829058889694,15.562162016248456,10.0,10.0,G
14288,-61.53981170593728,15.562093649190606,10.0,10.0,G
14289,-61.5398101537949,15.562066509858523,10.0,10.0,G
14290,-61.53979669379314,15.56204157889863,10.0,10.0,G
14291,-61.539862692772054,15.562079308257987,10.0,10.0,G
14292,-61.539839193881384,15.562034456286368,10.0,10.0,G
14293,-61.53987285113843,15.56199381762465,10.0,10.0,G
14294,-61.53980543896043,15.562044892155852,10.0,10.0,G
14295,-61.539867298615405,15.561979521666741,10.0,10.0,G
14296,-61.53981897496677,15.562044911621847,10.0,10.0,G
14297,-61.539755090730544,15.562028040008741,10.0,10.0,G
14298,-61.539815801576445,15.56206791635682,10.0,10.0,G
14299,-61.53973911616279,15.562045160215511,10.0,10.0,G
14300,-61.5398185304665,15.562048684690778,10.0,10.0,G
14301,-61.53981906489546,15.56203913576181,10.0,10.0,G
14302,-61.539979308601474,15.561935780656677,10.0,10.0,G
14303,-61.539849927115256,15.562143854154323,10.0,10.0,G
14304,-61.53964501683823,15.561985453347098,10.0,10.0,G
14305,-61.53979551259416,15.56216703920603,10.0,10.0,G
14306,-61.53980345266206,15.562037699116255,10.0,10.0,G
14307,-61.53979614252104,15.561983036253313,10.0,10.0,G
14308,-61.53988842934893,15.561997452352049,10.0,10.0,G
14309,-61.53983376915607,15.562090873725863,10.0,10.0,G
14310,-61.53977755415159,15.562017072327716,10.0,10.0,G
14311,-61.53979750530807,15.561936055591696,10.0,10.0,G
14312,-61.53987769004406,15.562018602253099,10.0,10.0,G
14313,-61.53983545229984,15.562041840733178,10.0,10.0,G
14314,-61.53981743409897,15.562084501912318,10.0,10.0,G
14315,-61.53980749375449,15.562065919701395,10.0,10.0,G
14316,-61.53980823834614,15.562059402708824,10.0,10.0,G
14317,-61.539801561680896,15.562031246221272,10.0,10.0,G
14318,-61.53984367997835,15.561964973273671,10.0,10.0,G
14319,-61.53983415947274,15.56199978576715,10.0,10.0,G
14320,-61.53982397413711,15.562001345341317,10.0,10.0,G
14321,-61.53978483765588,15.562044599418282,10.0,10.0,G
14322,-61.539723973888634,15.562050110777578,10.0,10.0,G
14323,-61.53983589125667,15.561987729382002,10.0,10.0,G
14324,-61.5398348809883,15.562031036218107,10.0,10.0,G
14325,-61.53985362645699,15.56175662108319,10.0,10.0,G
14326,-61.539922038117226,15.561824655588378,10.0,10.0,G
14327,-61.539800981308765,15.561993578139024,10.0,10.0,G
14328,-61.539806346506836,15.561945669974218,10.0,10.0,G
14329,-61.539818096771036,15.56197218564349,10.0,10.0,G
14330,-61.53985644951517,15.561865127347978,10.0,10.0,G
14331,-61.539847480012924,15.562009414864486,10.0,10.0,G
14332,-61.54009116027768,15.56188364701068,10.0,10.0,G
14333,-61.53986485926048,15.562018647764267,10.0,10.0,G
14334,-61.539843676872934,15.561967096061768,10.0,10.0,G
14335,-61.5397865782629,15.562023622604576,10.0,10.0,G
14336,-61.539883122517665,15.561972182452132,10.0,10.0,G
14337,-61.539817124058196,15.561961551228803,10.0,10.0,G
14338,-61.539796107879596,15.561943654461249,10.0,10.0,G
14339,-61.539845047929404,15.562003670896777,10.0,10.0,G
14340,-61.53983389846412,15.56187744845711,10.0,10.0,G
14341,-61.53985109421339,15.561928872681563,10.0,10.0,G
14342,-61.53984307061694,15.561939653435209,10.0,10.0,G
14343,-61.53973668991452,15.561914993706624,10.0,10.0,G
14344,-61.53995841234936,15.561910132901202,10.0,10.0,G
14345,-61.53984319546504,15.561955799385398,10.0,10.0,G
14346,-61.539839682652676,15.561944168168752,10.0,10.0,G
14347,-61.53984047412862,15.561949186179387,10.0,10.0,G
14348,-61.539851304204134,15.562110428065784,10.0,10.0,G
14349,-61.539887385380176,15.561965627010085,10.0,10.0,G
14350,-61.539838513055805,15.561963304440017,10.0,10.0,G
14351,-61.539868743693944,15.561940557022842,10.0,10.0,G
14352,-61.53975863521136,15.562055626532093,10.0,10.0,G
14353,-61.53984593742426,15.562000936885433,10.0,10.0,G
14354,-61.53979676125974,15.561849225800838,10.0,10.0,G
14355,-61.5399936503894,15.561890246018244,10.0,10.0,G
14356,-61.539828703146604,15.561977307425614,10.0,10.0,G
14357,-61.53981159427801,15.561871647050523,10.0,10.0,G
14358,-61.5398572573962,15.561872040058072,10.0,10.0,G
14359,-61.53985975589673,15.561784950816627,10.0,10.0,G
14360,-61.539967441183336,15.561903756608189,10.0,10.0,G
14361,-61.539903336756645,15.561951579850541,10.0,10.0,G
14362,-61.53983896541389,15.561888712758474,10.0,10.0,G
14363,-61.53990243026635,15.56188316922969,10.0,10.0,G
14364,-61.5398284195278,15.5618296516773,10.0,10.0,G
14365,-61.539877644906305,15.562047457172534,10.0,10.0,G
14366,-61.539964787639015,15.561821203882802,10.0,10.0,G
14367,-61.539830817183336,15.561891724987376,10.0,10.0,G
14368,-61.5398555533383,15.561917329568592,10.0,10.0,G
14369,-61.5398542519734,15.5619445616875,10.0,10.0,G
14370,-61.53983173389535,15.561861821502607,10.0,10.0,G
14371,-61.539911790050944,15.561880551529796,10.0,10.0,G
14372,-61.539885921484036,15.561852976751206,10.0,10.0,G
14373,-61.53993127418389,15.561801086154315,10.0,10.0,G
14374,-61.53986187760958,15.561909864137967,10.0,10.0,G
14375,-61.539974934687805,15.561724239981316,10.0,10.0,G
14376,-61.53980337022203,15.561933638178576,10.0,10.0,G
14377,-61.539831166103795,15.561868556946106,10.0,10.0,G
14378,-61.539876116955966,15.561903866782911,10.0,10.0,G
14379,-61.539835007835,15.561897457636995,10.0,10.0,G
14380,-61.53989766865126,15.561962236351384,10.0,10.0,G
14381,-61.539795803260276,15.561939875687706,10.0,10.0,G
14382,-61.539828795457254,15.561839243430969,10.0,10.0,G
14383,-61.53981911880645,15.561889689681458,10.0,10.0,G
14384,-61.53988933706464,15.561910615073998,10.0,10.0,G
14385,-61.5398290177943,15.56189376967231,10.0,10.0,G
14386,-61.53982978866558,15.561861817016391,10.0,10.0,G
14387,-61.540016796320565,15.561786080065678,10.0,10.0,G
14388,-61.54001135208339,15.561920800166057,10.0,10.0,G
14389,-61.53988816347692,15.561876033733792,10.0,10.0,G
14390,-61.53989436500934,15.562027500303365,10.0,10.0,G
14391,-61.53985110523425,15.561906025904696,10.0,10.0,G
14392,-61.53981692703303,15.56192409216542,10.0,10.0,G
14393,-61.5397805237607,15.56175326339836,10.0,10.0,G
14394,-61.53993073331121,15.561878612329746,10.0,10.0,G
14395,-61.5398907522248,15.561821877051756,10.0,10.0,G
14396,-61.539933730970986,15.561806930522819,10.0,10.0,G
14397,-61.53991230412198,15.561823146458732,10.0,10.0,G
14398,-61.53986213378766,15.561882465799167,10.0,10.0,G
14399,-61.53982577428865,15.561750094430364,10.0,10.0,G
14400,-61.539868773354115,15.561836847369088,10.0,10.0,G
14401,-61.53988949952638,15.561876572415402,10.0,10.0,G
14402,-61.539852817781025,15.561935891812213,10.0,10.0,G
14403,-61.539894551647535,15.56185050439233,10.0,10.0,G
14404,-61.53990394702485,15.561876604589184,10.0,10.0,G
14405,-61.53987207375762,15.561816313724956,10.0,10.0,G
14406,-61.539848062158676,15.561873903710433,10.0,10.0,G
14407,-61.53990539832496,15.5618515962313,10.0,10.0,G
14408,-61.539964009263514,15.561840774339888,10.0,10.0,G
14409,-61.53988614396712,15.561885192583702,10.0,10.0,G
14410,-61.53988055808087,15.56187336571206,10.0,10.0,G
14411,-61.53997560302952,15.5617653863739,10.0,10.0,G
14412,-61.53987342285514,15.561889927459621,10.0,10.0,G
14413,-61.53988485541303,15.561854118176555,10.0,10.0,G
14414,-61.53977121066668,15.56192225573709,10.0,10.0,G
14415,-61.540008370715185,15.561670760469758,10.0,10.0,G
14416,-61.53993350058968,15.561982298559208,10.0,10.0,G
14417,-61.539934639393955,15.561796881561438,10.0,10.0,G
14418,-61.53989822287089,15.561849626483319,10.0,10.0,G
14419,-61.54001366374767,15.561926503787047,10.0,10.0,G
14420,-61.539900348450864,15.561840886278954,10.0,10.0,G
14421,-61.54001007675851,15.561804756400724,10.0,10.0,G
14422,-61.53999426395865,15.56181956424923,10.0,10.0,G
14423,-61.539896043782775,15.561830134384376,10.0,10.0,G
14424,-61.539884734525316,15.561797675197987,10.0,10.0,G
14425,-61.539904129789335,15.561831806893355,10.0,10.0,G
14426,-61.539930284091035,15.561835673954773,10.0,10.0,G
14427,-61.539939807470645,15.561665543092973,10.0,10.0,G
14428,-61.539882647272876,15.561896840666153,10.0,10.0,G
14429,-61.53990727316455,15.561783671517425,10.0,10.0,G
14430,-61.539800452877635,15.561776727863869,10.0,10.0,G
14431,-61.539917417312715,15.561841923074079,10.0,10.0,G
14432,-61.53990967496803,15.56180700362852,10.0,10.0,G
14433,-61.53980705147206,15.561801211822402,10.0,10.0,G
14434,-61.53986473573547,15.561832478420358,10.0,10.0,G
14435,-61.53983186974088,15.56182695768099,10.0,10.0,G
14436,-61.539985842499874,15.561782662795292,10.0,10.0,G
14437,-61.539921048451724,15.56181048834632,10.0,10.0,G
14438,-61.539960635578645,15.561859469961462,10.0,10.0,G
14439,-61.53986010355165,15.56169623323518,10.0,10.0,G
14440,-61.539971267478414,15.561885281333039,10.0,10.0,G
14441,-61.5399559985241,15.561815046539149,10.0,10.0,G
14442,-61.53997875985125,15.561777468481054,10.0,10.0,G
14443,-61.53993203551273,15.561812484617143,10.0,10.0,G
14444,-61.53985410787005,15.561877499116813,10.0,10.0,G
14445,-61.53990191581836,15.561619464047194,10.0,10.0,G
14446,-61.53995588047793,15.561799164008626,10.0,10.0,G
14447,-61.53999996884577,15.56183374945715,10.0,10.0,G
14448,-61.53995092554901,15.561778716564909,10.0,10.0,G
14449,-61.539965113729444,15.561793495382723,10.0,10.0,G
14450,-61.539896876196664,15.561910454505123,10.0,10.0,G
14451,-61.539932100053015,15.561791775084243,10.0,10.0,G
14452,-61.53992910412127,15.561796474419108,10.0,10.0,G
14453,-61.539941918286345,15.561916311831862,10.0,10.0,G
14454,-61.53979492766629,15.561895447308835,10.0,10.0,G
14455,-61.53990931784794,15.561815414337156,10.0,10.0,G
14456,-61.53993927606549,15.561789711263568,10.0,10.0,G
14457,-61.540043795872705,15.561849714674215,10.0,10.0,G
14458,-61.539931454110274,15.561757324516329,10.0,10.0,G
14459,-61.5398874536,15.561910890102025,10.0,10.0,G
14460,-61.54003357403295,15.561819941703144,10.0,10.0,G
14461,-61.539927756596576,15.561739226802347,10.0,10.0,G
14462,-61.53993797336593,15.56181962706111,10.0,10.0,G
14463,-61.539939984135025,15.561777888486624,10.0,10.0,G
14464,-61.53996614416089,15.561980729022384,10.0,10.0,G
14465,-61.54001723026269,15.561816731706102,10.0,10.0,G
14466,-61.53992815073511,15.561651888857664,10.0,10.0,G
14467,-61.53995054265013,15.561818071547862,10.0,10.0,G
14468,-61.539770637989555,15.561873043824132,10.0,10.0,G
14469,-61.53994685468331,15.561703878314258,10.0,10.0,G
14470,-61.53991210774263,15.561721958223227,10.0,10.0,G
14471,-61.53995165492554,15.561768500774775,10.0,10.0,G
14472,-61.539925744019776,15.561746124147572,10.0,10.0,G
14473,-61.539944485128316,15.561758738066741,10.0,10.0,G
14474,-61.53999405791994,15.561855926839097,10.0,10.0,G
14475,-61.539960273983496,15.561839648915063,10.0,10.0,G
14476,-61.539971359717576,15.561674016602208,10.0,10.0,G
14477,-61.53993634067335,15.561853765074718,10.0,10.0,G
14478,-61.539818586364454,15.561629568747312,10.0,10.0,G
14479,-61.53993708059138,15.561748558732532,10.0,10.0,G
14480,-61.540040471433706,15.561870578238516,10.0,10.0,G
14481,-61.53995714986558,15.561752701166675,10.0,10.0,G
14482,-61.53990568765568,15.561728507988684,10.0,10.0,G
14483,-61.53991503853209,15.56181973714681,10.0,10.0,G
14484,-61.540085471467336,15.56168436277651,10.0,10.0,G
14485,-61.53996908198639,15.56175334531023,10.0,10.0,G
14486,-61.54007298934441,15.561772310470044,10.0,10.0,G
14487,-61.540000598148325,15.561798587380462,10.0,10.0,G
14488,-61.5399751208637,15.561907127180689,10.0,10.0,G
14489,-61.53995763681677,15.561782173446773,10.0,10.0,G
14490,-61.5399372276168,15.56177624759869,10.0,10.0,G
14491,-61.53986700469026,15.561687290709743,10.0,10.0,G
14492,-61.53997198767494,15.561711883187982,10.0,10.0,G
14493,-61.540068969054566,15.561587319952705,10.0,10.0,G
14494,-61.53983953050981,15.56180411981975,10.0,10.0,G
14495,-61.539981817872224,15.561729909074641,10.0,10.0,G
14496,-61.539977510516096,15.561738784988691,10.0,10.0,G
14497,-61.5398761342217,15.561566801082543,10.0,10.0,G
14498,-61.53999464117645,15.561699420659306,10.0,10.0,G
14499,-61.54001467370752,15.561725041143783,10.0,10.0,G
14500,-61.53993106105014,15.561700117346005,10.0,10.0,G
14501,-61.540010386295776,15.56184623722189,10.0,10.0,G
14502,-61.53974124916969,15.561695705186747,10.0,10.0,G
14503,-61.53983710074925,15.561740975668146,10.0,10.0,G
14504,-61.53989112186367,15.561698061444366,10.0,10.0,G
14505,-61.540179234572015,15.56171854268774,10.0,10.0,G
14506,-61.53993746892075,15.561727865143975,10.0,10.0,G
14507,-61.5399285258827,15.561733432925832,10.0,10.0,G
14508,-61.539957926237626,15.561713500088397,10.0,10.0,G
14509,-61.53999953674508,15.56164227339912,10.0,10.0,G
14510,-61.540029379210175,15.561755419095741,10.0,10.0,G
14511,-61.53999179001985,15.561716157311865,10.0,10.0,G
14512,-61.53989547285439,15.561709927178123,10.0,10.0,G
14513,-61.53993138737001,15.5617955921774,10.0,10.0,G
14514,-61.539979199022376,15.561747852961402,10.0,10.0,G
14515,-61.539983275264994,15.561684215012212,10.0,10.0,G
14516,-61.54000008389837,15.561708328004539,10.0,10.0,G
14517,-61.53991637620954,15.561750578402794,10.0,10.0,G
14518,-61.53997935686103,15.561710390912417,10.0,10.0,G
14519,-61.54002980100721,15.561752851811361,10.0,10.0,G
14520,-61.539996491670514,15.561541648289833,10.0,10.0,G
14521,-61.53988830404736,15.561732590554191,10.0,10.0,G
14522,-61.539934805861854,15.561706847039009,10.0,10.0,G
14523,-61.539953890295905,15.56156601831953,10.0,10.0,G
14524,-61.53999783722539,15.561678983873952,10.0,10.0,G
14525,-61.5399894403603,15.561712728082403,10.0,10.0,G
14526,-61.53998435509256,15.561682353150836,10.0,10.0,G
14527,-61.54012777300679,15.56155099817997,10.0,10.0,G
14528,-61.540068802517276,15.561660199250586,10.0,10.0,G
14529,-61.540009216840076,15.561703061053517,10.0,10.0,G
14530,-61.5400001684305,15.56169981036932,10.0,10.0,G
14531,-61.54012162620651,15.56167016233748,10.0,10.0,G
14532,-61.54001533255165,15.561687987608458,10.0,10.0,G
14533,-61.54011130883016,15.561649670361447,10.0,10.0,G
14534,-61.540024040744555,15.561727269627333,10.0,10.0,G
14535,-61.53996972522709,15.56170012812397,10.0,10.0,G
14536,-61.54006264014142,15.561717054227742,10.0,10.0,G
14537,-61.539990720642635,15.561639797126029,10.0,10.0,G
14538,-61.539991320210696,15.561718073534305,10.0,10.0,G
14539,-61.540040464239716,15.56168928351078,10.0,10.0,G
14540,-61.5400074829324,15.561714917252186,10.0,10.0,G
14541,-61.53990367313941,15.561845728752795,10.0,10.0,G
14542,-61.540070558907985,15.561690647658287,10.0,10.0,G
14543,-61.54002354875811,15.56165390092214,10.0,10.0,G
14544,-61.53992380802516,15.561750765884247,10.0,10.0,G
14545,-61.539906392369616,15.561649200672937,10.0,10.0,G
14546,-61.54014180855064,15.561775866704432,10.0,10.0,G
14547,-61.54001334235944,15.561679538755744,10.0,10.0,G
14548,-61.54000229000915,15.56175144024953,10.0,10.0,G
14549,-61.540068977292925,15.561648898510576,10.0,10.0,G
14550,-61.540044380758076,15.561674890619761,10.0,10.0,G
14551,-61.53995845942538,15.561586247093834,10.0,10.0,G
14552,-61.54008225856305,15.561673668620065,10.0,10.0,G
14553,-61.54003520417526,15.561666494245268,10.0,10.0,G
14554,-61.54002862045807,15.561663893570445,10.0,10.0,G
14555,-61.53997021173462,15.561723674282053,10.0,10.0,G
14556,-61.54005666416429,15.561666234871288,10.0,10.0,G
14557,-61.539982762780696,15.561751364819296,10.0,10.0,G
14558,-61.5401186641242,15.561662424445185,10.0,10.0,G
14559,-61.54017253980688,15.561563447957772,10.0,10.0,G
14560,-61.54005589953557,15.561556868695899,10.0,10.0,G
14561,-61.539914120155885,15.56190734074918,10.0,10.0,G
14562,-61.540030342018795,15.56167393376644,10.0,10.0,G
14563,-61.53998713359962,15.561762062296959,10.0,10.0,G
14564,-61.539993732997516,15.561716288099138,10.0,10.0,G
14565,-61.53996334287992,15.56153487736925,10.0,10.0,G
14566,-61.54005359543048,15.561664104717273,10.0,10.0,G
14567,-61.54004617258941,15.561608872756592,10.0,10.0,G
14568,-61.54010526760801,15.561705170991093,10.0,10.0,G
14569,-61.54013090122751,15.561724819374835,10.0,10.0,G
14570,-61.54021548190875,15.561593010706222,10.0,10.0,G
14571,-61.54002238231454,15.561660043963915,10.0,10.0,G
14572,-61.53994655628857,15.561516838602055,10.0,10.0,G
14573,-61.54006620859857,15.561693899033918,10.0,10.0,G
14574,-61.54003753045374,15.561635233441226,10.0,10.0,G
14575,-61.540082081200914,15.56169176083221,10.0,10.0,G
14576,-61.53999664480818,15.561591069383748,10.0,10.0,G
14577,-61.53997260892846,15.561632755045833,10.0,10.0,G
14578,-61.540042095667886,15.561666238565627,10.0,10.0,G
14579,-61.53997790881679,15.561668892119403,10.0,10.0,G
14580,-61.5401371433599,15.561784460294563,10.0,10.0,G
14581,-61.5400621073588,15.561566524937795,10.0,10.0,G
14582,-61.540084895805165,15.56164083044427,10.0,10.0,G
14583,-61.540086743905924,15.561751378277968,10.0,10.0,G
14584,-61.54000621335727,15.561724032778036,10.0,10.0,G
14585,-61.540129093853686,15.561613400343926,10.0,10.0,G
14586,-61.54009342532727,15.561714149779442,10.0,10.0,G
14587,-61.540054563205835,15.56163907282082,10.0,10.0,G
14588,-61.5400985441632,15.561655413096243,10.0,10.0,G
14589,-61.54011671703188,15.561695944104798,10.0,10.0,G
14590,-61.54014977251286,15.561687617689275,10.0,10.0,G
14591,-61.54021626579123,15.561732872350877,10.0,10.0,G
14592,-61.54014139902075,15.561614951650471,10.0,10.0,G
14593,-61.540089782294224,15.561629923573198,10.0,10.0,G
14594,-61.54009193581468,15.561576847294017,10.0,10.0,G
14595,-61.540144478101524,15.561581541319844,10.0,10.0,G
14596,-61.54009813063605,15.561638187456149,10.0,10.0,G
14597,-61.54007590665891,15.561607948677665,10.0,10.0,G
14598,-61.540141543231705,15.561453677244783,10.0,10.0,G
14599,-61.53997539432191,15.561651615184195,10.0,10.0,G
14600,-61.540133753882536,15.561608633354101,10.0,10.0,G
14601,-61.540124057518476,15.561626093122275,10.0,10.0,G
14602,-61.54004940729673,15.56159716256961,10.0,10.0,G
14603,-61.540104795860024,15.561597712862556,10.0,10.0,G
14604,-61.54004208246489,15.561561483617558,10.0,10.0,G
14605,-61.54005789532683,15.561692049391722,10.0,10.0,G
14606,-61.54021608850236,15.561668648811503,10.0,10.0,G
14607,-61.54011683204829,15.561617904707557,10.0,10.0,G
14608,-61.540161651793774,15.561666826116996,10.0,10.0,G
14609,-61.54025337222241,15.561551453896207,10.0,10.0,G
14610,-61.54000257633141,15.561460647371403,10.0,10.0,G
14611,-61.54013863272724,15.561567371509177,10.0,10.0,G
14612,-61.54022679856569,15.56162302724497,10.0,10.0,G
14613,-61.540107761047715,15.561614593873232,10.0,10.0,G
14614,-61.540161443845015,15.561600941171926,10.0,10.0,G
14615,-61.54012618715111,15.5616123929242,10.0,10.0,G
14616,-61.54010939117028,15.561618757846734,10.0,10.0,G
14617,-61.54003239354586,15.5617063953883,10.0,10.0,G
14618,-61.540141457932876,15.561616624972512,10.0,10.0,G
14619,-61.54024586570621,15.561650853097381,10.0,10.0,G
14620,-61.540168203415845,15.561618983455254,10.0,10.0,G
14621,-61.540213295896166,15.561589200261727,10.0,10.0,G
14622,-61.53999840941983,15.561643828383584,10.0,10.0,G
14623,-61.54019223451372,15.561704486275929,10.0,10.0,G
14624,-61.540165486020136,15.56160581661318,10.0,10.0,G
14625,-61.54006597587598,15.561522444013391,10.0,10.0,G
14626,-61.54011444632623,15.561679534660914,10.0,10.0,G
14627,-61.540148784638525,15.561601392680087,10.0,10.0,G
14628,-61.54014644967124,15.561599148486076,10.0,10.0,G
14629,-61.54023485155264,15.561635706944768,10.0,10.0,G
14630,-61.54002533997688,15.561681834204467,10.0,10.0,G
14631,-61.53990556931742,15.561423319307734,10.0,10.0,G
14632,-61.540045192887916,15.561526853317364,10.0,10.0,G
14633,-61.54019553116069,15.56169819737896,10.0,10.0,G
14634,-61.540103072433375,15.561546877559389,10.0,10.0,G
14635,-61.54008274105122,15.56147603180693,10.0,10.0,G
14636,-61.5401538761186,15.561606523871806,10.0,10.0,G
14637,-61.540197338401946,15.56157997800987,10.0,10.0,G
14638,-61.54013780621453,15.561618766678524,10.0,10.0,G
14639,-61.540119105992524,15.561470578498634,10.0,10.0,G
14640,-61.54020988764192,15.561662791124224,10.0,10.0,G
14641,-61.53998401858203,15.56158744980393,10.0,10.0,G
14642,-61.540271614158605,15.56146467158675,10.0,10.0,G
14643,-61.54024151379773,15.56170647505798,10.0,10.0,G
14644,-61.540081721982396,15.561680602308947,10.0,10.0,G
14645,-61.53994117004546,15.561716732025,10.0,10.0,G
14646,-61.5401609045294,15.561616132711668,10.0,10.0,G
14647,-61.540159839032235,15.56160407820544,10.0,10.0,G
14648,-61.54018405484305,15.561522946957805,10.0,10.0,G
14649,-61.5401615458933,15.561575424832714,10.0,10.0,G
14650,-61.540117014875705,15.561717005603878,10.0,10.0,G
14651,-61.54017844156469,15.56158418626447,10.0,10.0,G
14652,-61.540173748358434,15.56180028153766,10.0,10.0,G
14653,-61.5401306540962,15.561585879200747,10.0,10.0,G
14654,-61.54009027013239,15.561548848829077,10.0,10.0,G
14655,-61.54002163312874,15.561533355667192,10.0,10.0,G
14656,-61.54015848255177,15.561508703528828,10.0,10.0,G
14657,-61.54039499679049,15.561682133661373,10.0,10.0,G
14658,-61.540187203063326,15.561739544629548,10.0,10.0,G
14659,-61.54013019185041,15.561573104476018,10.0,10.0,G
14660,-61.54020993745007,15.561619590325613,10.0,10.0,G
14661,-61.540132490089796,15.561609237315622,10.0,10.0,G
14662,-61.540184817934595,15.561576153518851,10.0,10.0,G
14663,-61.54019865823282,15.56158793743535,10.0,10.0,G
14664,-61.54012474890937,15.561525093990943,10.0,10.0,G
14665,-61.54018888525581,15.561568946503774,10.0,10.0,G
14666,-61.54000053296528,15.561645314812315,10.0,10.0,G
14667,-61.54020721306098,15.5615649850521,10.0,10.0,G
14668,-61.54024028663504,15.561570729500499,10.0,10.0,G
14669,-61.540299502780265,15.561763397430807,10.0,10.0,G
14670,-61.54021330814832,15.561559833828587,10.0,10.0,G
15579,-61.54209847242987,15.561330479054964,10.0,10.0,G
15580,-61.54202679912499,15.561380036965588,10.0,10.0,G
15581,-61.54199287396783,15.561319171921548,10.0,10.0,G
15582,-61.542098196640154,15.561410292206883,10.0,10.0,G
15583,-61.54213687502526,15.561286771790213,10.0,10.0,G
15584,-61.54215450083301,15.561476615911257,10.0,10.0,G
15585,-61.54205315281293,15.561328176557996,10.0,10.0,G
15586,-61.541899558879514,15.561452196779406,10.0,10.0,G
15587,-61.54193518591674,15.561396450437746,10.0,10.0,G
15588,-61.542041948306824,15.561281166050444,10.0,10.0,G
15589,-61.542085142621566,15.561303837833071,10.0,10.0,G
15590,-61.54208697471536,15.561312039350197,10.0,10.0,G
15591,-61.54202100880533,15.561308204033187,10.0,10.0,G
15592,-61.54205255910541,15.561207252253917,10.0,10.0,G
15593,-61.542221864595916,15.561290151129267,10.0,10.0,G
15594,-61.54207757876434,15.561375531717072,10.0,10.0,G
15595,-61.542115506060654,15.561374933086451,10.0,10.0,G
15596,-61.54206523404012,15.561254624288924,10.0,10.0,G
15597,-61.54210347805401,15.561321030148061,10.0,10.0,G
15598,-61.542068825273134,15.56123708412044,10.0,10.0,G
15599,-61.542117084100695,15.561313519445262,10.0,10.0,G
15600,-61.54213625291265,15.561312126528879,10.0,10.0,G
15601,-61.542115157887366,15.56131168165792,10.0,10.0,G
15602,-61.54221714985605,15.56145000944345,10.0,10.0,G
15603,-61.542107018361264,15.561320491751992,10.0,10.0,G
15604,-61.542048035972385,15.561378527297952,10.0,10.0,G
15605,-61.5421999808942,15.56125255351366,10.0,10.0,G
15606,-61.54208968199561,15.561329721261648,10.0,10.0,G
15607,-61.54214675551485,15.561159441587565,10.0,10.0,G
15608,-61.542113504137305,15.561316545614483,10.0,10.0,G
15609,-61.54206525095621,15.56134495617319,10.0,10.0,G
15610,-61.54212189944995,15.56131810125787,10.0,10.0,G
15611,-61.54216957271792,15.56131198524717,10.0,10.0,G
15612,-61.54206020742849,15.561474363085305,10.0,10.0,G
15613,-61.542135009910446,15.561358231882174,10.0,10.0,G
15614,-61.54207698256479,15.561304120235926,10.0,10.0,G
15615,-61.54220262454978,15.561328552124362,10.0,10.0,G
15616,-61.542156825050824,15.561289725811408,10.0,10.0,G
15617,-61.54222205292327,15.561345825902324,10.0,10.0,G
15618,-61.5421424990007,15.561384896684158,10.0,10.0,G
15619,-61.54215698342423,15.56130799961061,10.0,10.0,G
15620,-61.54212553942611,15.561311221796991,10.0,10.0,G
15621,-61.542145048887505,15.5613202746526,10.0,10.0,G
15622,-61.54203270811296,15.561337351316604,10.0,10.0,G
15623,-61.54216330559514,15.561458600112582,10.0,10.0,G
15624,-61.54230162584476,15.561298317355217,10.0,10.0,G
15625,-61.54225986351425,15.561336105846733,10.0,10.0,G
15626,-61.542057011923504,15.561262844173717,10.0,10.0,G
15627,-61.54222255244159,15.561281322172805,10.0,10.0,G
15628,-61.54216532680839,15.561339095187028,10.0,10.0,G
15629,-61.542062343582835,15.56124248449562,10.0,10.0,G
15630,-61.54217439598194,15.561308115026499,10.0,10.0,G
15631,-61.542238158287205,15.56124408109559,10.0,10.0,G
15632,-61.54213139501539,15.561303031298081,10.0,10.0,G
15633,-61.54212247464456,15.561362718970965,10.0,10.0,G
15634,-61.54212811836609,15.561228808934118,10.0,10.0,G
15635,-61.54226489244791,15.5613436132442,10.0,10.0,G
15636,-61.54220711029645,15.561304829709629,10.0,10.0,G
15637,-61.54207250564421,15.56137762979378,10.0,10.0,G
15638,-61.54224539398575,15.561322061550076,10.0,10.0,G
15639,-61.54215528100916,15.561294756903926,10.0,10.0,G
15640,-61.5421081698534,15.561317588548047,10.0,10.0,G
15641,-61.54218418496507,15.561306639056646,10.0,10.0,G
15642,-61.5422650910768,15.561485128271508,10.0,10.0,G
15643,-61.54205093906963,15.561258850011484,10.0,10.0,G
15644,-61.54220988018748,15.56131197169145,10.0,10.0,G
15645,-61.542098363113965,15.561463671970506,10.0,10.0,G
15646,-61.542240995145036,15.56128960482945,10.0,10.0,G
15647,-61.54219760078248,15.56124708879189,10.0,10.0,G
15648,-61.54232256534941,15.561286050840305,10.0,10.0,G
15649,-61.542185137443965,15.561347286931541,10.0,10.0,G
15650,-61.54219174339841,15.561340879007654,10.0,10.0,G
15651,-61.54223820373549,15.561233173797685,10.0,10.0,G
15652,-61.54228142362836,15.561364829474948,10.0,10.0,G
15653,-61.54220545713106,15.561336715646888,10.0,10.0,G
15654,-61.542239143754735,15.561347952919672,10.0,10.0,G
15655,-61.54213026549358,15.56126628911163,10.0,10.0,G
15656,-61.54221547406629,15.561305603944213,10.0,10.0,G
15657,-61.54221178609765,15.561171082581282,10.0,10.0,G
15658,-61.54219991287626,15.561294262025365,10.0,10.0,G
15659,-61.542263797099736,15.561233398509703,10.0,10.0,G
15660,-61.542167402264795,15.561334811209145,10.0,10.0,G
15661,-61.54223452559735,15.561320462294994,10.0,10.0,G
15662,-61.54221752535893,15.561324242133267,10.0,10.0,G
15663,-61.542247815616776,15.561210079891646,10.0,10.0,G
15664,-61.54232177348162,15.561151923398917,10.0,10.0,G
15665,-61.54211989858631,15.561424655492024,10.0,10.0,G
15666,-61.54223362932086,15.561312843294713,10.0,10.0,G
15667,-61.542267746748074,15.561357237748227,10.0,10.0,G
15668,-61.54217169648188,15.561226201678164,10.0,10.0,G
15669,-61.54222504456274,15.56124152387248,10.0,10.0,G
15670,-61.542290448383746,15.561291457228661,10.0,10.0,G
15671,-61.542206347897995,15.561343490336203,10.0,10.0,G
15672,-61.54223848313348,15.56128719900235,10.0,10.0,G
15673,-61.542255899629325,15.56127018063893,10.0,10.0,G
15674,-61.54210971219488,15.561378820057394,10.0,10.0,G
15675,-61.542257254868545,15.56131490215606,10.0,10.0,G
15676,-61.54225288220429,15.561355113772557,10.0,10.0,G
15677,-61.54215712040181,15.561287423009052,10.0,10.0,G
15678,-61.54225286490053,15.561286910605713,10.0,10.0,G
15679,-61.542220735657814,15.561333918968803,10.0,10.0,G
15680,-61.54216579221373,15.56129055907757,10.0,10.0,G
15681,-61.5422610651979,15.561100986644814,10.0,10.0,G
15682,-61.54234897153711,15.561337353406875,10.0,10.0,G
15683,-61.542283073046896,15.561360922322176,10.0,10.0,G
15684,-61.542288390804124,15.561322206151027,10.0,10.0,G
15685,-61.542344306848626,15.561313121844073,10.0,10.0,G
15686,-61.542377173000595,15.561167655921954,10.0,10.0,G
15687,-61.54223562696412,15.561150285982158,10.0,10.0,G
15688,-61.54225900757303,15.56128582138046,10.0,10.0,G
15689,-61.54218093155496,15.561268214134063,10.0,10.0,G
15690,-61.54227553034553,15.561249885864424,10.0,10.0,G
15691,-61.542220692187435,15.561313569046762,10.0,10.0,G
15692,-61.54228588742924,15.561290896163769,10.0,10.0,G
15693,-61.54225065054037,15.561321304960734,10.0,10.0,G
15694,-61.54230656416649,15.561287621561023,10.0,10.0,G
15695,-61.542222191342226,15.561160797228402,10.0,10.0,G
15696,-61.54237904667139,15.561236879685454,10.0,10.0,G
15697,-61.542301303224725,15.561382648148884,10.0,10.0,G
15698,-61.5423666920848,15.561318639840923,10.0,10.0,G
15699,-61.5423534600569,15.561334895900819,10.0,10.0,G
15700,-61.542301323809404,15.561361412260023,10.0,10.0,G
15701,-61.54231245671649,15.561305564004503,10.0,10.0,G
15702,-61.54227353479543,15.561221865504516,10.0,10.0,G
15703,-61.54230206724231,15.56128587124158,10.0,10.0,G
15704,-61.54224212283377,15.561261326144832,10.0,10.0,G
15705,-61.54232869065103,15.561280988400988,10.0,10.0,G
15706,-61.54230266550814,15.561229755813324,10.0,10.0,G
15707,-61.542343822633356,15.561295729004906,10.0,10.0,G
15708,-61.54242118068965,15.561245518985883,10.0,10.0,G
15709,-61.542241158853926,15.561266878810137,10.0,10.0,G
15710,-61.542360933410315,15.56131027017803,10.0,10.0,G
15711,-61.542338571030854,15.561277165511328,10.0,10.0,G
15712,-61.5423174586211,15.561323602431354,10.0,10.0,G
15713,-61.54222166908532,15.561282981451814,10.0,10.0,G
15714,-61.54228110782657,15.561306312299587,10.0,10.0,G
15715,-61.54221808874407,15.561292333429407,10.0,10.0,G
15716,-61.542336418615676,15.561352836797953,10.0,10.0,G
15717,-61.542337029909596,15.561310661842807,10.0,10.0,G
15718,-61.542366989897204,15.561249307471382,10.0,10.0,G
15719,-61.54242242447416,15.56133621913951,10.0,10.0,G
15720,-61.54235244824691,15.561283873016896,10.0,10.0,G
15721,-61.54235060148501,15.561272297158387,10.0,10.0,G
15722,-61.54240267066521,15.56115754571663,10.0,10.0,G
15723,-61.542337075603825,15.561291157109245,10.0,10.0,G
15724,-61.542344262937796,15.5612815972183,10.0,10.0,G
15725,-61.54232385599338,15.561297661919443,10.0,10.0,G
15726,-61.542349115685056,15.561260350181103,10.0,10.0,G
15727,-61.542487826939734,15.561211246911657,10.0,10.0,G
15728,-61.54244124494474,15.561187088082995,10.0,10.0,G
15729,-61.54241434415893,15.5613101208773,10.0,10.0,G
15730,-61.542350072266416,15.561297223691454,10.0,10.0,G
15731,-61.54243413338605,15.56130766069634,10.0,10.0,G
15732,-61.54243563164641,15.561192311288112,10.0,10.0,G
15733,-61.542355285787366,15.561378164281974,10.0,10.0,G
15734,-61.542346809008436,15.561267631821321,10.0,10.0,G
15735,-61.542372033791914,15.561311011050623,10.0,10.0,G
15736,-61.54238960951874,15.561257520947219,10.0,10.0,G
15737,-61.54225041171877,15.561295655468847,10.0,10.0,G
15738,-61.54239451559825,15.561321780621709,10.0,10.0,G
15739,-61.54230494407865,15.561284599533105,10.0,10.0,G
15740,-61.54243731320736,15.561211989008914,10.0,10.0,G
15741,-61.54231967474004,15.561243298211583,10.0,10.0,G
15742,-61.542372863760335,15.561282428279245,10.0,10.0,G
15743,-61.542434758679875,15.561256272452555,10.0,10.0,G
15744,-61.54240392071079,15.561257034130797,10.0,10.0,G
15745,-61.54238750928238,15.561241191047571,10.0,10.0,G
15746,-61.542312480988976,15.561279815640134,10.0,10.0,G
15747,-61.54236660448325,15.561321563848345,10.0,10.0,G
15748,-61.54234988775702,15.561253852777497,10.0,10.0,G
15749,-61.542291850435916,15.561226840862878,10.0,10.0,G
15750,-61.54238815754761,15.561313307150726,10.0,10.0,G
15751,-61.54237091025096,15.561241833309781,10.0,10.0,G
15752,-61.542362755389085,15.56138430392213,10.0,10.0,G
15753,-61.542348285961026,15.561401622521293,10.0,10.0,G
15754,-61.54234358276257,15.56125782804324,10.0,10.0,G
15755,-61.54242418182571,15.561301296688617,10.0,10.0,G
15756,-61.542331785541094,15.561335260493088,10.0,10.0,G
15757,-61.54241979050129,15.561302291558313,10.0,10.0,G
15758,-61.54231275184172,15.561359274622005,10.0,10.0,G
15759,-61.54252693150139,15.561138487156237,10.0,10.0,G
15760,-61.54242221475978,15.561219977162935,10.0,10.0,G
15761,-61.542426361796686,15.561266426379733,10.0,10.0,G
15762,-61.54241952497546,15.561268825374174,10.0,10.0,G
15763,-61.54236137267624,15.561322364223612,10.0,10.0,G
15764,-61.54249629833377,15.561142049779699,10.0,10.0,G
15765,-61.54240278230175,15.561304735387287,10.0,10.0,G
15766,-61.5424480620172,15.561238475374795,10.0,10.0,G
15767,-61.542411324482984,15.5612596304931,10.0,10.0,G
15768,-61.54248234709618,15.561458393845145,10.0,10.0,G
15769,-61.54244267568109,15.561254009735094,10.0,10.0,G
15770,-61.54245715826173,15.561263089768296,10.0,10.0,G
15771,-61.542439234377305,15.561278180938835,10.0,10.0,G
15772,-61.542424144955156,15.56128967285288,10.0,10.0,G
15773,-61.5424248086031,15.56128273555158,10.0,10.0,G
15774,-61.54245437800662,15.56116029260722,10.0,10.0,G
15775,-61.54245119488868,15.561308519065019,10.0,10.0,G
15776,-61.54245014637988,15.561305314145956,10.0,10.0,G
15777,-61.54244079168605,15.561301377029855,10.0,10.0,G
15778,-61.54249204597688,15.561237839517817,10.0,10.0,G
15779,-61.54243873911362,15.561262512528037,10.0,10.0,G
15780,-61.54241551738582,15.561212324970615,10.0,10.0,G
15781,-61.54243408492742,15.561208373043323,10.0,10.0,G
15782,-61.542386924966706,15.56126550687765,10.0,10.0,G
15783,-61.5424140418521,15.56127053059141,10.0,10.0,G
15784,-61.54247224120645,15.561302044028197,10.0,10.0,G
15785,-61.542498627504926,15.561288134026771,10.0,10.0,G
15786,-61.54243548197138,15.5612541454957,10.0,10.0,G
15787,-61.542486087501096,15.561227350653779,10.0,10.0,G
15788,-61.54249859279978,15.561241593285946,10.0,10.0,G
15789,-61.54247548855016,15.56125349772244,10.0,10.0,G
15790,-61.542465641160675,15.561194765706555,10.0,10.0,G
15791,-61.54248409812828,15.561227833352087,10.0,10.0,G
15792,-61.54244809227072,15.561271292278645,10.0,10.0,G
15793,-61.54251749599105,15.5612204772936,10.0,10.0,G
15794,-61.54251309643527,15.561315830663473,10.0,10.0,G
15795,-61.54243945021622,15.561230145327727,10.0,10.0,G
15796,-61.54255174267631,15.561221619321104,10.0,10.0,G
15797,-61.54251457379923,15.561273765190057,10.0,10.0,G
15798,-61.54248950066135,15.561238903825304,10.0,10.0,G
15799,-61.54249672207217,15.56129628287124,10.0,10.0,G
15800,-61.54230919883669,15.561304679985371,10.0,10.0,G
15801,-61.54253690983761,15.561311814903663,10.0,10.0,G
15802,-61.542464638291236,15.56127549346897,10.0,10.0,G
15803,-61.54257038521292,15.561124920206035,10.0,10.0,G
15804,-61.542501247418876,15.561307002327707,10.0,10.0,G
15805,-61.54250498832883,15.561202885674199,10.0,10.0,G
15806,-61.54251519561912,15.561282826738415,10.0,10.0,G
15807,-61.5424954129995,15.561286608190155,10.0,10.0,G
15808,-61.54252891568229,15.561275427352642,10.0,10.0,G
15809,-61.54250658331454,15.561264957240173,10.0,10.0,G
15810,-61.54250432467106,15.561249359545032,10.0,10.0,G
15811,-61.542532965813656,15.561239296135957,10.0,10.0,G
15812,-61.54260224548681,15.561278596593121,10.0,10.0,G
15813,-61.542542325724185,15.561227062570204,10.0,10.0,G
15814,-61.542536551481014,15.561299550756097,10.0,10.0,G
15815,-61.54253579909087,15.561269983877146,10.0,10.0,G
15816,-61.542532658957875,15.561242798295039,10.0,10.0,G
15817,-61.542515967756486,15.561172749686701,10.0,10.0,G
15818,-61.542530082078,15.561246941186605,10.0,10.0,G
15819,-61.542539321634976,15.561271380865625,10.0,10.0,G
15820,-61.54257198724023,15.561271808198587,10.0,10.0,G
15821,-61.54244340504857,15.561178563793629,10.0,10.0,G
15822,-61.542563372296435,15.561222658809342,10.0,10.0,G
15823,-61.54262414890765,15.56119701949874,10.0,10.0,G
15824,-61.5425935773486,15.561099316386487,10.0,10.0,G
15825,-61.5425438609569,15.561232325996341,10.0,10.0,G
15826,-61.542612704709946,15.561260775967186,10.0,10.0,G
15827,-61.54257942175092,15.561188243357819,10.0,10.0,G
15828,-61.54260871330164,15.5613215959162,10.0,10.0,G
15829,-61.5425935509158,15.56118066137297,10.0,10.0,G
15830,-61.54255906938675,15.561161545318848,10.0,10.0,G
15831,-61.542546859449445,15.561242633377951,10.0,10.0,G
15832,-61.54255729965339,15.561240833711112,10.0,10.0,G
15833,-61.542441627400095,15.56121646355299,10.0,10.0,G
15834,-61.542585765317696,15.561285408628049,10.0,10.0,G
15835,-61.542709759267616,15.561351266328426,10.0,10.0,G
15836,-61.54264728023681,15.56116238557729,10.0,10.0,G
15837,-61.54255602522996,15.561257892986074,10.0,10.0,G
15838,-61.54253009023913,15.561284586209105,10.0,10.0,G
15839,-61.54264462866359,15.561242941595465,10.0,10.0,G
15840,-61.542487680404875,15.561177224883231,10.0,10.0,G
15841,-61.54265834758221,15.561104480109742,10.0,10.0,G
15842,-61.542555548641914,15.561281535225584,10.0,10.0,G
15843,-61.54252636703031,15.560997226651368,10.0,10.0,G
15844,-61.54247437835068,15.561347290643436,10.0,10.0,G
15845,-61.542643323988095,15.561337555290045,10.0,10.0,G
15846,-61.542585680719334,15.561235679060784,10.0,10.0,G
15847,-61.54267249941258,15.561234022365669,10.0,10.0,G
15848,-61.54256578082893,15.561234446790486,10.0,10.0,G
15849,-61.542700295568416,15.561338267687795,10.0,10.0,G
15850,-61.542591661541664,15.561257250637322,10.0,10.0,G
15851,-61.54273039627994,15.561194297465674,10.0,10.0,G
15852,-61.54261817945834,15.561193884963497,10.0,10.0,G
15853,-61.54248598983123,15.561189640918052,10.0,10.0,G
15854,-61.54265304265221,15.561164738190847,10.0,10.0,G
15855,-61.54263304693839,15.561233880892466,10.0,10.0,G
15856,-61.542738645343064,15.56119884151931,10.0,10.0,G
15857,-61.54261453848518,15.561359720374705,10.0,10.0,G
15858,-61.542553340193194,15.561243878137734,10.0,10.0,G
15859,-61.54253084968614,15.561273460967179,10.0,10.0,G
15860,-61.54256560144509,15.561255340621885,10.0,10.0,G
15861,-61.54261807730123,15.561231673848278,10.0,10.0,G
15862,-61.542579371364766,15.561092160296102,10.0,10.0,G
15863,-61.542624066297144,15.561209291004179,10.0,10.0,G
15864,-61.5426782437169,15.561142241929605,10.0,10.0,G
15865,-61.542665517932285,15.561278638320266,10.0,10.0,G
15866,-61.54262895197325,15.561290988097518,10.0,10.0,G
15867,-61.54266486342049,15.56117456200164,10.0,10.0,G
15868,-61.54262771959271,15.561237426892763,10.0,10.0,G
15869,-61.54257193378639,15.56121969131106,10.0,10.0,G
15870,-61.54258829685806,15.56126522434733,10.0,10.0,G
15871,-61.542634741090836,15.561204589656144,10.0,10.0,G
15872,-61.54263043565067,15.561221141594018,10.0,10.0,G
15873,-61.54267594561811,15.56127653006582,10.0,10.0,G
15874,-61.54260607714828,15.56119147129302,10.0,10.0,G
15875,-61.54284158380549,15.561174572000203,10.0,10.0,G
15876,-61.54271697034055,15.561130000759576,10.0,10.0,G
15877,-61.54262233088908,15.561175946993512,10.0,10.0,G
15878,-61.54264745082545,15.561291334503089,10.0,10.0,G
15879,-61.54261175593272,15.56113169737983,10.0,10.0,G
15880,-61.542650512300035,15.56123210291221,10.0,10.0,G
15881,-61.54265319521808,15.561232935981218,10.0,10.0,G
15882,-61.54269156720369,15.561225645583876,10.0,10.0,G
15883,-61.542648172110795,15.56122752496341,10.0,10.0,G
15884,-61.542607676118905,15.56125261079584,10.0,10.0,G
15885,-61.54271944196353,15.561160058952884,10.0,10.0,G
15886,-61.542571024663516,15.561271256075257,10.0,10.0,G
15887,-61.542645064706974,15.561179410712022,10.0,10.0,G
15888,-61.542598397589025,15.56128736452042,10.0,10.0,G
15889,-61.5426638593981,15.561165409842129,10.0,10.0,G
15890,-61.54262589246826,15.561316517473225,10.0,10.0,G
15891,-61.54268607448193,15.56124569717571,10.0,10.0,G
15892,-61.5426974431251,15.5611839636374,10.0,10.0,G
15893,-61.542676523821235,15.561128007150895,10.0,10.0,G
15894,-61.54267064435684,15.561229762641815,10.0,10.0,G
15895,-61.54262488058136,15.561130347886067,10.0,10.0,G
15896,-61.54271815897454,15.561191820957985,10.0,10.0,G
15897,-61.54268665773172,15.56120495980456,10.0,10.0,G
15898,-61.54270698844102,15.561191266268835,10.0,10.0,G
15899,-61.54265440632962,15.561207240033953,10.0,10.0,G
15900,-61.542569368170994,15.561109257417387,10.0,10.0,G
15901,-61.542753123124925,15.561257802214257,10.0,10.0,G
15902,-61.54270613140959,15.561230272893608,10.0,10.0,G
15903,-61.54257379351726,15.561270246877452,10.0,10.0,G
15904,-61.54263198843133,15.561086314593762,10.0,10.0,G
15905,-61.542623504076914,15.561212336754666,10.0,10.0,G
15906,-61.54272564178885,15.561270277390845,10.0,10.0,G
15907,-61.542669340928974,15.561270661064695,10.0,10.0,G
15908,-61.542718338801066,15.561253948982023,10.0,10.0,G
15909,-61.542719715508376,15.561200108969004,10.0,10.0,G
15910,-61.542618196445,15.56108185965306,10.0,10.0,G
15911,-61.542785696566575,15.5611575556783,10.0,10.0,G
15912,-61.54278899731175,15.56117378888646,10.0,10.0,G
15913,-61.542744322489604,15.561192109293364,10.0,10.0,G
15914,-61.54262584115577,15.561174166726666,10.0,10.0,G
15915,-61.54273228306204,15.561290052657695,10.0,10.0,G
15916,-61.54262999877183,15.561153306569915,10.0,10.0,G
15917,-61.54285732084469,15.561226514982593,10.0,10.0,G
15918,-61.542754908398415,15.561188960991927,10.0,10.0,G
15919,-61.54272172534367,15.561226128748077,10.0,10.0,G
15920,-61.542825223221655,15.561267540722385,10.0,10.0,G
15921,-61.5428719699184,15.561053467297434,10.0,10.0,G
15922,-61.542763952166915,15.561169882723249,10.0,10.0,G
15923,-61.54266591199649,15.561187236194842,10.0,10.0,G
15924,-61.54279352466923,15.561362675101089,10.0,10.0,G
15925,-61.542729439336966,15.561263356029201,10.0,10.0,G
15926,-61.542687974194195,15.561156058464888,10.0,10.0,G
15927,-61.54270656535088,15.56111262662893,10.0,10.0,G
15928,-61.54279158993693,15.561221107920776,10.0,10.0,G
15929,-61.542714098868764,15.561179070283927,10.0,10.0,G
15930,-61.542688076123056,15.561281644869739,10.0,10.0,G
15931,-61.54275831418381,15.561216332307184,10.0,10.0,G
15932,-61.54265148242379,15.561134429580045,10.0,10.0,G
15933,-61.542698001668846,15.561211462091219,10.0,10.0,G
15934,-61.54278887112514,15.561233149882538,10.0,10.0,G
15935,-61.542793101568776,15.561218542710614,10.0,10.0,G
15936,-61.542781009800024,15.56108605622698,10.0,10.0,G
15937,-61.542737493956345,15.561170644908282,10.0,10.0,G
15938,-61.54292605975476,15.561210490809223,10.0,10.0,G
15939,-61.54274267409749,15.561191634769102,10.0,10.0,G
15940,-61.54278988111562,15.5612731065274,10.0,10.0,G
15941,-61.54273353359167,15.561178914044847,10.0,10.0,G
15942,-61.542758269624194,15.561195444254723,10.0,10.0,G
15943,-61.54276927943205,15.561201732065417,10.0,10.0,G
15944,-61.542828652975295,15.561398256568342,10.0,10.0,G
15945,-61.54285101650205,15.561193579380527,10.0,10.0,G
15946,-61.54275069516859,15.561152093333959,10.0,10.0,G
15947,-61.54277450409946,15.561293085495457,10.0,10.0,G
15948,-61.54281380636203,15.56106087984159,10.0,10.0,G
15949,-61.54282520951098,15.561169494008858,10.0,10.0,G
15950,-61.542874209824255,15.561225752377647,10.0,10.0,G
15951,-61.542902371648765,15.561139557896299,10.0,10.0,G
15952,-61.54286593307619,15.56113417563662,10.0,10.0,G
15953,-61.54283751710993,15.56132442520652,10.0,10.0,G
15954,-61.54279096192251,15.561195927688008,10.0,10.0,G
15955,-61.54278017428194,15.561290539195921,10.0,10.0,G
15956,-61.542750441191735,15.561169345811724,10.0,10.0,G
15957,-61.54287139876105,15.561256632731565,10.0,10.0,G
15958,-61.54283832592287,15.561085296163238,10.0,10.0,G
15959,-61.54286778974782,15.561136753874274,10.0,10.0,G
15960,-61.542830598408536,15.561271055563648,10.0,10.0,G
15961,-61.54279150616152,15.561251983369859,10.0,10.0,G
15962,-61.54281017628988,15.56117212805328,10.0,10.0,G
15963,-61.54291634033026,15.561266447605986,10.0,10.0,G
15964,-61.54268204185087,15.561181581957186,10.0,10.0,G
15965,-61.542824998457036,15.561157554446906,10.0,10.0,G
15966,-61.54281185280774,15.561081732225498,10.0,10.0,G
15967,-61.54286320507486,15.561351562805564,10.0,10.0,G
15968,-61.542802283180116,15.561180959161398,10.0,10.0,G
15969,-61.54281792628434,15.561215996637923,10.0,10.0,G
15970,-61.54280987256913,15.561141727214212,10.0,10.0,G
15971,-61.54279498902351,15.561262162573215,10.0,10.0,G
15972,-61.54292841560269,15.56119209371488,10.0,10.0,G
15973,-61.54274342198961,15.561175712248104,10.0,10.0,G
15974,-61.54282671996478,15.56126405637067,10.0,10.0,G
15975,-61.542883175110404,15.561102734758867,10.0,10.0,G
15976,-61.542830698081396,15.561298721995678,10.0,10.0,G
15977,-61.54284458867613,15.561226615763317,10.0,10.0,G
15978,-61.54283473782667,15.561172427834595,10.0,10.0,G
15979,-61.542704347840676,15.561005726332965,10.0,10.0,G
15980,-61.542945696647585,15.56105328514283,10.0,10.0,G
15981,-61.54292645151851,15.561183159548618,10.0,10.0,G
15982,-61.54277591869337,15.561128275635879,10.0,10.0,G
15983,-61.542920618321745,15.561174629868084,10.0,10.0,G
15984,-61.542844180876784,15.561062487016768,10.0,10.0,G
15985,-61.54280036680134,15.561204519326635,10.0,10.0,G
15986,-61.542879365794875,15.561215082076838,10.0,10.0,G
15987,-61.54278914372028,15.561199005467842,10.0,10.0,G
15988,-61.54284175218412,15.56121387960769,10.0,10.0,G
15989,-61.54284321795141,15.56111525043488,10.0,10.0,G
15990,-61.54299979548448,15.561289489110312,10.0,10.0,G
18675,-61.54725393193543,15.559371299165514,10.0,10.0,G
18676,-61.547291124710426,15.559458540042513,10.0,10.0,G
18677,-61.54721072565097,15.559399076051882,10.0,10.0,G
18678,-61.547231002068095,15.559266733433162,10.0,10.0,G
18679,-61.547272075182235,15.559395570968615,10.0,10.0,G
18680,-61.54737552708652,15.55942985079372,10.0,10.0,G
18681,-61.54730665957013,15.559399021331505,10.0,10.0,G
18682,-61.54744967233805,15.55946330309247,10.0,10.0,G
18683,-61.54725669780524,15.559429396829985,10.0,10.0,G
18684,-61.54730376741915,15.559378558679542,10.0,10.0,G
18685,-61.5473067072781,15.559377117906152,10.0,10.0,G
18686,-61.547367985184444,15.559428693324524,10.0,10.0,G
18687,-61.54736588891544,15.559444817487114,10.0,10.0,G
18688,-61.54732725923106,15.55936784641096,10.0,10.0,G
18689,-61.54734120715443,15.559320821164658,10.0,10.0,G
18690,-61.54729113516166,15.559304476823355,10.0,10.0,G
18691,-61.547407357529416,15.55938755231315,10.0,10.0,G
18692,-61.547463027456686,15.559363765935519,10.0,10.0,G
18693,-61.547311604408534,15.559373032154022,10.0,10.0,G
18694,-61.5473633300351,15.559358632525432,10.0,10.0,G
18695,-61.54738563499406,15.559371007477235,10.0,10.0,G
18696,-61.54733312107792,15.55935013388264,10.0,10.0,G
18697,-61.54734479724527,15.559302036549319,10.0,10.0,G
18698,-61.54727331532521,15.559294215713233,10.0,10.0,G
18699,-61.54735684268927,15.559346191887965,10.0,10.0,G
18700,-61.54734550998887,15.559368271730317,10.0,10.0,G
18701,-61.54715668901816,15.559293718256932,10.0,10.0,G
18702,-61.547340443033455,15.559392875451092,10.0,10.0,G
18703,-61.54735943116852,15.559531197604134,10.0,10.0,G
18704,-61.54731909959379,15.559375874863967,10.0,10.0,G
18705,-61.54731097332836,15.559356338089678,10.0,10.0,G
18706,-61.54734688992073,15.559347634649283,10.0,10.0,G
18707,-61.54724409204572,15.559395763881103,10.0,10.0,G
18708,-61.54736805422455,15.559357479363578,10.0,10.0,G
18709,-61.54735974024165,15.559383743730148,10.0,10.0,G
18710,-61.547262217594884,15.559700543082043,10.0,10.0,G
18711,-61.547370074030184,15.559395170097462,10.0,10.0,G
18712,-61.54726123276143,15.55933104572532,10.0,10.0,G
18713,-61.547337895297744,15.559493209696917,10.0,10.0,G
18714,-61.54721917439828,15.559308934928204,10.0,10.0,G
18715,-61.54735203785443,15.559346443922076,10.0,10.0,G
18716,-61.547334891807395,15.55932331455065,10.0,10.0,G
18717,-61.54735359814197,15.559371803508423,10.0,10.0,G
18718,-61.54728186600342,15.559354526527484,10.0,10.0,G
18719,-61.547394305304714,15.559436030289872,10.0,10.0,G
18720,-61.547307132663796,15.55930800858691,10.0,10.0,G
18721,-61.547388123057964,15.559382937456,10.0,10.0,G
18722,-61.54741669792612,15.559341619597895,10.0,10.0,G
18723,-61.54732613813817,15.559309453026891,10.0,10.0,G
18724,-61.5474974878596,15.559295362005903,10.0,10.0,G
18725,-61.54746874231775,15.559469823140159,10.0,10.0,G
18726,-61.54738670959662,15.559358694673671,10.0,10.0,G
18727,-61.54733708764523,15.559208245292183,10.0,10.0,G
18728,-61.547387846655184,15.559359822813391,10.0,10.0,G
18729,-61.54733928450292,15.559346484502246,10.0,10.0,G
18730,-61.54735138499531,15.559291545673185,10.0,10.0,G
18731,-61.547337121976874,15.559261831444864,10.0,10.0,G
18732,-61.54721624870254,15.559401454413203,10.0,10.0,G
18733,-61.54740281619244,15.559310642480535,10.0,10.0,G
18734,-61.54733846519751,15.559304796269874,10.0,10.0,G
18735,-61.547386961503385,15.559350196379263,10.0,10.0,G
18736,-61.547325139191756,15.559389773973361,10.0,10.0,G
18737,-61.547384470349826,15.55935070314979,10.0,10.0,G
18738,-61.54741237109771,15.559327187795402,10.0,10.0,G
18739,-61.54753724784373,15.559342694367514,10.0,10.0,G
18740,-61.54736113210164,15.559328648537145,10.0,10.0,G
18741,-61.54739992724388,15.559310596274917,10.0,10.0,G
18742,-61.54740257685411,15.559386268718448,10.0,10.0,G
18743,-61.54728243141239,15.559379167050412,10.0,10.0,G
18744,-61.54736666372812,15.559359391650993,10.0,10.0,G
18745,-61.54736393256612,15.559200889772262,10.0,10.0,G
18746,-61.547406447769305,15.559356879273425,10.0,10.0,G
18747,-61.5474593920363,15.559399019093927,10.0,10.0,G
18748,-61.54728704454694,15.559251786111313,10.0,10.0,G
18749,-61.54731767428555,15.559305596214458,10.0,10.0,G
18750,-61.547374026045674,15.559317431553794,10.0,10.0,G
18751,-61.54743688692959,15.559245293996513,10.0,10.0,G
18752,-61.547467271077394,15.559301470584943,10.0,10.0,G
18753,-61.547494391843706,15.559315203359159,10.0,10.0,G
18754,-61.54743034773307,15.559319422430487,10.0,10.0,G
18755,-61.54742409259494,15.55932102762366,10.0,10.0,G
18756,-61.547428240687495,15.559331270601763,10.0,10.0,G
18757,-61.547404009905954,15.559293735367653,10.0,10.0,G
18758,-61.547425991636366,15.559292522546993,10.0,10.0,G
18759,-61.54743906010523,15.559423012191955,10.0,10.0,G
18760,-61.5474378519589,15.559330100734668,10.0,10.0,G
18761,-61.54744406594061,15.559317475730962,10.0,10.0,G
18762,-61.54750288856725,15.559403086720517,10.0,10.0,G
18763,-61.54748207248513,15.559231888787831,10.0,10.0,G
18764,-61.54744594395906,15.55932323177166,10.0,10.0,G
18765,-61.547381930901516,15.55943542991046,10.0,10.0,G
18766,-61.5473671701498,15.55929088658774,10.0,10.0,G
18767,-61.54736447102173,15.559286903906408,10.0,10.0,G
18768,-61.54751054006419,15.55934928479173,10.0,10.0,G
18769,-61.5474532042119,15.55933477685742,10.0,10.0,G
18770,-61.547446466330385,15.559327428647766,10.0,10.0,G
18771,-61.54747069770322,15.5592297044934,10.0,10.0,G
18772,-61.547518533520844,15.559325888835389,10.0,10.0,G
18773,-61.54746790236291,15.55926102599599,10.0,10.0,G
18774,-61.547452267026145,15.559291890895087,10.0,10.0,G
18775,-61.547561989783034,15.559346242757266,10.0,10.0,G
18776,-61.547419228440766,15.559303890639008,10.0,10.0,G
18777,-61.54746175802619,15.559317483058564,10.0,10.0,G
18778,-61.547407928749465,15.559258786160875,10.0,10.0,G
18779,-61.54735979629711,15.559261464931671,10.0,10.0,G
18780,-61.547465085870776,15.559334311724545,10.0,10.0,G
18781,-61.54755280392542,15.559235259396813,10.0,10.0,G
18782,-61.54740781565056,15.55944240268791,10.0,10.0,G
18783,-61.54750066738937,15.559291451412825,10.0,10.0,G
18784,-61.54738839782828,15.559294457819746,10.0,10.0,G
18785,-61.54736773639877,15.5592060029798,10.0,10.0,G
18786,-61.54721793952295,15.559297111158207,10.0,10.0,G
18787,-61.547476802049076,15.559311090747393,10.0,10.0,G
18788,-61.54749145764439,15.559337502355204,10.0,10.0,G
18789,-61.547479493838914,15.559228772836487,10.0,10.0,G
18790,-61.54740727592339,15.55927678717609,10.0,10.0,G
18791,-61.54748033889985,15.559298946924228,10.0,10.0,G
18792,-61.54747619895932,15.559364600202553,10.0,10.0,G
18793,-61.547567709281864,15.559302666647827,10.0,10.0,G
18794,-61.54759183585665,15.55934034249473,10.0,10.0,G
18795,-61.547508404801086,15.559357618998984,10.0,10.0,G
18796,-61.54751818573384,15.559308313761884,10.0,10.0,G
18797,-61.54741156122397,15.559328401095541,10.0,10.0,G
18798,-61.5474588245051,15.55930932102956,10.0,10.0,G
18799,-61.54734731107454,15.55934618993837,10.0,10.0,G
18800,-61.547417228975576,15.559265563856854,10.0,10.0,G
18801,-61.54757215782847,15.559387761089464,10.0,10.0,G
18802,-61.5475406391244,15.559225973445038,10.0,10.0,G
18803,-61.54749001106053,15.559296871661548,10.0,10.0,G
18804,-61.54752959659757,15.55926130740258,10.0,10.0,G
18805,-61.547490658408314,15.559260992402729,10.0,10.0,G
18806,-61.54743758598345,15.55927419758702,10.0,10.0,G
18807,-61.54748336277797,15.559365969397522,10.0,10.0,G
18808,-61.54745699850658,15.559303809842328,10.0,10.0,G
18809,-61.54756083212155,15.55930255744733,10.0,10.0,G
18810,-61.54751867469767,15.559254663845874,10.0,10.0,G
18811,-61.547368263641104,15.559263992090838,10.0,10.0,G
18812,-61.54759226431339,15.559244106933063,10.0,10.0,G
18813,-61.54752292574467,15.559321157060369,10.0,10.0,G
18814,-61.54744776426575,15.559354309648969,10.0,10.0,G
18815,-61.547489352801065,15.559290679946251,10.0,10.0,G
18816,-61.54757735681516,15.559310365222837,10.0,10.0,G
18817,-61.54751657239399,15.559274935290267,10.0,10.0,G
18818,-61.54759854943565,15.559270568411065,10.0,10.0,G
18819,-61.54772322649234,15.559185773236608,10.0,10.0,G
18820,-61.54758076006212,15.559358271537851,10.0,10.0,G
18821,-61.54757299550606,15.55926915337885,10.0,10.0,G
18822,-61.5475604082132,15.559343219849325,10.0,10.0,G
18823,-61.54750660784942,15.559290744751758,10.0,10.0,G
18824,-61.54755635385027,15.559220876432112,10.0,10.0,G
18825,-61.54740373216066,15.55935058008861,10.0,10.0,G
18826,-61.54749468665705,15.559257279978683,10.0,10.0,G
18827,-61.54759654088895,15.559239361201803,10.0,10.0,G
18828,-61.547533050777794,15.559204428518546,10.0,10.0,G
18829,-61.54770728759383,15.559432909083611,10.0,10.0,G
18830,-61.54745409904211,15.559421637875756,10.0,10.0,G
18831,-61.54753931104725,15.559215124355129,10.0,10.0,G
18832,-61.54755240883316,15.559268035628543,10.0,10.0,G
18833,-61.54749794370798,15.5592479476956,10.0,10.0,G
18834,-61.547405026908876,15.559150281598077,10.0,10.0,G
18835,-61.54753293208944,15.559298784478141,10.0,10.0,G
18836,-61.54757715133727,15.55927581347851,10.0,10.0,G
18837,-61.547671618143674,15.559294996567994,10.0,10.0,G
18838,-61.547483684395985,15.559308768043142,10.0,10.0,G
18839,-61.547583967623694,15.559332906392594,10.0,10.0,G
18840,-61.54735339564697,15.559033807300489,10.0,10.0,G
18841,-61.547565930847426,15.559269908615143,10.0,10.0,G
18842,-61.54751586823419,15.559321143317936,10.0,10.0,G
18843,-61.54757114138201,15.559274134234563,10.0,10.0,G
18844,-61.54768360628204,15.559333471560054,10.0,10.0,G
18845,-61.54755303724852,15.559400376292235,10.0,10.0,G
18846,-61.547606710188774,15.559241932118479,10.0,10.0,G
18847,-61.54757016433979,15.559320334274641,10.0,10.0,G
18848,-61.54768175817712,15.559174204960108,10.0,10.0,G
18849,-61.547578844786855,15.559282728920193,10.0,10.0,G
18850,-61.547517366571334,15.559275627813307,10.0,10.0,G
18851,-61.54760586314307,15.559215308603743,10.0,10.0,G
18852,-61.54764817635959,15.559322379325806,10.0,10.0,G
18853,-61.547693414293825,15.559304332217039,10.0,10.0,G
18854,-61.5476444780065,15.559252144245546,10.0,10.0,G
18855,-61.54767430438062,15.559275662841973,10.0,10.0,G
18856,-61.54745698760438,15.559267552708182,10.0,10.0,G
18857,-61.547536332076774,15.55928367913875,10.0,10.0,G
18858,-61.54757264409583,15.559266550579107,10.0,10.0,G
18859,-61.547560348936926,15.559239882194365,10.0,10.0,G
18860,-61.54774035468917,15.559220690688724,10.0,10.0,G
18861,-61.547544928067666,15.559197519348135,10.0,10.0,G
18862,-61.547528423219546,15.559284570246119,10.0,10.0,G
18863,-61.54756333145377,15.559275124739107,10.0,10.0,G
18864,-61.54764597286233,15.559199716153831,10.0,10.0,G
18865,-61.54756913218915,15.559246806561935,10.0,10.0,G
18866,-61.54757628929017,15.559285790285506,10.0,10.0,G
18867,-61.547614327809356,15.559193742601712,10.0,10.0,G
18868,-61.54750437141579,15.559112437850182,10.0,10.0,G
18869,-61.54761213475219,15.559149258483602,10.0,10.0,G
18870,-61.54761716935316,15.559258788554114,10.0,10.0,G
18871,-61.54773507712703,15.55915950289019,10.0,10.0,G
18872,-61.547628550271654,15.55927014700297,10.0,10.0,G
18873,-61.54762615167412,15.559257367993506,10.0,10.0,G
18874,-61.54763715514648,15.559166632434737,10.0,10.0,G
18875,-61.54754615328883,15.559257670312853,10.0,10.0,G
18876,-61.54768258526097,15.559140709491233,10.0,10.0,G
18877,-61.547613648213044,15.559247703227163,10.0,10.0,G
18878,-61.54764408518644,15.559288145294664,10.0,10.0,G
18879,-61.54767656972783,15.559243704676662,10.0,10.0,G
18880,-61.54759833831319,15.559352373666083,10.0,10.0,G
18881,-61.547628084962845,15.559243692136425,10.0,10.0,G
18882,-61.547705770993694,15.559263936923413,10.0,10.0,G
18883,-61.5475917747362,15.559006189031074,10.0,10.0,G
18884,-61.54771810295274,15.5593120632135,10.0,10.0,G
18885,-61.54758692586957,15.559201439916809,10.0,10.0,G
18886,-61.547640787498125,15.559240997671237,10.0,10.0,G
18887,-61.547644004322805,15.559252913341211,10.0,10.0,G
18888,-61.547634183593075,15.559211128767659,10.0,10.0,G
18889,-61.54762335242448,15.559213510515912,10.0,10.0,G
18890,-61.547636656639426,15.559255996904447,10.0,10.0,G
18891,-61.547709326384194,15.559246412413325,10.0,10.0,G
18892,-61.54766026740197,15.55933254193364,10.0,10.0,G
18893,-61.54775238160401,15.559250883252217,10.0,10.0,G
18894,-61.547626534701955,15.559340984280066,10.0,10.0,G
18895,-61.54769889042309,15.559255539709952,10.0,10.0,G
18896,-61.547660827140376,15.559208540385846,10.0,10.0,G
18897,-61.54761891863425,15.559262257793161,10.0,10.0,G
18898,-61.54753272581512,15.559255948355078,10.0,10.0,G
18899,-61.54758800482265,15.559167477027636,10.0,10.0,G
18900,-61.54764325756916,15.559365465534341,10.0,10.0,G
18901,-61.54766326242674,15.559220205569325,10.0,10.0,G
18902,-61.54781267988735,15.559284342920039,10.0,10.0,G
18903,-61.547665532036326,15.55934146222932,10.0,10.0,G
18904,-61.54763640277701,15.55930757555713,10.0,10.0,G
18905,-61.547706773445235,15.559373468203937,10.0,10.0,G
18906,-61.54757411762126,15.559374366782448,10.0,10.0,G
18907,-61.54770677888285,15.559316407516238,10.0,10.0,G
18908,-61.547782146239115,15.559197976626109,10.0,10.0,G
18909,-61.54767367184922,15.559172387774888,10.0,10.0,G
18910,-61.547875460666596,15.559127992703772,10.0,10.0,G
18911,-61.54771324389727,15.55915296759127,10.0,10.0,G
18912,-61.54772293464883,15.559256595628307,10.0,10.0,G
18913,-61.547791548952844,15.559023351806093,10.0,10.0,G
18914,-61.54768714427454,15.559176625627641,10.0,10.0,G
18915,-61.54778831808242,15.559051117882625,10.0,10.0,G
18916,-61.54754101527954,15.55914467589641,10.0,10.0,G
18917,-61.54782137598342,15.559104819341634,10.0,10.0,G
18918,-61.547599053615656,15.559253701430713,10.0,10.0,G
18919,-61.5477150440569,15.559233023386524,10.0,10.0,G
18920,-61.54770103463192,15.559245361656965,10.0,10.0,G
18921,-61.54769933416828,15.559221474408163,10.0,10.0,G
18922,-61.54776890363098,15.559205137452555,10.0,10.0,G
18923,-61.54770993210677,15.559089371709852,10.0,10.0,G
18924,-61.54759002143731,15.559118218011175,10.0,10.0,G
18925,-61.54767353714726,15.55923199683463,10.0,10.0,G
18926,-61.5477492353128,15.559190260586591,10.0,10.0,G
18927,-61.54765655736056,15.559269896228113,10.0,10.0,G
18928,-61.54759430129262,15.559226898182912,10.0,10.0,G
18929,-61.547792021896576,15.559171522750901,10.0,10.0,G
18930,-61.54776436122281,15.559146037815704,10.0,10.0,G
18931,-61.5477096377851,15.559251702178711,10.0,10.0,G
18932,-61.54771863726998,15.559240534077807,10.0,10.0,G
18933,-61.547666745722395,15.559240884241328,10.0,10.0,G
18934,-61.54769956865919,15.559262367094524,10.0,10.0,G
18935,-61.547687190292834,15.559186241848003,10.0,10.0,G
18936,-61.54771513607096,15.559172112570222,10.0,10.0,G
18937,-61.54772965984637,15.559217955546572,10.0,10.0,G
18938,-61.5476695040702,15.559279497707768,10.0,10.0,G
18939,-61.547697007800814,15.55905275126517,10.0,10.0,G
18940,-61.54769422745861,15.559168957377958,10.0,10.0,G
18941,-61.54772552284752,15.559035101696095,10.0,10.0,G
18942,-61.547631637049015,15.559313770798639,10.0,10.0,G
18943,-61.547988525809785,15.559139157733977,10.0,10.0,G
18944,-61.54777761371376,15.559184629928616,10.0,10.0,G
18945,-61.54775587820947,15.559219606151196,10.0,10.0,G
18946,-61.54773762490591,15.559256677198778,10.0,10.0,G
18947,-61.54771914726904,15.55922453809131,10.0,10.0,G
18948,-61.54770821263512,15.558989148512733,10.0,10.0,G
18949,-61.547744006944555,15.559211379731595,10.0,10.0,G
18950,-61.547757247819746,15.559229676648357,10.0,10.0,G
18951,-61.54776028109872,15.559212753956288,10.0,10.0,G
18952,-61.54761912831613,15.55930095695477,10.0,10.0,G
18953,-61.54786465288534,15.559148958315035,10.0,10.0,G
18954,-61.547703712929774,15.55919851220792,10.0,10.0,G
18955,-61.5477455280862,15.559172739709409,10.0,10.0,G
18956,-61.5477935470802,15.559181338574247,10.0,10.0,G
18957,-61.547658355819976,15.559244689620222,10.0,10.0,G
18958,-61.54776153712185,15.559201023152502,10.0,10.0,G
18959,-61.54786359613606,15.559211260430299,10.0,10.0,G
18960,-61.547733816040605,15.559154834558523,10.0,10.0,G
18961,-61.54775536660282,15.559190278624133,10.0,10.0,G
18962,-61.54773343606807,15.559121374641546,10.0,10.0,G
18963,-61.54775345072879,15.559120574322243,10.0,10.0,G
18964,-61.54787436875124,15.559135647428263,10.0,10.0,G
18965,-61.5478106503037,15.559190544465674,10.0,10.0,G
18966,-61.54779756252296,15.559176336328065,10.0,10.0,G
18967,-61.54777819999755,15.559200473624763,10.0,10.0,G
18968,-61.54780931559586,15.559181160220714,10.0,10.0,G
18969,-61.547893005801626,15.559274419676239,10.0,10.0,G
18970,-61.54782566723177,15.559256699978082,10.0,10.0,G
18971,-61.547681999032896,15.559153006191595,10.0,10.0,G
18972,-61.547847083102816,15.559164789247419,10.0,10.0,G
18973,-61.547669783783284,15.559159289078323,10.0,10.0,G
18974,-61.54779216974975,15.559183954372743,10.0,10.0,G
18975,-61.54781652489894,15.559210702613449,10.0,10.0,G
18976,-61.54778512102596,15.559186529596396,10.0,10.0,G
18977,-61.547818917964534,15.559276466733756,10.0,10.0,G
18978,-61.54781417259031,15.559173185698338,10.0,10.0,G
18979,-61.54786434676658,15.559050367366408,10.0,10.0,G
18980,-61.5478029439023,15.55914284796803,10.0,10.0,G
18981,-61.547856964357145,15.55910243780564,10.0,10.0,G
18982,-61.54777275749021,15.559182245375318,10.0,10.0,G
18983,-61.54780269915936,15.559076919218027,10.0,10.0,G
18984,-61.54779232840342,15.559158980716736,10.0,10.0,G
18985,-61.547815782362825,15.559224089348202,10.0,10.0,G
18986,-61.547833955906654,15.559247791477933,10.0,10.0,G
18987,-61.547827278086444,15.559166922713553,10.0,10.0,G
18988,-61.54784983286149,15.559167987988344,10.0,10.0,G
18989,-61.547850494436844,15.55916233188241,10.0,10.0,G
18990,-61.547869492625274,15.55920987849543,10.0,10.0,G
18991,-61.54791985678375,15.559092405635003,10.0,10.0,G
18992,-61.547822237700515,15.559177722298035,10.0,10.0,G
18993,-61.54775760978341,15.559072152437329,10.0,10.0,G
18994,-61.54780948417246,15.5591940176794,10.0,10.0,G
18995,-61.54779201989427,15.559199532504227,10.0,10.0,G
18996,-61.54785998037215,15.559018287690467,10.0,10.0,G
18997,-61.54782563644555,15.55918215473941,10.0,10.0,G
18998,-61.5476844108277,15.559281710501597,10.0,10.0,G
18999,-61.547872598436015,15.559170020320847,10.0,10.0,G
19000,-61.54782587752787,15.5591384153251,10.0,10.0,G
19001,-61.54792139154249,15.559189074996075,10.0,10.0,G
19002,-61.54788810257129,15.559187500993518,10.0,10.0,G
19003,-61.547831512916886,15.55917198342949,10.0,10.0,G
19004,-61.547763392787935,15.559170555821023,10.0,10.0,G
19005,-61.54786070939853,15.559176514411382,10.0,10.0,G
19006,-61.54784029347724,15.559162357845311,10.0,10.0,G
19007,-61.547829839523686,15.559173249670742,10.0,10.0,G
19008,-61.54787297087368,15.559090906063359,10.0,10.0,G
19009,-61.54805508940283,15.558950546870403,10.0,10.0,G
19010,-61.54782572105879,15.559262865020973,10.0,10.0,G
19011,-61.54780104297175,15.559197239730784,10.0,10.0,G
19012,-61.54789772237347,15.559128552883331,10.0,10.0,G
19013,-61.54777187639086,15.559265687069905,10.0,10.0,G
19014,-61.54786254316886,15.559227144196642,10.0,10.0,G
19015,-61.54776368547266,15.55916080730576,10.0,10.0,G
19016,-61.54793512247728,15.559017084785483,10.0,10.0,G
19017,-61.547803162225584,15.558987865593432,10.0,10.0,G
19018,-61.54795388038699,15.559170449842878,10.0,10.0,G
19019,-61.547885612080044,15.559003764937946,10.0,10.0,G
19020,-61.54785863574829,15.559134234979963,10.0,10.0,G
19021,-61.54783359137683,15.559153214894879,10.0,10.0,G
19022,-61.5478848668731,15.55930213515056,10.0,10.0,G
19023,-61.5478335939305,15.559190039825422,10.0,10.0,G
19024,-61.54787582598841,15.559153368707486,10.0,10.0,G
19025,-61.54782095254921,15.559154468631291,10.0,10.0,G
19026,-61.54781851187828,15.559134409885852,10.0,10.0,G
19027,-61.547909803075314,15.559166934092676,10.0,10.0,G
19028,-61.547893946007115,15.559283634253932,10.0,10.0,G
19029,-61.54778617504388,15.559248584433128,10.0,10.0,G
19030,-61.54782272885904,15.559090135700002,10.0,10.0,G
19031,-61.547834185093976,15.559077006650796,10.0,10.0,G
19032,-61.54788381490335,15.559083947709231,10.0,10.0,G
19033,-61.547921736419696,15.559208442697711,10.0,10.0,G
19034,-61.54791579420882,15.559175045439408,10.0,10.0,G
19035,-61.54789100754792,15.55917536363178,10.0,10.0,G
19036,-61.547891472391356,15.559140488120562,10.0,10.0,G
19037,-61.54798059085519,15.559196264155064,10.0,10.0,G
19038,-61.547882912334046,15.559176073383654,10.0,10.0,G
19039,-61.54795317407824,15.559141054546716,10.0,10.0,G
19040,-61.547923222601725,15.559152707352377,10.0,10.0,G
19041,-61.547842158709486,15.55911477769156,10.0,10.0,G
19042,-61.54794314458086,15.559215136123811,10.0,10.0,G
19043,-61.54789880155288,15.559129245458044,10.0,10.0,G
19044,-61.547914508994914,15.559140475332102,10.0,10.0,G
19045,-61.54792719287283,15.559072364069754,10.0,10.0,G
19046,-61.54797535687347,15.55921899851396,10.0,10.0,G
19047,-61.54791793555862,15.559109020300946,10.0,10.0,G
19048,-61.547899823858856,15.559162509430703,10.0,10.0,G
19049,-61.54788107104715,15.559209630126297,10.0,10.0,G
19050,-61.54796218812531,15.559160749624285,10.0,10.0,G
19051,-61.547850668287246,15.55919852947609,10.0,10.0,G
19052,-61.547964360044325,15.559125130066331,10.0,10.0,G
19053,-61.5479331514714,15.559113907513872,10.0,10.0,G
19054,-61.547917984785464,15.559104763331142,10.0,10.0,G
19055,-61.54799428741172,15.559068359950952,10.0,10.0,G
19056,-61.54790558890919,15.559111745506682,10.0,10.0,G
19057,-61.547916861221104,15.55914698287105,10.0,10.0,G
19058,-61.547832436958416,15.559115268356157,10.0,10.0,G
19059,-61.54794961124355,15.559124113588213,10.0,10.0,G
19060,-61.54794765128867,15.55914660675929,10.0,10.0,G
19061,-61.5479674518545,15.559120467241563,10.0,10.0,G
19062,-61.5480038805764,15.55931284894095,10.0,10.0,G
19063,-61.547917259690564,15.559158197614666,10.0,10.0,G
19064,-61.547907383471276,15.559225750757319,10.0,10.0,G
19065,-61.54794761992138,15.55907357951953,10.0,10.0,G
19066,-61.54795006550061,15.559117301174098,10.0,10.0,G
19067,-61.54794253152359,15.559127834910118,10.0,10.0,G
19068,-61.54794829425589,15.559101728352791,10.0,10.0,G
19069,-61.547987326043085,15.559172584425772,10.0,10.0,G
19070,-61.54787827174474,15.559116223644232,10.0,10.0,G
19071,-61.54794661572272,15.55895092085762,10.0,10.0,G
19072,-61.54803641002289,15.559085087012818,10.0,10.0,G
19073,-61.547959432793675,15.559266671942241,10.0,10.0,G
19074,-61.54790371255875,15.559075242236133,10.0,10.0,G
19075,-61.54782083232677,15.559338596647816,10.0,10.0,G
19076,-61.548010244211696,15.559169599130495,10.0,10.0,G
19077,-61.54802158384087,15.55881703038248,10.0,10.0,G
19078,-61.54799055304284,15.559070415592288,10.0,10.0,G
19079,-61.54785555370148,15.559254993106885,10.0,10.0,G
19080,-61.54797909111009,15.559143060780528,10.0,10.0,G
19081,-61.547920724345914,15.559130175229075,10.0,10.0,G
19082,-61.547871786665276,15.559085185047582,10.0,10.0,G
19083,-61.547925109983034,15.55910230716831,10.0,10.0,G
19084,-61.54794614035594,15.559123563442142,10.0,10.0,G
19085,-61.5481155385248,15.55920796650778,10.0,10.0,G
19086,-61.54803002597565,15.559168166468627,10.0,10.0,G
19087,-61.54795992038347,15.559029522779031,10.0,10.0,G
19088,-61.548023030766295,15.559145841688164,10.0,10.0,G
19089,-61.54799190869063,15.5591372934872,10.0,10.0,G
19090,-61.547982150712336,15.559150893034362,10.0,10.0,G
19091,-61.54801270233723,15.559080121797535,10.0,10.0,G
19092,-61.54806989644696,15.55915863722744,10.0,10.0,G
19093,-61.54779321521908,15.559115977280474,10.0,10.0,G
19094,-61.54785354672321,15.559066496853324,10.0,10.0,G
19095,-61.54793280698367,15.559005669229743,10.0,10.0,G
19096,-61.54797925343908,15.559114320302276,10.0,10.0,G
19097,-61.547993983438836,15.559155899845445,10.0,10.0,G
19098,-61.54794971880592,15.559196709674266,10.0,10.0,G
19099,-61.547912884617354,15.559139071938741,10.0,10.0,G
19100,-61.54799589145811,15.559010628547046,10.0,10.0,G
19101,-61.54795716276649,15.559014247618832,10.0,10.0,G
19102,-61.54803844737549,15.559039315581535,10.0,10.0,G
19103,-61.548024856687206,15.559134190202899,10.0,10.0,G
19104,-61.54803108557409,15.559134789255102,10.0,10.0,G
19105,-61.54796865141506,15.559046381474671,10.0,10.0,G
19106,-61.547987361795236,15.559104109734696,10.0,10.0,G
19107,-61.54797414409594,15.559150739854044,10.0,10.0,G
19108,-61.54798443313713,15.559168801287504,10.0,10.0,G
19109,-61.548012519861715,15.55910221378771,10.0,10.0,G
19110,-61.54799688110752,15.559097354672653,10.0,10.0,G
19111,-61.548050379558354,15.559092315430306,10.0,10.0,G
19112,-61.5479489393639,15.55917434662237,10.0,10.0,G
19113,-61.54802922209336,15.559092057972654,10.0,10.0,G
19114,-61.54806033833897,15.55912767041131,10.0,10.0,G
19115,-61.54798386579983,15.559094235663222,10.0,10.0,G
19116,-61.54794318811391,15.55905735744807,10.0,10.0,G
19117,-61.548135816350474,15.559129554574303,10.0,10.0,G
19118,-61.54803008247817,15.559094687003576,10.0,10.0,G
19119,-61.5480473402012,15.559226814272721,10.0,10.0,G
19120,-61.54805917372826,15.559086845605748,10.0,10.0,G
19121,-61.54790967437075,15.559013553342572,10.0,10.0,G
19122,-61.5480533169824,15.559118528930611,10.0,10.0,G
19123,-61.54800912575423,15.559070064057105,10.0,10.0,G
19124,-61.54801607785832,15.559062734517745,10.0,10.0,G
19125,-61.54783541035776,15.55910431374766,10.0,10.0,G
19126,-61.548028449447415,15.55909301318964,10.0,10.0,G
19127,-61.54801035278026,15.559030339402886,10.0,10.0,G
19128,-61.548025391183096,15.559129872462849,10.0,10.0,G
19129,-61.54805025014426,15.559092548443726,10.0,10.0,G
19130,-61.54804522294587,15.559074130686506,10.0,10.0,G
19131,-61.548043872660585,15.55908708743004,10.0,10.0,G
19132,-61.54795555800587,15.558904234353685,10.0,10.0,G
19133,-61.5480576094614,15.55908487738837,10.0,10.0,G
19134,-61.54804337690158,15.559072251828875,10.0,10.0,G
19135,-61.54813692947042,15.559181523372635,10.0,10.0,G
19136,-61.54811222047104,15.559047374163862,10.0,10.0,G
19137,-61.548058036327305,15.559085166393693,10.0,10.0,G
19138,-61.548019011039436,15.558913664330758,10.0,10.0,G
19139,-61.54807585184054,15.559132722309243,10.0,10.0,G
19140,-61.54806405814123,15.559066015271336,10.0,10.0,G
19141,-61.548118940913156,15.559125865314702,10.0,10.0,G
19142,-61.548062376024255,15.559055335014484,10.0,10.0,G
19143,-61.54807552279823,15.559066410660535,10.0,10.0,G
19144,-61.548143854429725,15.559070748054785,10.0,10.0,G
19145,-61.54803837993255,15.55915053600816,10.0,10.0,G
19146,-61.54809122949865,15.559072792740334,10.0,10.0,G
19147,-61.548063095320956,15.559147536982717,10.0,10.0,G
19148,-61.54805995697332,15.558913192497034,10.0,10.0,G
19149,-61.54805919945956,15.55908226481224,10.0,10.0,G
19150,-61.54820855912816,15.559070780651608,10.0,10.0,G
19151,-61.54807337350089,15.559204807483502,10.0,10.0,G
19152,-61.54806046196289,15.559026999409584,10.0,10.0,G
19153,-61.548159756224614,15.559124790561626,10.0,10.0,G
19154,-61.54807563982626,15.559101220032018,10.0,10.0,G
19155,-61.54797896448577,15.558911951996702,10.0,10.0,G
19156,-61.54810396668477,15.558968031097315,10.0,10.0,G
19157,-61.54817339585662,15.559175910592606,10.0,10.0,G
19158,-61.54809525706421,15.559068717938546,10.0,10.0,G
19159,-61.548080659457796,15.559030143189744,10.0,10.0,G
19160,-61.54809350658763,15.559077677482415,10.0,10.0,G
19161,-61.54836060998202,15.559017640684411,10.0,10.0,G
19162,-61.548128456456745,15.55906227157434,10.0,10.0,G
19163,-61.54808495956887,15.559062552374096,10.0,10.0,G
19164,-61.548177696007336,15.559145034507479,10.0,10.0,G
19165,-61.548141508325855,15.559038533528756,10.0,10.0,G
19166,-61.54816595895505,15.559260817125338,10.0,10.0,G
19167,-61.54826000761129,15.559176890825032,10.0,10.0,G
19168,-61.54812983340798,15.559041700965249,10.0,10.0,G
19169,-61.54810938109864,15.55903993930097,10.0,10.0,G
19170,-61.54823282952124,15.55911653043381,10.0,10.0,G
19171,-61.54809315560306,15.559033566388218,10.0,10.0,G
19172,-61.548159985341535,15.559016085501103,10.0,10.0,G
19173,-61.54812317581198,15.559092057071627,10.0,10.0,G
19174,-61.548215204030235,15.559028491491215,10.0,10.0,G
19175,-61.54819051385495,15.55898504584821,10.0,10.0,G
19176,-61.54818132028092,15.5590991016474,10.0,10.0,G
19177,-61.54809294963573,15.559119820922001,10.0,10.0,G
19178,-61.54808464950136,15.559129872714752,10.0,10.0,G
19179,-61.548264539993525,15.559049152087193,10.0,10.0,G
19180,-61.548111379291264,15.559059135718906,10.0,10.0,G
19181,-61.548181021177975,15.559202313554136,10.0,10.0,G
19182,-61.54805328288149,15.559037994746474,10.0,10.0,G
19183,-61.548038315119726,15.559093993538978,10.0,10.0,G
19184,-61.54824856519497,15.55895113510518,10.0,10.0,G
19185,-61.548271042306396,15.559043186784216,10.0,10.0,G
19186,-61.548158299584706,15.558975671648948,10.0,10.0,G
19187,-61.54811248088654,15.558980271696672,10.0,10.0,G
19188,-61.54807867963756,15.559108469133653,10.0,10.0,G
19189,-61.54814367224093,15.559073793920865,10.0,10.0,G
19190,-61.54826777943012,15.558833462270618,10.0,10.0,G
19191,-61.548185108425585,15.559148731999999,10.0,10.0,G
19192,-61.548087709171035,15.55906245051422,10.0,10.0,G
19193,-61.54810414096057,15.559050114903949,10.0,10.0,G
19194,-61.5481992311533,15.55891589850518,10.0,10.0,G
19195,-61.548140163693986,15.559050767539714,10.0,10.0,G
19196,-61.548117318185824,15.558935791320792,10.0,10.0,G
19197,-61.54823511337228,15.558945563637762,10.0,10.0,G
19198,-61.548089990941904,15.55891236412287,10.0,10.0,G
19199,-61.54832185486568,15.559087677617205,10.0,10.0,G
19200,-61.5481600015683,15.55907602689368,10.0,10.0,G
19201,-61.548167393721066,15.558974664956386,10.0,10.0,G
19202,-61.54817651586479,15.559029168797249,10.0,10.0,G
19203,-61.54819922851006,15.55906425820206,10.0,10.0,G
19204,-61.54812722602837,15.559101439021642,10.0,10.0,G
19205,-61.54819501751844,15.559012392262304,10.0,10.0,G
19206,-61.548121017662126,15.559097592600999,10.0,10.0,G
19207,-61.548186911006724,15.55894954573605,10.0,10.0,G
19208,-61.548128154746806,15.558994782816983,10.0,10.0,G
19209,-61.54801306120204,15.559009512975255,10.0,10.0,G
19210,-61.548163194635336,15.55901821385204,10.0,10.0,G
19211,-61.54820877118736,15.558985030427692,10.0,10.0,G
19212,-61.548194765764585,15.558985127209375,10.0,10.0,G
19213,-61.5481291849495,15.55913923352248,10.0,10.0,G
19214,-61.548206943797595,15.559030414135435,10.0,10.0,G
19215,-61.54821585325174,15.559019925119925,10.0,10.0,G
19216,-61.548137816518924,15.55904458388587,10.0,10.0,G
19217,-61.548166511949596,15.559027481999532,10.0,10.0,G
19218,-61.54813132542025,15.559097929895541,10.0,10.0,G
19219,-61.54820777209688,15.558902563333032,10.0,10.0,G
19220,-61.5483037730953,15.559071458102036,10.0,10.0,G
19221,-61.54817876336003,15.559009734655524,10.0,10.0,G
19222,-61.548149243266295,15.559007493345106,10.0,10.0,G
19223,-61.548181293961605,15.559042173655957,10.0,10.0,G
19224,-61.54821066515079,15.559031187594153,10.0,10.0,G
19225,-61.54820908150936,15.559031461794342,10.0,10.0,G
19226,-61.54816126683858,15.559139406703936,10.0,10.0,G
19227,-61.54821820575503,15.55906647578432,10.0,10.0,G
19228,-61.54836683200661,15.559024032674584,10.0,10.0,G
19229,-61.54827368762617,15.559010348763167,10.0,10.0,G
19230,-61.54819597720099,15.559055794522934,10.0,10.0,G
19231,-61.5482046413301,15.559047285157012,10.0,10.0,G
19232,-61.54821583084266,15.558975074709533,10.0,10.0,G
19233,-61.54811130820435,15.559000451718566,10.0,10.0,G
19234,-61.548127252398004,15.559047597060607,10.0,10.0,G
19235,-61.548251082695316,15.558990663315875,10.0,10.0,G
19236,-61.54815548859586,15.558974200355726,10.0,10.0,G
19237,-61.548215608358745,15.558951478662541,10.0,10.0,G
19238,-61.54828820546421,15.55923722838652,10.0,10.0,G
19239,-61.54824217083226,15.559076592932458,10.0,10.0,G
19240,-61.548194218998916,15.559034145581025,10.0,10.0,G
19241,-61.548253530845024,15.559010829808456,10.0,10.0,G
19242,-61.54834220982057,15.558977557869126,10.0,10.0,G
19243,-61.54824173041447,15.55902689031304,10.0,10.0,G
19244,-61.5483238078726,15.559130505717281,10.0,10.0,G
19245,-61.548180119350704,15.55903041693576,10.0,10.0,G
19246,-61.54827933488534,15.559036021063202,10.0,10.0,G
19247,-61.54822519290856,15.559039218713194,10.0,10.0,G
19248,-61.548193572949195,15.55893249093907,10.0,10.0,G
19249,-61.54820245007244,15.559082519613225,10.0,10.0,G
19250,-61.54824713514008,15.55900529015084,10.0,10.0,G
19251,-61.54826745241528,15.558915050275568,10.0,10.0,G
19252,-61.54835761568845,15.559155034961071,10.0,10.0,G
19253,-61.54810917527742,15.559055248643908,10.0,10.0,G
19254,-61.54829375468295,15.559068835340453,10.0,10.0,G
19255,-61.54823368519454,15.559035672724194,10.0,10.0,G
19256,-61.548256558676364,15.559049516625624,10.0,10.0,G
19257,-61.54828168084062,15.559074497928124,10.0,10.0,G
19258,-61.54802752320381,15.558967723368486,10.0,10.0,G
19259,-61.54822694621205,15.558960729648456,10.0,10.0,G
19260,-61.548274445801496,15.55905540094927,10.0,10.0,G
19261,-61.54819811243284,15.55907213524223,10.0,10.0,G
19262,-61.54826248684769,15.559100394683695,10.0,10.0,G
19263,-61.548263833803084,15.55902850068026,10.0,10.0,G
19264,-61.54832860101332,15.559019646841957,10.0,10.0,G
19265,-61.54819379144061,15.559090177378918,10.0,10.0,G
19266,-61.54832135706812,15.55895813827045,10.0,10.0,G
19267,-61.548181882563824,15.558904114292368,10.0,10.0,G
19268,-61.548152704406306,15.55906778184023,10.0,10.0,G
19269,-61.54806950838788,15.559109361375354,10.0,10.0,G
19270,-61.54829344957465,15.558966703667064,10.0,10.0,G
19271,-61.548315120768535,15.559043668246316,10.0,10.0,G
19272,-61.54824620330079,15.558937367772751,10.0,10.0,G
19273,-61.54815002657916,15.559088515851649,10.0,10.0,G
19274,-61.548238415561244,15.558851723397797,10.0,10.0,G
19275,-61.548224327055934,15.558889311840762,10.0,10.0,G
19276,-61.54829533019646,15.559074186386587,10.0,10.0,G
19277,-61.54815314972565,15.559097954715178,10.0,10.0,G
19278,-61.54818617802634,15.558947274359184,10.0,10.0,G
19279,-61.548308307490544,15.55896238298287,10.0,10.0,G
19280,-61.548526635341965,15.5589159738179,10.0,10.0,G
19281,-61.548356146863775,15.559090496743732,10.0,10.0,G
19282,-61.54834609907522,15.558945964500504,10.0,10.0,G
19283,-61.5482120256438,15.558988033606203,10.0,10.0,G
19284,-61.54834109074102,15.558847392868877,10.0,10.0,G
19285,-61.54831151667187,15.558990523178082,10.0,10.0,G
19286,-61.548310343884566,15.558985979546021,10.0,10.0,G
19287,-61.548385235792274,15.558903342405769,10.0,10.0,G
19288,-61.548269409934754,15.559043350701721,10.0,10.0,G
19289,-61.548224533199345,15.558971916061235,10.0,10.0,G
19290,-61.54839613095243,15.559028213806585,10.0,10.0,G
19291,-61.548312475323655,15.558984954351569,10.0,10.0,G
19292,-61.54828245501458,15.55888322652212,10.0,10.0,G
19293,-61.54835178610705,15.558942357795067,10.0,10.0,G
19294,-61.54830090293594,15.55898572369346,10.0,10.0,G
19295,-61.54834309035156,15.55898881335204,10.0,10.0,G
19296,-61.548361993832856,15.558956742636385,10.0,10.0,G
19297,-61.548326782630326,15.558977868794035,10.0,10.0,G
19298,-61.548285254633086,15.55900762541588,10.0,10.0,G
19299,-61.548330508143835,15.558994552178502,10.0,10.0,G
19300,-61.548360333791855,15.558961718036624,10.0,10.0,G
19301,-61.548363329264355,15.55899899371365,10.0,10.0,G
19302,-61.54834230510297,15.558992998667152,10.0,10.0,G
19303,-61.54834218230851,15.558957727065573,10.0,10.0,G
19304,-61.54834344832519,15.558974798898427,10.0,10.0,G
19305,-61.54853244433144,15.559019982206099,10.0,10.0,G
19306,-61.54838828296402,15.558992999834013,10.0,10.0,G
19307,-61.54846976695304,15.55899190184677,10.0,10.0,G
19308,-61.54832779713654,15.558993743173788,10.0,10.0,G
19309,-61.54830237332355,15.558991586588512,10.0,10.0,G
19310,-61.548248169170506,15.559149773909052,10.0,10.0,G
19311,-61.54839879286563,15.558882439376378,10.0,10.0,G
19312,-61.54844211056398,15.558973173958577,10.0,10.0,G
19313,-61.5482641420065,15.559014437942253,10.0,10.0,G
19314,-61.54832068499218,15.558962857062758,10.0,10.0,G
19315,-61.548338491626076,15.55898643895553,10.0,10.0,G
19316,-61.54830660328495,15.559067833750932,10.0,10.0,G
19317,-61.54835641763895,15.558959412140448,10.0,10.0,G
19318,-61.54828030546679,15.558979593621654,10.0,10.0,G
19319,-61.54839890131132,15.559139862465816,10.0,10.0,G
19320,-61.54829995165051,15.559032949660667,10.0,10.0,G
19321,-61.548358723338545,15.558861119375157,10.0,10.0,G
19322,-61.54839767017581,15.558922529500485,10.0,10.0,G
19323,-61.548358298525194,15.558969682166735,10.0,10.0,G
19324,-61.54837328613932,15.558975712120533,10.0,10.0,G
19325,-61.5482123872185,15.559024192818969,10.0,10.0,G
19326,-61.548461250445335,15.55906259395913,10.0,10.0,G
19327,-61.54822326035875,15.55899003647493,10.0,10.0,G
19328,-61.548389675586094,15.559044485418992,10.0,10.0,G
19949,-61.54942213184202,15.558663989896786,10.0,10.0,G
19950,-61.54943909576469,15.558573543320374,10.0,10.0,G
19951,-61.54949585773653,15.558500623401214,10.0,10.0,G
19952,-61.54942812638263,15.558573254027989,10.0,10.0,G
19953,-61.54945586350929,15.558722780927395,10.0,10.0,G
19954,-61.54956672680141,15.558687921749128,10.0,10.0,G
19955,-61.54951988958772,15.558681269789355,10.0,10.0,G
19956,-61.54928360102691,15.558633417082742,10.0,10.0,G
19957,-61.54946353383326,15.558565429812814,10.0,10.0,G
19958,-61.54955698144862,15.558631033782376,10.0,10.0,G
19959,-61.54940418643311,15.558635842878108,10.0,10.0,G
19960,-61.549665359946694,15.55854769307664,10.0,10.0,G
19961,-61.54950223849049,15.558559227381268,10.0,10.0,G
19962,-61.54949049109364,15.55851291084154,10.0,10.0,G
19963,-61.54943037413268,15.558520729935111,10.0,10.0,G
19964,-61.5494113127398,15.55858928971551,10.0,10.0,G
19965,-61.549449154870565,15.558763268228443,10.0,10.0,G
19966,-61.54950892909406,15.558378901338086,10.0,10.0,G
19967,-61.54948585276013,15.558597085526339,10.0,10.0,G
19968,-61.549442759282016,15.558539173757561,10.0,10.0,G
19969,-61.54946153301721,15.558575230326378,10.0,10.0,G
19970,-61.54943161007773,15.558616345308474,10.0,10.0,G
19971,-61.54943466913879,15.558456204297952,10.0,10.0,G
19972,-61.54947316409644,15.558575420943054,10.0,10.0,G
19973,-61.549420885758735,15.55851594932164,10.0,10.0,G
19974,-61.54962498807768,15.558500127834622,10.0,10.0,G
19975,-61.549474554174544,15.5585684546131,10.0,10.0,G
19976,-61.54942218185294,15.558650633381456,10.0,10.0,G
19977,-61.54943086569457,15.558484750466421,10.0,10.0,G
19978,-61.549450536677035,15.558486796007653,10.0,10.0,G
19979,-61.549474203729275,15.558567219190888,10.0,10.0,G
19980,-61.54941317224384,15.558716221648249,10.0,10.0,G
19981,-61.549495268818006,15.55853781435144,10.0,10.0,G
19982,-61.54949948600213,15.558516377881132,10.0,10.0,G
19983,-61.54933354380245,15.558423381043536,10.0,10.0,G
19984,-61.54944997835958,15.558614529713818,10.0,10.0,G
19985,-61.549522867217796,15.558577315596914,10.0,10.0,G
19986,-61.54943987373989,15.558520213095735,10.0,10.0,G
19987,-61.54949843652585,15.558617191561527,10.0,10.0,G
19988,-61.54947030963816,15.558552575713861,10.0,10.0,G
19989,-61.54950211501675,15.558552146821222,10.0,10.0,G
19990,-61.549594317790486,15.558603519539597,10.0,10.0,G
19991,-61.54957764119849,15.558593227996699,10.0,10.0,G
19992,-61.54953423197267,15.558605048085246,10.0,10.0,G
19993,-61.54952478018225,15.558452677400092,10.0,10.0,G
19994,-61.54955352540987,15.55854924538202,10.0,10.0,G
19995,-61.549495742695456,15.558563576774178,10.0,10.0,G
19996,-61.549435205444816,15.558572879265965,10.0,10.0,G
19997,-61.54954167203944,15.558504559716033,10.0,10.0,G
19998,-61.549526574985705,15.558580788452703,10.0,10.0,G
19999,-61.54953462129759,15.55862423900959,10.0,10.0,G
20000,-61.54953042179693,15.558550158760712,10.0,10.0,G
20001,-61.54947985148032,15.558490847318922,10.0,10.0,G
20002,-61.54958620584405,15.558575862691058,10.0,10.0,G
20003,-61.549557045008925,15.558607002339807,10.0,10.0,G
20004,-61.54951706379375,15.558522741162918,10.0,10.0,G
20005,-61.54954029234276,15.558553245856702,10.0,10.0,G
20006,-61.54951282235453,15.558650900508209,10.0,10.0,G
20007,-61.549423430604904,15.558454641313721,10.0,10.0,G
20008,-61.549502348169185,15.558611141444695,10.0,10.0,G
20009,-61.54954906764914,15.558467769755506,10.0,10.0,G
20010,-61.549592213080764,15.558489865391937,10.0,10.0,G
20011,-61.5495870461423,15.55859012497127,10.0,10.0,G
20012,-61.54953195076602,15.55858601670133,10.0,10.0,G
20013,-61.549562927165226,15.558500841476029,10.0,10.0,G
20014,-61.549524562133385,15.558539878695854,10.0,10.0,G
20015,-61.5495813304033,15.558589040147629,10.0,10.0,G
20016,-61.549580884168236,15.55852451476685,10.0,10.0,G
20017,-61.54938788594879,15.55847821347954,10.0,10.0,G
20018,-61.54956430900632,15.558515334305525,10.0,10.0,G
20019,-61.54956509636737,15.558501263371264,10.0,10.0,G
20020,-61.549554168821274,15.558537259465366,10.0,10.0,G
20021,-61.54947893634064,15.558610890684323,10.0,10.0,G
20022,-61.54952425194681,15.55853058626786,10.0,10.0,G
20023,-61.54958360829064,15.55847414728747,10.0,10.0,G
20024,-61.54954237668149,15.558582538575006,10.0,10.0,G
20025,-61.549622201611044,15.558543922247962,10.0,10.0,G
20026,-61.549556355579824,15.558541485357406,10.0,10.0,G
20027,-61.54956239260918,15.558548199291987,10.0,10.0,G
20028,-61.549585644571394,15.558529647404075,10.0,10.0,G
20029,-61.54949817116782,15.558459134482707,10.0,10.0,G
20030,-61.54956887915644,15.558527876479628,10.0,10.0,G
20031,-61.5496295048108,15.558463212560788,10.0,10.0,G
20032,-61.54953909585372,15.558515187436374,10.0,10.0,G
20033,-61.549567051916966,15.558545984030237,10.0,10.0,G
20034,-61.54962158356942,15.558590464431807,10.0,10.0,G
20035,-61.54971914695381,15.558415588530927,10.0,10.0,G
20036,-61.54958476104443,15.558605221914926,10.0,10.0,G
20037,-61.54954205369052,15.558507586758468,10.0,10.0,G
20038,-61.549545135835956,15.558570924012386,10.0,10.0,G
20039,-61.54960740419214,15.558526084902983,10.0,10.0,G
20040,-61.549575438110374,15.558544346883632,10.0,10.0,G
20041,-61.54970596328935,15.558562319110017,10.0,10.0,G
20042,-61.54963992774804,15.5585696212997,10.0,10.0,G
20043,-61.54968267099812,15.558540131090377,10.0,10.0,G
20044,-61.549584063227776,15.55852722428624,10.0,10.0,G
20045,-61.549580048813205,15.558531723274726,10.0,10.0,G
20046,-61.549710083211295,15.55852349367151,10.0,10.0,G
20047,-61.5495726077317,15.558513898375875,10.0,10.0,G
20048,-61.54960013727608,15.558553079978132,10.0,10.0,G
20049,-61.549685560732286,15.558486553297376,10.0,10.0,G
20050,-61.54957153817087,15.558521318819867,10.0,10.0,G
20051,-61.549536670394566,15.558451334581388,10.0,10.0,G
20052,-61.54955842702483,15.558494580474356,10.0,10.0,G
20053,-61.54958861031713,15.558558986294129,10.0,10.0,G
20054,-61.54962561995145,15.558545568812695,10.0,10.0,G
20055,-61.54961538306274,15.558478727319104,10.0,10.0,G
20056,-61.54959819553169,15.558465089912742,10.0,10.0,G
20057,-61.549591584333655,15.558461215661087,10.0,10.0,G
20058,-61.54967256872317,15.558564967135219,10.0,10.0,G
20059,-61.54968906166974,15.55849619966274,10.0,10.0,G
20060,-61.54963360933829,15.558526494639286,10.0,10.0,G
20061,-61.54961215743374,15.558472325990484,10.0,10.0,G
20062,-61.54968386399672,15.55858059190027,10.0,10.0,G
20063,-61.54973186953639,15.558626230195646,10.0,10.0,G
20064,-61.549580561268826,15.558532414235186,10.0,10.0,G
20065,-61.54958449201645,15.558530410253292,10.0,10.0,G
20066,-61.54974759502434,15.558393941795204,10.0,10.0,G
20067,-61.54957740360453,15.558495230201995,10.0,10.0,G
20068,-61.5496183726876,15.5585112447533,10.0,10.0,G
20069,-61.54966833661645,15.558563125579298,10.0,10.0,G
20070,-61.54962038545306,15.558538903218384,10.0,10.0,G
20071,-61.54964392215311,15.558517878905327,10.0,10.0,G
20072,-61.54957473104523,15.558455588682934,10.0,10.0,G
20073,-61.54961395553978,15.558530417948505,10.0,10.0,G
20074,-61.54967427561273,15.558515252729686,10.0,10.0,G
20075,-61.549621941678495,15.558501422252855,10.0,10.0,G
20076,-61.549619993344315,15.558505779798436,10.0,10.0,G
20077,-61.549663331744526,15.558597541508401,10.0,10.0,G
20078,-61.54964037036745,15.558498130359876,10.0,10.0,G
20079,-61.54978425521939,15.558508446675617,10.0,10.0,G
20080,-61.549622653128246,15.55855428333451,10.0,10.0,G
20081,-61.54949220891676,15.558584416277789,10.0,10.0,G
20082,-61.54964626475847,15.558493136591014,10.0,10.0,G
20083,-61.549651085917944,15.558456796324588,10.0,10.0,G
20084,-61.54972585411647,15.558540806049054,10.0,10.0,G
20085,-61.5496534941887,15.558450597314573,10.0,10.0,G
20086,-61.54969585462376,15.558335991061163,10.0,10.0,G
20087,-61.54956777746145,15.558674420228705,10.0,10.0,G
20088,-61.549664452524986,15.558479892252967,10.0,10.0,G
20089,-61.54965720395414,15.558497437930429,10.0,10.0,G
20090,-61.54967725914921,15.55846457395447,10.0,10.0,G
20091,-61.54967147688136,15.558485774979898,10.0,10.0,G
20092,-61.54971984755605,15.55838936370983,10.0,10.0,G
20093,-61.549579931919695,15.558515544864289,10.0,10.0,G
20094,-61.549486910896256,15.558524438755574,10.0,10.0,G
20095,-61.54964842159179,15.558570987997427,10.0,10.0,G
20096,-61.54964721808445,15.558519632944394,10.0,10.0,G
20097,-61.54975584692288,15.558479865503747,10.0,10.0,G
20098,-61.54971274879439,15.558495035058312,10.0,10.0,G
20099,-61.54957929942726,15.55843744548742,10.0,10.0,G
20100,-61.54973153302072,15.558311641175148,10.0,10.0,G
20101,-61.54979639815901,15.558556838422621,10.0,10.0,G
20102,-61.549618851703784,15.558620159557067,10.0,10.0,G
20103,-61.549666445484974,15.558285847767596,10.0,10.0,G
20104,-61.54976624860905,15.55856737741729,10.0,10.0,G
20105,-61.54968586632132,15.558496281096247,10.0,10.0,G
20106,-61.54966338030669,15.558654908068222,10.0,10.0,G
20107,-61.549736182208946,15.558373253984882,10.0,10.0,G
20108,-61.54972700022208,15.55855486807974,10.0,10.0,G
20109,-61.54970771199133,15.558481467205004,10.0,10.0,G
20110,-61.5497569975101,15.558502381452435,10.0,10.0,G
20111,-61.549814997942676,15.558558160775194,10.0,10.0,G
20112,-61.549665209294865,15.55851491626766,10.0,10.0,G
20113,-61.54971135298969,15.558477397025461,10.0,10.0,G
20114,-61.549814281757875,15.558529708696703,10.0,10.0,G
20115,-61.549697284198274,15.55832714580647,10.0,10.0,G
20116,-61.5497215547887,15.55840367512655,10.0,10.0,G
20117,-61.54968722739697,15.558407202847416,10.0,10.0,G
20118,-61.54972916414197,15.558471933717772,10.0,10.0,G
20119,-61.54985783206428,15.55856886244376,10.0,10.0,G
20120,-61.54972508001317,15.558521641619413,10.0,10.0,G
20121,-61.54969627072674,15.558437968341677,10.0,10.0,G
20122,-61.549869275158365,15.558463464586357,10.0,10.0,G
20123,-61.549672619847975,15.558456194244608,10.0,10.0,G
20124,-61.549639454956655,15.558589020871022,10.0,10.0,G
20125,-61.54985389940299,15.558463022772177,10.0,10.0,G
20126,-61.54973568347445,15.558469408666982,10.0,10.0,G
20127,-61.54971089070019,15.558483812353773,10.0,10.0,G
20128,-61.549664133253955,15.558456303643297,10.0,10.0,G
20129,-61.54953531646796,15.558410203458887,10.0,10.0,G
20130,-61.549694057630475,15.558510337768459,10.0,10.0,G
20131,-61.54975503953421,15.558500331147515,10.0,10.0,G
20132,-61.54972814709437,15.55839666017646,10.0,10.0,G
20133,-61.54974719169318,15.558464446518432,10.0,10.0,G
20134,-61.54965750787093,15.558521141468455,10.0,10.0,G
20135,-61.549687840441685,15.55850419374661,10.0,10.0,G
20136,-61.549849024062404,15.558431488936417,10.0,10.0,G
20137,-61.549713503747874,15.558443505217658,10.0,10.0,G
20138,-61.549783334390256,15.558472751429507,10.0,10.0,G
20139,-61.5497096836555,15.558506692110518,10.0,10.0,G
20140,-61.549785129102084,15.558433055088939,10.0,10.0,G
20141,-61.549886332487226,15.558409477265739,10.0,10.0,G
20142,-61.54980343420049,15.558453380155177,10.0,10.0,G
20143,-61.54979013250882,15.558548003700215,10.0,10.0,G
20144,-61.54974587582228,15.558533442995035,10.0,10.0,G
20145,-61.549761793250816,15.558428237491759,10.0,10.0,G
20146,-61.549774891698625,15.558460501668582,10.0,10.0,G
20147,-61.54980716250679,15.558461802409147,10.0,10.0,G
20148,-61.549787640913955,15.55843488388798,10.0,10.0,G
20149,-61.549776352271905,15.558459644644918,10.0,10.0,G
20150,-61.54976947740175,15.558465868701688,10.0,10.0,G
20151,-61.549997279216626,15.558516569131507,10.0,10.0,G
20152,-61.54989146408971,15.558390640028353,10.0,10.0,G
20153,-61.549805556485495,15.558384339784581,10.0,10.0,G
20154,-61.54978412119717,15.558412146339453,10.0,10.0,G
20155,-61.5497982200903,15.558510931420576,10.0,10.0,G
20156,-61.54966894610219,15.558434913547298,10.0,10.0,G
20157,-61.54978976511245,15.558448282024816,10.0,10.0,G
20158,-61.54978457037373,15.558448918883537,10.0,10.0,G
20159,-61.54987160391689,15.558658054307228,10.0,10.0,G
20160,-61.54980349801991,15.558459834404882,10.0,10.0,G
20161,-61.54985680737817,15.558478857878121,10.0,10.0,G
20162,-61.5499928752147,15.558567422537937,10.0,10.0,G
20163,-61.549839114774876,15.558450534315893,10.0,10.0,G
20164,-61.549817891664276,15.55843029131387,10.0,10.0,G
20165,-61.549825368530406,15.558425527742255,10.0,10.0,G
20166,-61.54956170530315,15.558373783485376,10.0,10.0,G
20167,-61.549900575635874,15.558507914903021,10.0,10.0,G
20168,-61.54983787171562,15.558403915653813,10.0,10.0,G
20169,-61.54968547118679,15.55850020199345,10.0,10.0,G
20170,-61.54981056665811,15.558456809955288,10.0,10.0,G
20171,-61.5498069079116,15.5583766557551,10.0,10.0,G
20172,-61.54985182020082,15.55845388226565,10.0,10.0,G
20173,-61.54980782413137,15.558439055421111,10.0,10.0,G
20174,-61.5498275875071,15.55841288234244,10.0,10.0,G
20175,-61.54978910948593,15.55851194642453,10.0,10.0,G
20176,-61.54980988935488,15.558384936070667,10.0,10.0,G
20177,-61.549848971781465,15.558444631570985,10.0,10.0,G
20178,-61.54983875090984,15.558429780345623,10.0,10.0,G
20179,-61.54974166395893,15.558396136833329,10.0,10.0,G
20180,-61.54988851446773,15.558437191383163,10.0,10.0,G
20181,-61.54964447396275,15.558459301364788,10.0,10.0,G
20182,-61.54983358001194,15.558450885653327,10.0,10.0,G
20183,-61.54994949320446,15.558358099246952,10.0,10.0,G
20184,-61.549802060808624,15.558348421043469,10.0,10.0,G
20185,-61.549810227625734,15.558396156420365,10.0,10.0,G
20186,-61.54991382446338,15.558422211944562,10.0,10.0,G
20187,-61.54988587660127,15.558358565040228,10.0,10.0,G
20188,-61.549841762157364,15.558489666441435,10.0,10.0,G
20189,-61.54980513477515,15.558227639240458,10.0,10.0,G
20190,-61.54979512660134,15.55844766859461,10.0,10.0,G
20191,-61.5498399934772,15.558459175969826,10.0,10.0,G
20192,-61.54983327939366,15.558509120765986,10.0,10.0,G
20193,-61.54979794097015,15.558455731579162,10.0,10.0,G
20194,-61.5499007045605,15.558399410348859,10.0,10.0,G
20195,-61.54997436172475,15.558448214739482,10.0,10.0,G
20196,-61.54979880439739,15.558306626796076,10.0,10.0,G
20197,-61.54984399319091,15.558538819684054,10.0,10.0,G
20198,-61.549826923927945,15.558349397995702,10.0,10.0,G
20199,-61.54985778502194,15.558420604633618,10.0,10.0,G
20200,-61.54980893157207,15.55840799089545,10.0,10.0,G
20201,-61.549853543352626,15.558472288181088,10.0,10.0,G
20202,-61.549997869448426,15.558306093853412,10.0,10.0,G
20203,-61.549888513962145,15.558246618591138,10.0,10.0,G
20204,-61.549862799249965,15.558382886721366,10.0,10.0,G
20205,-61.54986845358404,15.55842419073626,10.0,10.0,G
20206,-61.549725712623385,15.558408111231993,10.0,10.0,G
20207,-61.54984672084882,15.558412393192532,10.0,10.0,G
20208,-61.54986499890915,15.558419984163876,10.0,10.0,G
20209,-61.5498869158254,15.558446485795008,10.0,10.0,G
20210,-61.54989914395199,15.558375742641127,10.0,10.0,G
20211,-61.549779766289575,15.558524532374172,10.0,10.0,G
20212,-61.549872333538296,15.558506175254252,10.0,10.0,G
20213,-61.54997063441684,15.558425763794727,10.0,10.0,G
20214,-61.54984566163163,15.558373389442067,10.0,10.0,G
20215,-61.54978329473933,15.558375141897116,10.0,10.0,G
20216,-61.54989067428197,15.55841799299299,10.0,10.0,G
20217,-61.54988873932266,15.558413219067658,10.0,10.0,G
20218,-61.54983227197677,15.558427146916602,10.0,10.0,G
20219,-61.54982903508683,15.558437927138653,10.0,10.0,G
20220,-61.54987270354491,15.558467062406235,10.0,10.0,G
20221,-61.54991220027104,15.558398122460268,10.0,10.0,G
20222,-61.549890862584014,15.558402003983153,10.0,10.0,G
20223,-61.54994026731858,15.558432862303654,10.0,10.0,G
20224,-61.54992217927144,15.558180469350853,10.0,10.0,G
20225,-61.54990480177928,15.558408070071915,10.0,10.0,G
20226,-61.54988619670193,15.558400162950543,10.0,10.0,G
20227,-61.54987733652553,15.558389102456312,10.0,10.0,G
20228,-61.54994889031985,15.558353748123572,10.0,10.0,G
20229,-61.55004393116339,15.558340319898917,10.0,10.0,G
20230,-61.54984950123881,15.55830950058186,10.0,10.0,G
20231,-61.550012310098005,15.558414972981364,10.0,10.0,G
20232,-61.550048973642134,15.55836623612161,10.0,10.0,G
20233,-61.54984461319823,15.558446548748881,10.0,10.0,G
20234,-61.5499469015975,15.558405951177093,10.0,10.0,G
20235,-61.54993656638541,15.558423861148523,10.0,10.0,G
20236,-61.549855984892666,15.55828791155854,10.0,10.0,G
20237,-61.55006762911063,15.558369029148105,10.0,10.0,G
20238,-61.54988403399473,15.558326782894799,10.0,10.0,G
20239,-61.5498927215738,15.558362277414838,10.0,10.0,G
20240,-61.5499489688079,15.558472520685312,10.0,10.0,G
20241,-61.54996933087218,15.55844717365869,10.0,10.0,G
20242,-61.54983049022181,15.55840256392384,10.0,10.0,G
20243,-61.549925791760025,15.558480176811065,10.0,10.0,G
20244,-61.54998838728443,15.558382723873061,10.0,10.0,G
20245,-61.54994325572819,15.558463853636137,10.0,10.0,G
20246,-61.54993626765398,15.558394669112614,10.0,10.0,G
20247,-61.54984516300438,15.558412887019493,10.0,10.0,G
20248,-61.55001275282883,15.558378703670336,10.0,10.0,G
20249,-61.549977044255385,15.558317347673048,10.0,10.0,G
20250,-61.54995755106877,15.558368352994465,10.0,10.0,G
20251,-61.54990764900902,15.55842256312371,10.0,10.0,G
20252,-61.55005104247556,15.558269888734662,10.0,10.0,G
20253,-61.55002631757239,15.558332163328053,10.0,10.0,G
20254,-61.5499283313013,15.558496139051815,10.0,10.0,G
20255,-61.54994583977868,15.558394009063749,10.0,10.0,G
20256,-61.54992416858941,15.558370377564458,10.0,10.0,G
20257,-61.5499386037204,15.558329981600338,10.0,10.0,G
20258,-61.54991329930476,15.558442774659978,10.0,10.0,G
20259,-61.54992735365415,15.558363925762768,10.0,10.0,G
20260,-61.550015561331165,15.558354578243627,10.0,10.0,G
20261,-61.55023134010765,15.55828484393073,10.0,10.0,G
20262,-61.549988865931596,15.558378756119925,10.0,10.0,G
20263,-61.54990942857131,15.558444275522135,10.0,10.0,G
20264,-61.549954438356686,15.55833758597338,10.0,10.0,G
20265,-61.54997158594627,15.558377300558918,10.0,10.0,G
20266,-61.549997796585046,15.55840333475305,10.0,10.0,G
20267,-61.55001843606392,15.558343434210034,10.0,10.0,G
20268,-61.54993112963986,15.558372389108877,10.0,10.0,G
20269,-61.550006444977555,15.558298960815064,10.0,10.0,G
20270,-61.54998256861991,15.558374220116598,10.0,10.0,G
20271,-61.5499259912221,15.558358088621944,10.0,10.0,G
20272,-61.549922557265894,15.558430424268392,10.0,10.0,G
20273,-61.55001977886764,15.55837164784616,10.0,10.0,G
20274,-61.55010754872498,15.558427812837115,10.0,10.0,G
20275,-61.54988338808539,15.5584065553173,10.0,10.0,G
20276,-61.55004155825521,15.55843880102229,10.0,10.0,G
20277,-61.54991618863403,15.558366860354097,10.0,10.0,G
20278,-61.54998858040659,15.558365864149183,10.0,10.0,G
20279,-61.55001574872957,15.558368559258776,10.0,10.0,G
20280,-61.55000025688187,15.558368974027141,10.0,10.0,G
20281,-61.550070120571995,15.55840144158415,10.0,10.0,G
20282,-61.55000185832474,15.55837079828043,10.0,10.0,G
20283,-61.550119176336516,15.55829176951846,10.0,10.0,G
20284,-61.550058878215935,15.558339812844052,10.0,10.0,G
20285,-61.54998261935536,15.55839552568357,10.0,10.0,G
20286,-61.54993538178917,15.558350043334942,10.0,10.0,G
20287,-61.549988000450746,15.558346991436041,10.0,10.0,G
20288,-61.54998601924289,15.55840708194397,10.0,10.0,G
20289,-61.550121716027476,15.558457622118024,10.0,10.0,G
20290,-61.550007508431094,15.558380155776868,10.0,10.0,G
20291,-61.55000691742864,15.558310678475861,10.0,10.0,G
20292,-61.550007901648584,15.55830312734644,10.0,10.0,G
20293,-61.55001102570515,15.558340898452888,10.0,10.0,G
20294,-61.549983155701625,15.558332107925434,10.0,10.0,G
20295,-61.54999366940055,15.558333384531847,10.0,10.0,G
20296,-61.55006580238459,15.558386392659616,10.0,10.0,G
20297,-61.55004265119079,15.558382200007287,10.0,10.0,G
20298,-61.55008566274063,15.558410746570676,10.0,10.0,G
20299,-61.55002821066879,15.558353290054066,10.0,10.0,G
20300,-61.5501365110771,15.558312062258455,10.0,10.0,G
20301,-61.55000253621377,15.558308988516437,10.0,10.0,G
20302,-61.5501086685961,15.558386895391411,10.0,10.0,G
20303,-61.550076480422916,15.558463074979986,10.0,10.0,G
20304,-61.55003804293533,15.558360386629314,10.0,10.0,G
20305,-61.55002027668064,15.558387136150673,10.0,10.0,G
20306,-61.5500082412388,15.558381276704825,10.0,10.0,G
20307,-61.55004917623717,15.558351528491158,10.0,10.0,G
20308,-61.55003369534265,15.558346093190925,10.0,10.0,G
20309,-61.550046828874606,15.558297614714405,10.0,10.0,G
20310,-61.55004365733079,15.558279860192245,10.0,10.0,G
20311,-61.550185849681576,15.558323801351643,10.0,10.0,G
20312,-61.54998638311386,15.558322616447093,10.0,10.0,G
20313,-61.55008260209071,15.55832612505053,10.0,10.0,G
20314,-61.54999186201299,15.558468144563994,10.0,10.0,G
20315,-61.54999289557491,15.558350009921602,10.0,10.0,G
20316,-61.55008123041009,15.558341116341117,10.0,10.0,G
20317,-61.55009177638982,15.558305760225064,10.0,10.0,G
20318,-61.55010174237494,15.558422671081711,10.0,10.0,G
20319,-61.550010328276926,15.558332697623646,10.0,10.0,G
20320,-61.55016810553903,15.558196439495864,10.0,10.0,G
20321,-61.550060367151595,15.558439152229324,10.0,10.0,G
20322,-61.55016538941696,15.558334370923385,10.0,10.0,G
20323,-61.55019294003641,15.558440507802088,10.0,10.0,G
20324,-61.550058323368546,15.558268986193315,10.0,10.0,G
20325,-61.55005994614035,15.558378440586555,10.0,10.0,G
20326,-61.55006039179359,15.558345411255422,10.0,10.0,G
20327,-61.55015990684457,15.558382062862783,10.0,10.0,G
20328,-61.54998553537701,15.558311662068684,10.0,10.0,G
20329,-61.55006032957306,15.558404850745923,10.0,10.0,G
20330,-61.550083881972455,15.558361343868471,10.0,10.0,G
20331,-61.55013563027848,15.558384544076773,10.0,10.0,G
20332,-61.550037856070084,15.558318868209108,10.0,10.0,G
20333,-61.55007933350261,15.558336674795301,10.0,10.0,G
20334,-61.55010424449645,15.558319488582958,10.0,10.0,G
20335,-61.550124105975286,15.558304478437917,10.0,10.0,G
20336,-61.550099867311644,15.55833190937259,10.0,10.0,G
20337,-61.55012322636523,15.558306549842998,10.0,10.0,G
20338,-61.55009876963447,15.558330937895233,10.0,10.0,G
20339,-61.55009307375804,15.558370601223709,10.0,10.0,G
20340,-61.550164178779646,15.558237058550503,10.0,10.0,G
20341,-61.550118405464595,15.558330760492423,10.0,10.0,G
20342,-61.5501415609302,15.55825054349889,10.0,10.0,G
20343,-61.550123353520256,15.558399751858097,10.0,10.0,G
20344,-61.55006884717785,15.558148876307092,10.0,10.0,G
20345,-61.54994914627772,15.558329304028431,10.0,10.0,G
20346,-61.55016650396618,15.558302764649323,10.0,10.0,G
20347,-61.5501703877995,15.55825885570307,10.0,10.0,G
20348,-61.5501837926805,15.55835827724723,10.0,10.0,G
20349,-61.550106670785,15.558321886435943,10.0,10.0,G
20350,-61.5500414097455,15.558243983770659,10.0,10.0,G
20351,-61.54997540089808,15.558229473909604,10.0,10.0,G
20352,-61.55012709333281,15.558349716602404,10.0,10.0,G
20353,-61.55016160430756,15.558349315630455,10.0,10.0,G
20354,-61.550212765311564,15.558423187773448,10.0,10.0,G
20355,-61.550045737356854,15.55836750795784,10.0,10.0,G
20356,-61.55013453996153,15.558314264659266,10.0,10.0,G
20357,-61.550275796911166,15.558345722630754,10.0,10.0,G
20358,-61.55013833996083,15.55832152381482,10.0,10.0,G
20359,-61.55012523715873,15.558319263027926,10.0,10.0,G
20360,-61.55016245904794,15.558389871021944,10.0,10.0,G
20361,-61.550114800585526,15.558331872058913,10.0,10.0,G
20362,-61.550130771984904,15.558171546215815,10.0,10.0,G
20363,-61.55021107815543,15.558287996360896,10.0,10.0,G
20364,-61.55014542289277,15.558308294302403,10.0,10.0,G
20365,-61.55014712801771,15.558315501051881,10.0,10.0,G
20366,-61.550096739759574,15.558180995325934,10.0,10.0,G
20367,-61.55013871245012,15.558292892625554,10.0,10.0,G
20368,-61.55017257088008,15.558357370323277,10.0,10.0,G
20369,-61.55016988904587,15.558254704640701,10.0,10.0,G
20370,-61.55007977314932,15.558339339425945,10.0,10.0,G
20371,-61.55023334662888,15.558315591396363,10.0,10.0,G
20372,-61.550166095134585,15.558237914617969,10.0,10.0,G
20373,-61.550076325398116,15.558294410437789,10.0,10.0,G
20374,-61.55014555449803,15.558263636273482,10.0,10.0,G
20375,-61.55007835222948,15.558398499973356,10.0,10.0,G
20376,-61.55013236300227,15.558334709998974,10.0,10.0,G
20377,-61.55016666102484,15.558300886749079,10.0,10.0,G
20378,-61.549959212836704,15.558237248222834,10.0,10.0,G
20379,-61.55012016303023,15.558245693444483,10.0,10.0,G
20380,-61.55007514887913,15.558305713587147,10.0,10.0,G
20381,-61.55013555637158,15.558145877314686,10.0,10.0,G
20382,-61.55019357927478,15.558281992663783,10.0,10.0,G
20383,-61.55015341810746,15.558315756829131,10.0,10.0,G
20384,-61.54999858877476,15.558274188879176,10.0,10.0,G
20385,-61.55007490361917,15.558334668842,10.0,10.0,G
20386,-61.55031334390725,15.55821794100663,10.0,10.0,G
20387,-61.55018447090412,15.558320769304606,10.0,10.0,G
20388,-61.550370036830124,15.55827680320364,10.0,10.0,G
20389,-61.550177170249015,15.5583038944177,10.0,10.0,G
20390,-61.5502389326292,15.5584253974937,10.0,10.0,G
20391,-61.55019216351493,15.558294920951697,10.0,10.0,G
20392,-61.5500424499046,15.558217147851686,10.0,10.0,G
20393,-61.55028915263439,15.558275638533711,10.0,10.0,G
20394,-61.5502136571321,15.55829799396932,10.0,10.0,G
20395,-61.55016110352277,15.558282791660915,10.0,10.0,G
20396,-61.550214890735745,15.55829525869149,10.0,10.0,G
20397,-61.550257804078676,15.558207512074084,10.0,10.0,G
20398,-61.550203433970395,15.558301997148114,10.0,10.0,G
20399,-61.550097275223486,15.55824901077121,10.0,10.0,G
20400,-61.55019614856918,15.558286659878066,10.0,10.0,G
20401,-61.55024991900073,15.558351766152319,10.0,10.0,G
20402,-61.55016054275303,15.558283845144175,10.0,10.0,G
20403,-61.55015123174707,15.558265624337613,10.0,10.0,G
20404,-61.550132013156414,15.558318608026065,10.0,10.0,G
20405,-61.55025732542768,15.55829245362725,10.0,10.0,G
20406,-61.55031377163929,15.558359014594174,10.0,10.0,G
20407,-61.5502809461189,15.558266846879919,10.0,10.0,G
20408,-61.55019389077293,15.55839769679951,10.0,10.0,G
20409,-61.55029162027133,15.558295874948058,10.0,10.0,G
20410,-61.550095373541275,15.558234552630463,10.0,10.0,G
20411,-61.550181334891,15.558366826979604,10.0,10.0,G
20412,-61.550241332724525,15.558283377716192,10.0,10.0,G
20413,-61.550207308643486,15.558256663562156,10.0,10.0,G
20414,-61.550162816879904,15.558180537084306,10.0,10.0,G
20415,-61.55015421967806,15.55828832990333,10.0,10.0,G
20416,-61.550256408205705,15.558229508270886,10.0,10.0,G
20417,-61.55023837951014,15.558282479542035,10.0,10.0,G
20418,-61.55033645523548,15.558186908597277,10.0,10.0,G
20419,-61.550144287470545,15.558296850203774,10.0,10.0,G
20420,-61.550254505166976,15.558329984193625,10.0,10.0,G
20421,-61.55040557562735,15.558361643910608,10.0,10.0,G
20422,-61.55021319007291,15.558362715968638,10.0,10.0,G
20423,-61.55016621936672,15.558264750262273,10.0,10.0,G
20424,-61.550330510687644,15.558342466702872,10.0,10.0,G
20425,-61.55017105807812,15.558301935330016,10.0,10.0,G
20426,-61.550209507649726,15.558289057369384,10.0,10.0,G
20427,-61.55040026898361,15.558377108017416,10.0,10.0,G
20428,-61.550276560022695,15.558273222966532,10.0,10.0,G
20429,-61.5502266311,15.558292822903184,10.0,10.0,G
20430,-61.550268638319594,15.558272924239562,10.0,10.0,G
20431,-61.550232603816475,15.558305746438547,10.0,10.0,G
20432,-61.55034726965621,15.55823078689181,10.0,10.0,G
20433,-61.55020135500578,15.55828299398687,10.0,10.0,G
20434,-61.550192774974725,15.55833592184747,10.0,10.0,G
20435,-61.550180007457456,15.558311244456247,10.0,10.0,G
20436,-61.55030227818486,15.558270180092768,10.0,10.0,G
20437,-61.550283448193305,15.558438447404896,10.0,10.0,G
20438,-61.55030892983579,15.558265711395807,10.0,10.0,G
20439,-61.55025551945986,15.558241062630245,10.0,10.0,G
20440,-61.55021855472194,15.558315490775614,10.0,10.0,G
20441,-61.550323169300015,15.55833739634099,10.0,10.0,G
20442,-61.550268972889484,15.558284222933096,10.0,10.0,G
20443,-61.55023618516477,15.558359094808269,10.0,10.0,G
20444,-61.55020207042163,15.558432061651292,10.0,10.0,G
20445,-61.55041210868718,15.558222903512084,10.0,10.0,G
20446,-61.55029359083074,15.55823754811733,10.0,10.0,G
20447,-61.55024924291825,15.558306998197535,10.0,10.0,G
20448,-61.550340399520444,15.558311835761446,10.0,10.0,G
20449,-61.55033245608073,15.55822625668277,10.0,10.0,G
20450,-61.55027507471139,15.558208858292431,10.0,10.0,G
20451,-61.55030234968866,15.558279169633412,10.0,10.0,G
20452,-61.55028670466718,15.558221271725197,10.0,10.0,G
20453,-61.55037882316973,15.558306591701742,10.0,10.0,G
20454,-61.55024628493948,15.558079089629384,10.0,10.0,G
20455,-61.55030351081906,15.558257064892503,10.0,10.0,G
20456,-61.55031433715723,15.5582645685666,10.0,10.0,G
20457,-61.55037535892193,15.558251564354427,10.0,10.0,G
20458,-61.55029650637276,15.558278284598797,10.0,10.0,G
20459,-61.55036429218519,15.558106548288634,10.0,10.0,G
20460,-61.55035877318525,15.55834454010876,10.0,10.0,G
20461,-61.55036852248093,15.558262408130553,10.0,10.0,G
20462,-61.55027276901217,15.558242396413325,10.0,10.0,G
20463,-61.550094267341066,15.558134702626822,10.0,10.0,G
20464,-61.55035995185503,15.558262584121698,10.0,10.0,G
20465,-61.550281893220216,15.558234972211968,10.0,10.0,G
20466,-61.550404578507816,15.55822975535862,10.0,10.0,G
20467,-61.55032470678811,15.558266983234276,10.0,10.0,G
20468,-61.55028366004077,15.558324385355748,10.0,10.0,G
20469,-61.550199061114306,15.55830272762056,10.0,10.0,G
20470,-61.550400953925326,15.558257114384269,10.0,10.0,G
20471,-61.550290369402965,15.558317805114921,10.0,10.0,G
20472,-61.550386600448746,15.558218931090975,10.0,10.0,G
20473,-61.55038423782571,15.558301240298242,10.0,10.0,G
20474,-61.5503495585734,15.558273724599742,10.0,10.0,G
20475,-61.55032868041487,15.55824990739429,10.0,10.0,G
20476,-61.55034546578211,15.558226952055316,10.0,10.0,G
20477,-61.55034214483549,15.558240183514528,10.0,10.0,G
20478,-61.55045271838337,15.558310736182381,10.0,10.0,G
20479,-61.550323675079696,15.558170445216293,10.0,10.0,G
20480,-61.55037131947458,15.558579637417331,10.0,10.0,G
20481,-61.5503372017843,15.558239233833705,10.0,10.0,G
20482,-61.550353236662964,15.558231211503761,10.0,10.0,G
20483,-61.55035153448432,15.558248015229468,10.0,10.0,G
20484,-61.55040678319371,15.558230376534025,10.0,10.0,G
20485,-61.55033107604021,15.558250777394267,10.0,10.0,G
20486,-61.55041984816986,15.558387805329668,10.0,10.0,G
20487,-61.55031904353517,15.558255048170732,10.0,10.0,G
20488,-61.55047729403262,15.558107390223665,10.0,10.0,G
20489,-61.55035527804196,15.558231494258047,10.0,10.0,G
20490,-61.55023992243603,15.558400724294323,10.0,10.0,G
20491,-61.55037557773582,15.558231844049459,10.0,10.0,G
20492,-61.55044439615129,15.558206226625998,10.0,10.0,G
20493,-61.55044588633836,15.558247576728267,10.0,10.0,G
20494,-61.55035534963309,15.558229253432469,10.0,10.0,G
20495,-61.55036407584111,15.558132642664086,10.0,10.0,G
20496,-61.550384587075804,15.558186317920748,10.0,10.0,G
20497,-61.55032799220213,15.558276837827146,10.0,10.0,G
20498,-61.550382033864146,15.558298591241073,10.0,10.0,G
20499,-61.55023967779019,15.55824317865939,10.0,10.0,G
20500,-61.55038780450637,15.558198851266537,10.0,10.0,G
20501,-61.5503816095124,15.558283278533066,10.0,10.0,G
20502,-61.55040722762785,15.5581852295238,10.0,10.0,G
20503,-61.55022165522294,15.55819482182546,10.0,10.0,G
20504,-61.55037298601867,15.558210352732681,10.0,10.0,G
20505,-61.55041546191442,15.558211991352955,10.0,10.0,G
20506,-61.550389939130646,15.558223772028358,10.0,10.0,G
20507,-61.55043040705035,15.558334822797628,10.0,10.0,G
20508,-61.55050268122125,15.558290422439061,10.0,10.0,G
20509,-61.550392781064225,15.558246512736044,10.0,10.0,G
20510,-61.55033055596242,15.558300808788035,10.0,10.0,G
20511,-61.55051601757342,15.558212837263488,10.0,10.0,G
20512,-61.55040182484466,15.558196774558997,10.0,10.0,G
20513,-61.55041410991787,15.558227833485981,10.0,10.0,G
20514,-61.55036923197199,15.558172437275905,10.0,10.0,G
20515,-61.55041773361778,15.558213427033351,10.0,10.0,G
20516,-61.55029173064026,15.558226171585662,10.0,10.0,G
20517,-61.55039010565329,15.558243015240395,10.0,10.0,G
20518,-61.550443410495944,15.558244689640656,10.0,10.0,G
20519,-61.55038818167529,15.558137194907316,10.0,10.0,G
20520,-61.55048971137053,15.558367317899057,10.0,10.0,G
20521,-61.550264978843444,15.55823664491758,10.0,10.0,G
20522,-61.55044062817696,15.558215407457755,10.0,10.0,G
20523,-61.55041582897145,15.558276456554,10.0,10.0,G
20524,-61.55053946122914,15.558230962173198,10.0,10.0,G
20525,-61.55045013051036,15.558238614332772,10.0,10.0,G
20526,-61.5504209937878,15.558207382647186,10.0,10.0,G
20527,-61.550346477875735,15.558221503357272,10.0,10.0,G
20528,-61.5504006414681,15.55822802622069,10.0,10.0,G
20529,-61.55043300844069,15.558343118661027,10.0,10.0,G
20530,-61.55044522111236,15.558212270121604,10.0,10.0,G
20531,-61.55045973055804,15.558125732784895,10.0,10.0,G
20532,-61.55045689679793,15.558261129124967,10.0,10.0,G
20533,-61.55041439268066,15.558267859691902,10.0,10.0,G
20534,-61.55040733460921,15.558173841015673,10.0,10.0,G
20535,-61.55046056502028,15.558233108735674,10.0,10.0,G
20536,-61.55049776944861,15.558210086091405,10.0,10.0,G
20537,-61.55041497246241,15.558158132161406,10.0,10.0,G
20538,-61.55041418687107,15.558226652786223,10.0,10.0,G
20539,-61.55060568233744,15.558261798719059,10.0,10.0,G
20540,-61.550465841631336,15.55825103688976,10.0,10.0,G
20541,-61.5505021226291,15.558096984512368,10.0,10.0,G
20542,-61.55050609411468,15.558125818613094,10.0,10.0,G
20543,-61.550477078591705,15.558199756876377,10.0,10.0,G
20544,-61.55043790184361,15.558143163466326,10.0,10.0,G
20545,-61.55039885979996,15.558261060780772,10.0,10.0,G
20546,-61.550325479084904,15.558137715571158,10.0,10.0,G
20547,-61.550438606966,15.55833358162912,10.0,10.0,G
20548,-61.55067786142467,15.558272789911086,10.0,10.0,G
20549,-61.55047326240578,15.558187100720644,10.0,10.0,G
20550,-61.550327067246386,15.558141813187952,10.0,10.0,G
20551,-61.550522182766514,15.55813705383852,10.0,10.0,G
20552,-61.55051124608611,15.55827274031832,10.0,10.0,G
20553,-61.55051400954714,15.558262158839634,10.0,10.0,G
20554,-61.55052317104257,15.558176702796011,10.0,10.0,G
20555,-61.550477407598365,15.558190032347547,10.0,10.0,G
20556,-61.550415030522366,15.558119143321752,10.0,10.0,G
20557,-61.55053785652197,15.558243264624304,10.0,10.0,G
20558,-61.550514069073564,15.558144093321111,10.0,10.0,G
20559,-61.550337366205426,15.558154903967372,10.0,10.0,G
20560,-61.55048568561386,15.558187079745169,10.0,10.0,G
20561,-61.55038579117059,15.558055662580227,10.0,10.0,G
20562,-61.55046061640524,15.55812479192938,10.0,10.0,G
20563,-61.55060478668515,15.558201305370021,10.0,10.0,G
20564,-61.550513274852044,15.55812515741752,10.0,10.0,G
20565,-61.550495428996484,15.558206246179092,10.0,10.0,G
20566,-61.55039844843652,15.558243228896215,10.0,10.0,G
20567,-61.55057746634531,15.558363022082917,10.0,10.0,G
20568,-61.55048435566516,15.55814320560975,10.0,10.0,G
20569,-61.55050538797049,15.55818240139042,10.0,10.0,G
20570,-61.55040699806175,15.558124227373165,10.0,10.0,G
20571,-61.55051255013591,15.558169573901864,10.0,10.0,G
20572,-61.55054203763539,15.55812862431068,10.0,10.0,G
20573,-61.55050852341707,15.558177987933623,10.0,10.0,G
20574,-61.55051046535655,15.558178889417816,10.0,10.0,G
20575,-61.550536866048624,15.558127549571752,10.0,10.0,G
20576,-61.550383729502194,15.55823000839392,10.0,10.0,G
20577,-61.55052678741841,15.558083838665183,10.0,10.0,G
20578,-61.550517490661115,15.558183165327229,10.0,10.0,G
20579,-61.55052204702415,15.55817985878002,10.0,10.0,G
20580,-61.55049382797446,15.558168564799542,10.0,10.0,G
20581,-61.55042652892954,15.558158265318642,10.0,10.0,G
20582,-61.55054802496865,15.55809958289887,10.0,10.0,G
20583,-61.55053994844928,15.558104902176453,10.0,10.0,G
20584,-61.550461465323394,15.558176995519844,10.0,10.0,G
20585,-61.55043141587243,15.558285133712799,10.0,10.0,G
20586,-61.550540782082166,15.558138881947851,10.0,10.0,G
20587,-61.55054589039178,15.55815439902011,10.0,10.0,G
20588,-61.55054875312466,15.558108203260817,10.0,10.0,G
20589,-61.55051425544532,15.558153603912546,10.0,10.0,G
20590,-61.55054682050741,15.558251057848441,10.0,10.0,G
20591,-61.550539075949445,15.55816651027485,10.0,10.0,G
20592,-61.55057013758898,15.55818163342179,10.0,10.0,G
20593,-61.55040647698205,15.558113781271654,10.0,10.0,G
20594,-61.55061984925849,15.558150056480248,10.0,10.0,G
20595,-61.55040523437781,15.558070702565796,10.0,10.0,G
20596,-61.550607217276465,15.558214145368925,10.0,10.0,G
20597,-61.550550266117526,15.55816233600264,10.0,10.0,G
20598,-61.55054584810679,15.558153914573749,10.0,10.0,G
20599,-61.55062580930829,15.558201272029757,10.0,10.0,G
20600,-61.55054694735165,15.558160457206444,10.0,10.0,G
20601,-61.55063465384959,15.558316565077364,10.0,10.0,G
20602,-61.55047239567302,15.558153559495747,10.0,10.0,G
20603,-61.55068069315575,15.55813627665682,10.0,10.0,G
20604,-61.55049420180005,15.558189928564241,10.0,10.0,G
20605,-61.55051791123036,15.558157849531808,10.0,10.0,G
20606,-61.55053897006622,15.558289612189354,10.0,10.0,G
20607,-61.55056580892491,15.558138284508885,10.0,10.0,G
20608,-61.55056499683033,15.558183857163554,10.0,10.0,G
20609,-61.55064713624919,15.558186349114127,10.0,10.0,G
20610,-61.5505748597868,15.558136635197734,10.0,10.0,G
20611,-61.550474385813494,15.558249505377496,10.0,10.0,G
20612,-61.5506149421583,15.558139862650584,10.0,10.0,G
20613,-61.55067663424072,15.558180619681226,10.0,10.0,G
20614,-61.55059149123561,15.558152075326888,10.0,10.0,G
20615,-61.55054440916417,15.558179361722798,10.0,10.0,G
20616,-61.5505272203864,15.558163971748645,10.0,10.0,G
20617,-61.550564483813965,15.558093906731571,10.0,10.0,G
20618,-61.550586742821494,15.558158718453527,10.0,10.0,G
20619,-61.550607659358995,15.558143365846512,10.0,10.0,G
20620,-61.55049847205406,15.55808402031293,10.0,10.0,G
20621,-61.550593974372624,15.558133759561205,10.0,10.0,G
20622,-61.550670911635954,15.558149955391391,10.0,10.0,G
20623,-61.550490059202815,15.558154480608087,10.0,10.0,G
20624,-61.55046494259543,15.557989321548938,10.0,10.0,G
20625,-61.55052568184591,15.558108072843652,10.0,10.0,G
20626,-61.55052126176617,15.558137118552757,10.0,10.0,G
20627,-61.550508600801585,15.55811379377794,10.0,10.0,G
20628,-61.550606934659186,15.558215700994667,10.0,10.0,G
20629,-61.550614470660875,15.55812513539764,10.0,10.0,G
20630,-61.55060352253039,15.558147426898751,10.0,10.0,G
20631,-61.55052160934973,15.558177890302785,10.0,10.0,G
20632,-61.55062147244123,15.558155296059235,10.0,10.0,G
20633,-61.550621529240985,15.558122983913353,10.0,10.0,G
20634,-61.55064841217356,15.558110131189634,10.0,10.0,G
20635,-61.550795274726866,15.558131108900053,10.0,10.0,G
20636,-61.55046655256025,15.558181116155932,10.0,10.0,G
20637,-61.55062741146922,15.558081119829014,10.0,10.0,G
20638,-61.55070579769652,15.558142722597685,10.0,10.0,G
20639,-61.55057945440246,15.557973414506094,10.0,10.0,G
20640,-61.550744120306824,15.557951138676362,10.0,10.0,G
20641,-61.550579640490355,15.558166296408743,10.0,10.0,G
20642,-61.550630374749254,15.558258246977017,10.0,10.0,G
20643,-61.55053136144053,15.55807226613634,10.0,10.0,G
20644,-61.55062972190622,15.558134583218,10.0,10.0,G
20645,-61.55066738849803,15.558188902069666,10.0,10.0,G
20646,-61.550781546313274,15.55812312166354,10.0,10.0,G
20647,-61.55071861600597,15.558141114162629,10.0,10.0,G
20648,-61.55068155618355,15.558110626052452,10.0,10.0,G
21864,-61.55272726347788,15.557339354808237,10.0,10.0,G
21865,-61.55271375248889,15.557259227727913,10.0,10.0,G
21866,-61.55270590571522,15.557343399813561,10.0,10.0,G
21867,-61.552822873403755,15.557352505945062,10.0,10.0,G
21868,-61.55270299129499,15.557335136337736,10.0,10.0,G
21869,-61.55267326915109,15.557347610880957,10.0,10.0,G
21870,-61.55273011758505,15.557345707011569,10.0,10.0,G
21871,-61.55272536855614,15.55733204906297,10.0,10.0,G
21872,-61.55271961499275,15.557347370988625,10.0,10.0,G
21873,-61.55266855355687,15.557315234185195,10.0,10.0,G
21874,-61.55280978473074,15.55730733730254,10.0,10.0,G
21875,-61.55271774365332,15.557341199219525,10.0,10.0,G
21876,-61.55271723026338,15.557404595657024,10.0,10.0,G
21877,-61.55269845764868,15.557368789570587,10.0,10.0,G
21878,-61.55274370011734,15.55737682295669,10.0,10.0,G
21879,-61.552746523244835,15.557328591235123,10.0,10.0,G
21880,-61.55259789089095,15.55725875459704,10.0,10.0,G
21881,-61.55258193119763,15.557253863468441,10.0,10.0,G
21882,-61.55279762031395,15.557486890277895,10.0,10.0,G
21883,-61.552629669352584,15.557394742289814,10.0,10.0,G
21884,-61.552783038053015,15.5573407162204,10.0,10.0,G
21885,-61.55275721654104,15.557394837186541,10.0,10.0,G
21886,-61.552661966669795,15.557239292454478,10.0,10.0,G
21887,-61.552601004181206,15.557326669771781,10.0,10.0,G
21888,-61.55274419792947,15.55734026737378,10.0,10.0,G
21889,-61.55275589866014,15.557408131354709,10.0,10.0,G
21890,-61.552729183234185,15.557430777561274,10.0,10.0,G
21891,-61.55281408506832,15.557327720811108,10.0,10.0,G
21892,-61.552668543072606,15.557435564366006,10.0,10.0,G
21893,-61.55274871512583,15.557345702085927,10.0,10.0,G
21894,-61.55277211618026,15.557314336596692,10.0,10.0,G
21895,-61.55265258733121,15.557539543596123,10.0,10.0,G
21896,-61.55279052807451,15.55725211325981,10.0,10.0,G
21897,-61.55271776598245,15.55745314498078,10.0,10.0,G
21898,-61.552823056865705,15.557422804904315,10.0,10.0,G
21899,-61.55275297232972,15.557247650624333,10.0,10.0,G
21900,-61.552768036195864,15.557335996348401,10.0,10.0,G
21901,-61.55277310237371,15.557328743468887,10.0,10.0,G
21902,-61.55284279467828,15.557327921452176,10.0,10.0,G
21903,-61.55283483121058,15.557368210859467,10.0,10.0,G
21904,-61.552787640268406,15.557342388073268,10.0,10.0,G
21905,-61.55272460038356,15.557334610333006,10.0,10.0,G
21906,-61.552708910034106,15.557214450768956,10.0,10.0,G
21907,-61.55286754733901,15.557233211459286,10.0,10.0,G
21908,-61.55275373693262,15.55731059468887,10.0,10.0,G
21909,-61.5527476876615,15.557345798171289,10.0,10.0,G
21910,-61.552853572729255,15.557328811098458,10.0,10.0,G
21911,-61.55289776626237,15.55729175275839,10.0,10.0,G
21912,-61.55285762861498,15.557313335064068,10.0,10.0,G
21913,-61.55278261755888,15.557328239129612,10.0,10.0,G
21914,-61.55287873296113,15.557399591549471,10.0,10.0,G
21915,-61.55287542969967,15.557353338666863,10.0,10.0,G
21916,-61.55280880960385,15.557297480980582,10.0,10.0,G
21917,-61.55276237503394,15.557518000832866,10.0,10.0,G
21918,-61.55273899001192,15.557449622006889,10.0,10.0,G
21919,-61.55278733210636,15.557335515204215,10.0,10.0,G
21920,-61.55274538680128,15.557386187591653,10.0,10.0,G
21921,-61.55286044977041,15.55745556388337,10.0,10.0,G
21922,-61.55268186572172,15.557242263853158,10.0,10.0,G
21923,-61.552745568109614,15.557458638171369,10.0,10.0,G
21924,-61.55279865896794,15.557484363749953,10.0,10.0,G
21925,-61.552895657206314,15.557201073903286,10.0,10.0,G
21926,-61.5528055717082,15.557309194485528,10.0,10.0,G
21927,-61.55281084756898,15.557343538131196,10.0,10.0,G
21928,-61.55273782292886,15.557163264299207,10.0,10.0,G
21929,-61.55280693174516,15.557327058680706,10.0,10.0,G
21930,-61.55283186004149,15.557333387764608,10.0,10.0,G
21931,-61.552929211667056,15.557180719692198,10.0,10.0,G
21932,-61.55263755359612,15.557264400511102,10.0,10.0,G
21933,-61.55278171905339,15.557322716229583,10.0,10.0,G
21934,-61.552796542590016,15.557285490231823,10.0,10.0,G
21935,-61.55268247855015,15.557249121010988,10.0,10.0,G
21936,-61.55292020500923,15.557288014273137,10.0,10.0,G
21937,-61.55282452848843,15.557270395312276,10.0,10.0,G
21938,-61.5528567690792,15.557264403097912,10.0,10.0,G
21939,-61.5528028613549,15.557373104489246,10.0,10.0,G
21940,-61.55279505554095,15.557347901899883,10.0,10.0,G
21941,-61.55280364295012,15.557313650335873,10.0,10.0,G
21942,-61.552874313665995,15.557313018471604,10.0,10.0,G
21943,-61.5528863459709,15.557363090350346,10.0,10.0,G
21944,-61.55277834550415,15.55740221911966,10.0,10.0,G
21945,-61.55279798209981,15.5572862758082,10.0,10.0,G
21946,-61.552754083177966,15.557280863046353,10.0,10.0,G
21947,-61.55277856268761,15.557332555359299,10.0,10.0,G
21948,-61.55283589803795,15.55730545143297,10.0,10.0,G
21949,-61.552975436560445,15.557331479417496,10.0,10.0,G
21950,-61.55281769268115,15.55749184453628,10.0,10.0,G
21951,-61.55284399388073,15.55730113471611,10.0,10.0,G
21952,-61.55291454848056,15.557402232160445,10.0,10.0,G
21953,-61.55286871942356,15.557306276528202,10.0,10.0,G
21954,-61.55284458501523,15.557289639304386,10.0,10.0,G
21955,-61.552904703936754,15.557414847006946,10.0,10.0,G
21956,-61.55276716984523,15.557266927485278,10.0,10.0,G
21957,-61.552853886956136,15.557288714324205,10.0,10.0,G
21958,-61.552790710021945,15.557166754620889,10.0,10.0,G
21959,-61.552845985819935,15.557343945393445,10.0,10.0,G
21960,-61.55285418153217,15.557303715392205,10.0,10.0,G
21961,-61.55288544834381,15.557295390632902,10.0,10.0,G
21962,-61.55291328386967,15.557309052440248,10.0,10.0,G
21963,-61.55287382116235,15.557419356481425,10.0,10.0,G
21964,-61.55292831171689,15.557264811539882,10.0,10.0,G
21965,-61.5529481402697,15.557225132509076,10.0,10.0,G
21966,-61.55287344222991,15.557197876803258,10.0,10.0,G
21967,-61.55287624218116,15.557326002160027,10.0,10.0,G
21968,-61.55286753641582,15.557280163358406,10.0,10.0,G
21969,-61.55293449033043,15.557343037053576,10.0,10.0,G
21970,-61.552838641221186,15.557262733179568,10.0,10.0,G
21971,-61.552885971887406,15.557235485024902,10.0,10.0,G
21972,-61.552881813237995,15.557335501661207,10.0,10.0,G
21973,-61.55295393386837,15.557347100227537,10.0,10.0,G
21974,-61.55285993609215,15.557477249606483,10.0,10.0,G
21975,-61.55288963882797,15.557291253374414,10.0,10.0,G
21976,-61.55278904384298,15.557348090507023,10.0,10.0,G
21977,-61.55289025994439,15.557260338375444,10.0,10.0,G
21978,-61.55288862256431,15.557290906465456,10.0,10.0,G
21979,-61.552891265488896,15.557293658474734,10.0,10.0,G
21980,-61.552886724268554,15.557292613250873,10.0,10.0,G
21981,-61.552822704548056,15.557201726239036,10.0,10.0,G
21982,-61.55297732671297,15.557242618536266,10.0,10.0,G
21983,-61.55288546521236,15.557281580290606,10.0,10.0,G
21984,-61.55302589687212,15.557225070274667,10.0,10.0,G
21985,-61.552803660592495,15.557333487026533,10.0,10.0,G
21986,-61.55290550269082,15.557253182434653,10.0,10.0,G
21987,-61.552976765099224,15.557240901782393,10.0,10.0,G
21988,-61.55289459652486,15.557383776917668,10.0,10.0,G
21989,-61.55294564607257,15.557271039494731,10.0,10.0,G
21990,-61.55296611911097,15.55723283031543,10.0,10.0,G
21991,-61.55290149992349,15.557288181773087,10.0,10.0,G
21992,-61.55291775013185,15.55735817336332,10.0,10.0,G
21993,-61.55295643913428,15.557360810254368,10.0,10.0,G
21994,-61.552802686299145,15.557352382055523,10.0,10.0,G
21995,-61.5529360745756,15.55736628578002,10.0,10.0,G
21996,-61.55290540805283,15.557340732690944,10.0,10.0,G
21997,-61.55296319201647,15.557148857454795,10.0,10.0,G
21998,-61.55292045519372,15.557297674576162,10.0,10.0,G
21999,-61.55288174235373,15.557333621367965,10.0,10.0,G
22000,-61.552792074399655,15.557382612683702,10.0,10.0,G
22001,-61.55300050409122,15.557272589933078,10.0,10.0,G
22002,-61.55283233908664,15.55712347982834,10.0,10.0,G
22003,-61.552907863678776,15.557389984062393,10.0,10.0,G
22004,-61.552927301271595,15.557355895729382,10.0,10.0,G
22005,-61.55295504320112,15.5573074100978,10.0,10.0,G
22006,-61.55297531677717,15.557403544447501,10.0,10.0,G
22007,-61.552932056032404,15.55727645013617,10.0,10.0,G
22008,-61.552898548437234,15.557269943123979,10.0,10.0,G
22009,-61.55293596299349,15.55726048488018,10.0,10.0,G
22010,-61.55290383269092,15.557279119366271,10.0,10.0,G
22011,-61.552932256789944,15.557281242603874,10.0,10.0,G
22012,-61.553062377543284,15.557424405468431,10.0,10.0,G
22013,-61.55296050418696,15.557291541568242,10.0,10.0,G
22014,-61.5528982738227,15.557309208436058,10.0,10.0,G
22015,-61.552921767235084,15.557333251406828,10.0,10.0,G
22016,-61.55296301557634,15.557273202296168,10.0,10.0,G
22017,-61.55295250674743,15.55726387130621,10.0,10.0,G
22018,-61.55296135661969,15.557265783766631,10.0,10.0,G
22019,-61.552943243549734,15.557278597555825,10.0,10.0,G
22020,-61.55301469379685,15.557210407491352,10.0,10.0,G
22021,-61.55290624983957,15.557199567789462,10.0,10.0,G
22022,-61.552912802705244,15.557287847698223,10.0,10.0,G
22023,-61.552991692510595,15.55725167284662,10.0,10.0,G
22024,-61.552950510822235,15.557271033102001,10.0,10.0,G
22025,-61.55302059568229,15.557262741849687,10.0,10.0,G
22026,-61.55298332985014,15.557254548292672,10.0,10.0,G
22027,-61.5529560189383,15.557258525041059,10.0,10.0,G
22028,-61.552870987345855,15.557340991250758,10.0,10.0,G
22029,-61.55292754223085,15.557304600182198,10.0,10.0,G
22030,-61.553098078796424,15.55737419469248,10.0,10.0,G
22031,-61.55298119270373,15.557256700991905,10.0,10.0,G
22032,-61.55291072399854,15.55724731357759,10.0,10.0,G
22033,-61.552921292713194,15.557367200099899,10.0,10.0,G
22034,-61.5528932111809,15.557270309688962,10.0,10.0,G
22035,-61.5529371456275,15.557233492111484,10.0,10.0,G
22036,-61.55297579913344,15.557257561289513,10.0,10.0,G
22037,-61.55301814430037,15.557205999783584,10.0,10.0,G
22038,-61.55292591098503,15.55731631500205,10.0,10.0,G
22039,-61.55297905184925,15.55726345708075,10.0,10.0,G
22040,-61.553031805267615,15.557255215424956,10.0,10.0,G
22041,-61.553025447706894,15.557286586814335,10.0,10.0,G
22042,-61.55286369754747,15.55727745846811,10.0,10.0,G
22043,-61.552927341890054,15.55715946504222,10.0,10.0,G
22044,-61.5529860583428,15.557272949995514,10.0,10.0,G
22045,-61.552954751682044,15.557244275636476,10.0,10.0,G
22046,-61.55299226746423,15.557286432985123,10.0,10.0,G
22047,-61.552878034830904,15.557362209974839,10.0,10.0,G
22048,-61.5529874176708,15.557352287542342,10.0,10.0,G
22049,-61.55292633039877,15.557305867852188,10.0,10.0,G
22050,-61.55298788746808,15.557190696611114,10.0,10.0,G
22051,-61.552938642111194,15.557241032851275,10.0,10.0,G
22052,-61.55297512096826,15.557242441490658,10.0,10.0,G
22053,-61.55297503048742,15.557189399801112,10.0,10.0,G
22054,-61.55308635997649,15.55724279177828,10.0,10.0,G
22055,-61.552962731976685,15.557250655198338,10.0,10.0,G
22056,-61.553044201298974,15.557223590453303,10.0,10.0,G
22057,-61.5530019235738,15.55724767055483,10.0,10.0,G
22058,-61.552944701325,15.557214514226947,10.0,10.0,G
22059,-61.55303990958072,15.55729786411162,10.0,10.0,G
22060,-61.55298728095349,15.557309080575786,10.0,10.0,G
22061,-61.55315987557554,15.557282552801025,10.0,10.0,G
22062,-61.55300816939925,15.55725108341568,10.0,10.0,G
22063,-61.552773917936605,15.557162453543638,10.0,10.0,G
22064,-61.5531470886243,15.557238302345255,10.0,10.0,G
22065,-61.552806010577946,15.557219361444464,10.0,10.0,G
22066,-61.55303675173141,15.557299661410996,10.0,10.0,G
22067,-61.55298688262265,15.557360606087212,10.0,10.0,G
22068,-61.55298519354641,15.557230786165839,10.0,10.0,G
22069,-61.553048949263875,15.557260833169483,10.0,10.0,G
22070,-61.55306535322892,15.55730840747625,10.0,10.0,G
22071,-61.55300944903088,15.557242298314303,10.0,10.0,G
22072,-61.55290077837875,15.557127155995081,10.0,10.0,G
22073,-61.553049408054726,15.557344095663588,10.0,10.0,G
22074,-61.553037131286594,15.557199019803127,10.0,10.0,G
22075,-61.552974383877455,15.557266383119732,10.0,10.0,G
22076,-61.553018966104915,15.557217721107195,10.0,10.0,G
22077,-61.55297809039796,15.557274389450644,10.0,10.0,G
22078,-61.55305752472076,15.557239284720604,10.0,10.0,G
22079,-61.553037096398114,15.557250995022223,10.0,10.0,G
22080,-61.55293242354344,15.557216239120054,10.0,10.0,G
22081,-61.55299095132374,15.557228996138877,10.0,10.0,G
22082,-61.55304739297064,15.557352650734462,10.0,10.0,G
22083,-61.55302883215955,15.557253357696586,10.0,10.0,G
22084,-61.55298919900428,15.557198421215768,10.0,10.0,G
22085,-61.552972044562786,15.55730555390309,10.0,10.0,G
22086,-61.55305077920361,15.557227746038484,10.0,10.0,G
22087,-61.55303579805818,15.557235783305034,10.0,10.0,G
22088,-61.55309055214179,15.557312128335147,10.0,10.0,G
22089,-61.552928732770866,15.557200781404894,10.0,10.0,G
22090,-61.55303481342319,15.557161433645986,10.0,10.0,G
22091,-61.55303480956788,15.557284340112686,10.0,10.0,G
22092,-61.553095520991455,15.557293237899136,10.0,10.0,G
22093,-61.552943435996916,15.557258963898574,10.0,10.0,G
22094,-61.552935808491505,15.557283268204227,10.0,10.0,G
22095,-61.55306276817649,15.557224956433524,10.0,10.0,G
22096,-61.55307338484997,15.557041117629133,10.0,10.0,G
22097,-61.552972189543645,15.557333084139943,10.0,10.0,G
22098,-61.55312502401654,15.557320152216478,10.0,10.0,G
22099,-61.55308049628854,15.557207307632716,10.0,10.0,G
22100,-61.553184474999114,15.557128868358891,10.0,10.0,G
22101,-61.55311387800082,15.55728314259724,10.0,10.0,G
22102,-61.553161997430486,15.557184567818895,10.0,10.0,G
22103,-61.55307325198494,15.557141037911554,10.0,10.0,G
22104,-61.55309691663925,15.557265408854445,10.0,10.0,G
22105,-61.553107702940444,15.557409330020905,10.0,10.0,G
22106,-61.553238092810105,15.557349744401959,10.0,10.0,G
22107,-61.55317982311983,15.557334629878332,10.0,10.0,G
22108,-61.55308427491541,15.557235303260722,10.0,10.0,G
22109,-61.553059268396275,15.557227075024537,10.0,10.0,G
22110,-61.55307209969533,15.55725532009539,10.0,10.0,G
22111,-61.55308945711252,15.557224034135182,10.0,10.0,G
22112,-61.55301259638712,15.557381346039358,10.0,10.0,G
22113,-61.55306304206745,15.557191553921662,10.0,10.0,G
22114,-61.5529899154299,15.557186721617596,10.0,10.0,G
22115,-61.55300134254385,15.557223778875828,10.0,10.0,G
22116,-61.55308431687983,15.557151144690422,10.0,10.0,G
22117,-61.55309217641682,15.557225879894931,10.0,10.0,G
22118,-61.55311820240336,15.557240397844353,10.0,10.0,G
22119,-61.553110367250845,15.55727182174722,10.0,10.0,G
22120,-61.55312069903518,15.557034021313287,10.0,10.0,G
22121,-61.55298935479079,15.557350245332655,10.0,10.0,G
22122,-61.55310746134968,15.557236220197716,10.0,10.0,G
22123,-61.55309735588545,15.55722590236068,10.0,10.0,G
22124,-61.55329834748494,15.557181590066063,10.0,10.0,G
22125,-61.5531751495148,15.55719325449617,10.0,10.0,G
22126,-61.553035422782294,15.557183531222122,10.0,10.0,G
22127,-61.55307821074616,15.557209876431342,10.0,10.0,G
22128,-61.553026228615956,15.557179342574509,10.0,10.0,G
22129,-61.55305395199549,15.557234482037241,10.0,10.0,G
22130,-61.55310929498526,15.557273539110414,10.0,10.0,G
22131,-61.55305696818452,15.557253334527207,10.0,10.0,G
22132,-61.55322003473456,15.557113289489156,10.0,10.0,G
22133,-61.55293104789668,15.557240904180173,10.0,10.0,G
22134,-61.55289364649897,15.557138851724837,10.0,10.0,G
22135,-61.55312408119006,15.557217038737702,10.0,10.0,G
22136,-61.55320948442155,15.557328076573876,10.0,10.0,G
22137,-61.553207500735745,15.557142945794554,10.0,10.0,G
22138,-61.553044150050745,15.557372105412693,10.0,10.0,G
22139,-61.55315263864007,15.557290928325173,10.0,10.0,G
22140,-61.553219151259476,15.55708167311949,10.0,10.0,G
22141,-61.55311907301883,15.557211348198605,10.0,10.0,G
22142,-61.55308769702277,15.557202494450078,10.0,10.0,G
22143,-61.55307071653217,15.557347453438805,10.0,10.0,G
22144,-61.55309665190531,15.557256101373936,10.0,10.0,G
22145,-61.553095640154034,15.557121703613488,10.0,10.0,G
22146,-61.55318151933145,15.557255534561335,10.0,10.0,G
22147,-61.55315070967832,15.557129780470818,10.0,10.0,G
22148,-61.55312387005347,15.557192248888565,10.0,10.0,G
22149,-61.55314615928385,15.557207730993257,10.0,10.0,G
22150,-61.5531264155786,15.557213919967646,10.0,10.0,G
22151,-61.553160765198186,15.557252482887204,10.0,10.0,G
22152,-61.553098806677895,15.557285380919769,10.0,10.0,G
22153,-61.55315000300926,15.557200585631819,10.0,10.0,G
22154,-61.55321458923031,15.557275250144182,10.0,10.0,G
22155,-61.55314438518504,15.557206946594707,10.0,10.0,G
22156,-61.55315443209534,15.55713762989386,10.0,10.0,G
22157,-61.55315591191323,15.557207475691078,10.0,10.0,G
22158,-61.55311939863646,15.557173860491996,10.0,10.0,G
22159,-61.55313727780096,15.557209426475263,10.0,10.0,G
22160,-61.55311979935744,15.557302411044377,10.0,10.0,G
22161,-61.55314963506903,15.557230952281214,10.0,10.0,G
22162,-61.55304323162793,15.557147150149031,10.0,10.0,G
22163,-61.55316877344386,15.55721450130126,10.0,10.0,G
22164,-61.5532807304406,15.557158680985836,10.0,10.0,G
22165,-61.55316397489446,15.557206893720336,10.0,10.0,G
22166,-61.5532422566665,15.557245203647831,10.0,10.0,G
22167,-61.55324052244987,15.557173024183685,10.0,10.0,G
22168,-61.55321297465775,15.55723877395549,10.0,10.0,G
22169,-61.55309122412314,15.55716362962635,10.0,10.0,G
22170,-61.553188370014325,15.557232377703494,10.0,10.0,G
22171,-61.55323214674747,15.557237532150793,10.0,10.0,G
22172,-61.552979744769054,15.557182189265987,10.0,10.0,G
22173,-61.55327863026384,15.557166749383365,10.0,10.0,G
22174,-61.55317290024886,15.557287736954853,10.0,10.0,G
22175,-61.55326552882873,15.557211067307154,10.0,10.0,G
22176,-61.55321869172167,15.557238212224126,10.0,10.0,G
22177,-61.553243651699155,15.557211903346294,10.0,10.0,G
22178,-61.55318461732869,15.557201657384601,10.0,10.0,G
22179,-61.5532487990993,15.557311439198298,10.0,10.0,G
22180,-61.55319286474008,15.557187168215401,10.0,10.0,G
22181,-61.55319205912154,15.55720124403678,10.0,10.0,G
22182,-61.55317813458857,15.557198591847653,10.0,10.0,G
22183,-61.55321170118943,15.557162034088341,10.0,10.0,G
22184,-61.55319535020805,15.557195523352062,10.0,10.0,G
22185,-61.55319208303977,15.55724730763332,10.0,10.0,G
22186,-61.55314622954632,15.55721984818152,10.0,10.0,G
22187,-61.55338738009101,15.55732114482158,10.0,10.0,G
22188,-61.55314500064175,15.557091004041284,10.0,10.0,G
22189,-61.553316332429276,15.557271950511623,10.0,10.0,G
22190,-61.55318477898563,15.557171609865634,10.0,10.0,G
22191,-61.55313513719961,15.557211264462856,10.0,10.0,G
22192,-61.55324060409651,15.557180538845474,10.0,10.0,G
22193,-61.55318978984529,15.557229966558733,10.0,10.0,G
22194,-61.55313087105419,15.557195806112604,10.0,10.0,G
22195,-61.553170931334385,15.557059049501317,10.0,10.0,G
22196,-61.55327934502581,15.557227225741345,10.0,10.0,G
22197,-61.55322127543891,15.557211345539374,10.0,10.0,G
22198,-61.55316020553472,15.557044422704559,10.0,10.0,G
22199,-61.55324751126045,15.557086676251213,10.0,10.0,G
22200,-61.553224801481974,15.557196464946548,10.0,10.0,G
22201,-61.55318972766073,15.55715279245066,10.0,10.0,G
22202,-61.553188200344934,15.55743902700274,10.0,10.0,G
22203,-61.553219450507896,15.557205697951906,10.0,10.0,G
22204,-61.553165213979575,15.557135923046506,10.0,10.0,G
22205,-61.55319769229204,15.557210019518148,10.0,10.0,G
22206,-61.55302593951961,15.557252498489387,10.0,10.0,G
22207,-61.553222131160375,15.557270588600208,10.0,10.0,G
22208,-61.55319891063809,15.557255815592065,10.0,10.0,G
22209,-61.55335329052093,15.557192882899464,10.0,10.0,G
22210,-61.553204753651976,15.55718148014191,10.0,10.0,G
22211,-61.55321675051461,15.557173669955866,10.0,10.0,G
22212,-61.553150513648234,15.557245524295142,10.0,10.0,G
22213,-61.5530873552767,15.55726395509677,10.0,10.0,G
22214,-61.553119873752024,15.557091055613819,10.0,10.0,G
22215,-61.55335308223619,15.557337458925197,10.0,10.0,G
22216,-61.55325631291483,15.557185890821346,10.0,10.0,G
22217,-61.55328808084295,15.55711441374737,10.0,10.0,G
22218,-61.553236370431186,15.55714750172771,10.0,10.0,G
22219,-61.55321126114414,15.55731213331656,10.0,10.0,G
22220,-61.55324578530302,15.557175204529985,10.0,10.0,G
22221,-61.55328234949091,15.557295532006584,10.0,10.0,G
22222,-61.55312663767688,15.557035625443625,10.0,10.0,G
22223,-61.55325023277984,15.5571838276913,10.0,10.0,G
22224,-61.55332587287232,15.557183400875152,10.0,10.0,G
22225,-61.553138651513414,15.557280430341208,10.0,10.0,G
22226,-61.55317731668898,15.557208697912111,10.0,10.0,G
22227,-61.553218202682665,15.557284871013719,10.0,10.0,G
22228,-61.55327084300885,15.557180128917079,10.0,10.0,G
22229,-61.55326905106752,15.557187716465307,10.0,10.0,G
22230,-61.55326657183644,15.557166858262747,10.0,10.0,G
22231,-61.553172846076656,15.55721361607423,10.0,10.0,G
22232,-61.55322433674658,15.557212944751354,10.0,10.0,G
22233,-61.55345517492702,15.557208677197131,10.0,10.0,G
22234,-61.55326431359705,15.55717668252429,10.0,10.0,G
22235,-61.55329592821077,15.557288424248929,10.0,10.0,G
22236,-61.553269197487175,15.557177079264715,10.0,10.0,G
22237,-61.553269746223215,15.557172996572238,10.0,10.0,G
22238,-61.553286239533904,15.557189777647487,10.0,10.0,G
22239,-61.55318531148813,15.557041973041025,10.0,10.0,G
22240,-61.55333617452623,15.557149360520283,10.0,10.0,G
22241,-61.553249117018154,15.557222008208326,10.0,10.0,G
22242,-61.55322621681027,15.557085106864553,10.0,10.0,G
22243,-61.55331312282336,15.557283546512389,10.0,10.0,G
22244,-61.55326819932168,15.557217055518805,10.0,10.0,G
22245,-61.553321092975565,15.557236437437401,10.0,10.0,G
22246,-61.553319784250824,15.557164394362859,10.0,10.0,G
22247,-61.55328831166813,15.557136869676144,10.0,10.0,G
22248,-61.55329014457602,15.557171585860472,10.0,10.0,G
22249,-61.55331798673433,15.557274191801346,10.0,10.0,G
22250,-61.55328305067937,15.55705824587564,10.0,10.0,G
22251,-61.55330488923607,15.557183953262772,10.0,10.0,G
22252,-61.55327955885416,15.557142734970771,10.0,10.0,G
22253,-61.55325932881934,15.55719791754254,10.0,10.0,G
22254,-61.553288504865385,15.55721214534741,10.0,10.0,G
22255,-61.55337241518741,15.5572768497657,10.0,10.0,G
22256,-61.55327386294002,15.557045245883957,10.0,10.0,G
22257,-61.55332421182181,15.557198771287602,10.0,10.0,G
22258,-61.553333376383904,15.5572543124095,10.0,10.0,G
22259,-61.55329688862597,15.55716777148004,10.0,10.0,G
22260,-61.553091035936426,15.557126060571653,10.0,10.0,G
22261,-61.55330605926545,15.557171402310962,10.0,10.0,G
22262,-61.553230438536,15.557212510102579,10.0,10.0,G
22263,-61.55327159477362,15.557126562485943,10.0,10.0,G
22264,-61.553306963367916,15.557261933986359,10.0,10.0,G
22265,-61.553368661172726,15.557064630930533,10.0,10.0,G
22266,-61.55353413610099,15.557146675526774,10.0,10.0,G
22267,-61.55331950704865,15.557159075773725,10.0,10.0,G
22268,-61.553384390476,15.557214490153628,10.0,10.0,G
22269,-61.55341021275711,15.557119698485304,10.0,10.0,G
22270,-61.553391390287864,15.557090309348773,10.0,10.0,G
22271,-61.55331244280083,15.557242017058266,10.0,10.0,G
22272,-61.553353294614176,15.55716522130501,10.0,10.0,G
22273,-61.55337394462305,15.557220624436308,10.0,10.0,G
22274,-61.5533118988157,15.557146383133789,10.0,10.0,G
22275,-61.55327816772459,15.557320021374794,10.0,10.0,G
22276,-61.55333632820884,15.55716283120666,10.0,10.0,G
22277,-61.553353797834106,15.55716545470032,10.0,10.0,G
22278,-61.553304224066665,15.557249256218414,10.0,10.0,G
22279,-61.55333212702621,15.557255232865746,10.0,10.0,G
22280,-61.55337123041488,15.557201943154764,10.0,10.0,G
22281,-61.55345742416623,15.557109940689802,10.0,10.0,G
22282,-61.553317454548925,15.557132304859875,10.0,10.0,G
22283,-61.55326253009273,15.55710477458222,10.0,10.0,G
22284,-61.55348192814003,15.557181972573353,10.0,10.0,G
22285,-61.553339147579706,15.557174590585378,10.0,10.0,G
22286,-61.553245495109614,15.557086158076896,10.0,10.0,G
22287,-61.553148398960204,15.557044845872289,10.0,10.0,G
22288,-61.553275841966865,15.55725222442308,10.0,10.0,G
22289,-61.55327890071783,15.557249267769269,10.0,10.0,G
22290,-61.553345605235926,15.557158365760953,10.0,10.0,G
22291,-61.553343638816195,15.557149648413969,10.0,10.0,G
22292,-61.553303455487715,15.557151751604328,10.0,10.0,G
22293,-61.55330096599796,15.557095883342317,10.0,10.0,G
22294,-61.553258974798155,15.55707577603622,10.0,10.0,G
22295,-61.55321459537838,15.557156856058885,10.0,10.0,G
22296,-61.55348373400929,15.557387136317137,10.0,10.0,G
22297,-61.55336142187952,15.557098895666666,10.0,10.0,G
22298,-61.55340722427885,15.557133473920537,10.0,10.0,G
22299,-61.553354311512855,15.557141924353772,10.0,10.0,G
22300,-61.55337823126457,15.557148113401276,10.0,10.0,G
22301,-61.553406477806455,15.557090197733933,10.0,10.0,G
22302,-61.55340558812074,15.557107584224793,10.0,10.0,G
22303,-61.55332803375416,15.557117865256382,10.0,10.0,G
22304,-61.55329590980213,15.557122963687242,10.0,10.0,G
22305,-61.55343211169141,15.557158196679323,10.0,10.0,G
22306,-61.55339634867239,15.557176935132432,10.0,10.0,G
22307,-61.553374648650305,15.557184456644592,10.0,10.0,G
22308,-61.55341571105079,15.557137087741276,10.0,10.0,G
22309,-61.55351032206268,15.557141469254926,10.0,10.0,G
22310,-61.553367318553626,15.557112409628667,10.0,10.0,G
22311,-61.55337317849989,15.557123658608495,10.0,10.0,G
22312,-61.55333797498844,15.557176462751428,10.0,10.0,G
22313,-61.55345469074389,15.556910532065052,10.0,10.0,G
22314,-61.5534100921013,15.557137180592418,10.0,10.0,G
22315,-61.55338889311055,15.557144689375598,10.0,10.0,G
22316,-61.55345484520215,15.557224265118998,10.0,10.0,G
22317,-61.55343658590155,15.557141059824241,10.0,10.0,G
22318,-61.5532639606886,15.557138979906597,10.0,10.0,G
22319,-61.553346702754446,15.557127479236247,10.0,10.0,G
22320,-61.55337073217268,15.557101691198202,10.0,10.0,G
22321,-61.55334546571799,15.557185192986621,10.0,10.0,G
22322,-61.55333203601595,15.557144845190507,10.0,10.0,G
22323,-61.55354614870301,15.55702937524494,10.0,10.0,G
22324,-61.5533930251905,15.557095299503214,10.0,10.0,G
22325,-61.553361754368964,15.557057892088567,10.0,10.0,G
22326,-61.55334554722946,15.55716273626122,10.0,10.0,G
22327,-61.553371429795675,15.557187770885816,10.0,10.0,G
22328,-61.55342141168193,15.557149302843872,10.0,10.0,G
22329,-61.55343571323623,15.55715703256705,10.0,10.0,G
22330,-61.553482410777534,15.557155291004625,10.0,10.0,G
22331,-61.55334592358173,15.55714411822062,10.0,10.0,G
22332,-61.553387739564826,15.557201983252666,10.0,10.0,G
22333,-61.553356154149355,15.55715553750815,10.0,10.0,G
22334,-61.55344816651563,15.557114817464281,10.0,10.0,G
22335,-61.5533664165897,15.55716203095007,10.0,10.0,G
22336,-61.55335836185044,15.55711653585272,10.0,10.0,G
22337,-61.5533445358032,15.55709820841287,10.0,10.0,G
22338,-61.55349567419143,15.557061808079307,10.0,10.0,G
22339,-61.553414101174226,15.557106366870583,10.0,10.0,G
22340,-61.553421989049276,15.55712579598809,10.0,10.0,G
22341,-61.55340692080136,15.557201998532356,10.0,10.0,G
22342,-61.55341887238608,15.55712949603127,10.0,10.0,G
22343,-61.55340284148952,15.556990254437322,10.0,10.0,G
22344,-61.55341208441832,15.556987053632952,10.0,10.0,G
22345,-61.55348778428174,15.55714429695876,10.0,10.0,G
22346,-61.55338338042057,15.557118341674169,10.0,10.0,G
22347,-61.55330879969702,15.55712215160109,10.0,10.0,G
22348,-61.55337640740302,15.557172769312096,10.0,10.0,G
22349,-61.55349476370901,15.557231044755616,10.0,10.0,G
22350,-61.55341148004216,15.557124013556189,10.0,10.0,G
22351,-61.55334763474063,15.557181913862594,10.0,10.0,G
22352,-61.55333965348568,15.557136486960205,10.0,10.0,G
22353,-61.553432602220475,15.557121951646055,10.0,10.0,G
22354,-61.55337521253016,15.5571190720479,10.0,10.0,G
22355,-61.55341956652986,15.556994528260285,10.0,10.0,G
22356,-61.55353383534682,15.557065982982417,10.0,10.0,G
22357,-61.55342427918423,15.557117403273118,10.0,10.0,G
22358,-61.553376220074746,15.557239324345282,10.0,10.0,G
22359,-61.553517316792785,15.557108481232302,10.0,10.0,G
22360,-61.55340662111538,15.557159099261648,10.0,10.0,G
22361,-61.553374708834816,15.557096975438093,10.0,10.0,G
22362,-61.553455906811756,15.557128424399423,10.0,10.0,G
22363,-61.55328064355727,15.557289650129261,10.0,10.0,G
22364,-61.553420446671005,15.557114071899454,10.0,10.0,G
22365,-61.55345407307344,15.557119504977754,10.0,10.0,G
22366,-61.553436975616506,15.557134771585892,10.0,10.0,G
22367,-61.553483877483494,15.557075620206879,10.0,10.0,G
22368,-61.553417743962385,15.55713284329449,10.0,10.0,G
22369,-61.55359790739303,15.557124863946308,10.0,10.0,G
22370,-61.553420477874994,15.557146275352382,10.0,10.0,G
22371,-61.553449166568555,15.557063670528509,10.0,10.0,G
22372,-61.55345878451916,15.557121752807602,10.0,10.0,G
22373,-61.55346930314979,15.55710854181264,10.0,10.0,G
22374,-61.553474318242536,15.557123697092061,10.0,10.0,G
22375,-61.55350462422496,15.557105442727906,10.0,10.0,G
22376,-61.553387087032206,15.557114054825135,10.0,10.0,G
22377,-61.55346130784827,15.557204224788482,10.0,10.0,G
22378,-61.55338216823915,15.557117919095015,10.0,10.0,G
22379,-61.55341410756459,15.556989879314315,10.0,10.0,G
22380,-61.553380846487286,15.557147908792496,10.0,10.0,G
22381,-61.55336560341005,15.557280398376902,10.0,10.0,G
22382,-61.55351857080156,15.55712725628982,10.0,10.0,G
22383,-61.553465296747476,15.55704633036393,10.0,10.0,G
22384,-61.553470847524906,15.557174116967737,10.0,10.0,G
22385,-61.55347004594131,15.557103704934686,10.0,10.0,G
22386,-61.55347624110261,15.557094814237962,10.0,10.0,G
22387,-61.55359905546776,15.557076664194069,10.0,10.0,G
22388,-61.5534753540646,15.557128939647278,10.0,10.0,G
22389,-61.55347548206998,15.557015766656605,10.0,10.0,G
22390,-61.55354317101076,15.557097144296636,10.0,10.0,G
22391,-61.553506770821954,15.557088338826517,10.0,10.0,G
22392,-61.5534524102322,15.557108060224085,10.0,10.0,G
22393,-61.553653500615894,15.557095036637573,10.0,10.0,G
22394,-61.553569578438406,15.557125234310636,10.0,10.0,G
22395,-61.55350258968736,15.557114457738702,10.0,10.0,G
22396,-61.55346046359597,15.557063378383168,10.0,10.0,G
22397,-61.5535006456343,15.557108079500757,10.0,10.0,G
22398,-61.553467418680846,15.557048761117892,10.0,10.0,G
22399,-61.55332703438107,15.557146605509814,10.0,10.0,G
22400,-61.55348467284462,15.557132201853713,10.0,10.0,G
22401,-61.55341197857116,15.557006208884216,10.0,10.0,G
22402,-61.553580120954756,15.557098773586487,10.0,10.0,G
22403,-61.553504705972514,15.55710144597577,10.0,10.0,G
22404,-61.553427334443,15.557059698223473,10.0,10.0,G
22405,-61.553539288029725,15.557075939826293,10.0,10.0,G
22406,-61.55355728128192,15.55708626900878,10.0,10.0,G
22407,-61.55351259929264,15.55710821711455,10.0,10.0,G
22408,-61.553506083052916,15.557114756385987,10.0,10.0,G
22409,-61.553512250681166,15.557101084031304,10.0,10.0,G
22410,-61.553385359170825,15.557075627126405,10.0,10.0,G
22411,-61.553556696700426,15.557044891356721,10.0,10.0,G
22412,-61.55349410954868,15.557174131873454,10.0,10.0,G
22413,-61.553553679444654,15.55702247449025,10.0,10.0,G
22414,-61.5535264706679,15.557127757258574,10.0,10.0,G
22415,-61.55329951321897,15.557153627918684,10.0,10.0,G
22416,-61.55359829132289,15.55701788878082,10.0,10.0,G
22417,-61.553528774651724,15.557016429874706,10.0,10.0,G
22418,-61.55346208489008,15.557166047179061,10.0,10.0,G
22419,-61.55342638958192,15.557129155662883,10.0,10.0,G
22420,-61.553435598448694,15.557070564437655,10.0,10.0,G
22421,-61.55345814583122,15.557121879197389,10.0,10.0,G
22422,-61.55352943108207,15.557171489821723,10.0,10.0,G
22423,-61.553511502350815,15.557018671345494,10.0,10.0,G
22424,-61.55346964032037,15.55708288647111,10.0,10.0,G
22425,-61.55353031711196,15.557082572833206,10.0,10.0,G
22426,-61.55349766203109,15.557073256313243,10.0,10.0,G
22427,-61.55355661328476,15.557174004787035,10.0,10.0,G
22428,-61.553451437627835,15.557124254184686,10.0,10.0,G
22429,-61.55357499084363,15.557067233776976,10.0,10.0,G
22430,-61.5535828661097,15.556988616273546,10.0,10.0,G
22431,-61.553598473378656,15.557176906340983,10.0,10.0,G
22432,-61.55366576664125,15.557016676974559,10.0,10.0,G
22433,-61.55353145322021,15.557059469254812,10.0,10.0,G
22434,-61.55349282946629,15.55718205754941,10.0,10.0,G
22435,-61.55351416451542,15.557102773263317,10.0,10.0,G
22436,-61.55355446801497,15.557105135155899,10.0,10.0,G
22437,-61.553588168361834,15.557076566495326,10.0,10.0,G
22438,-61.55350638405991,15.557143214508292,10.0,10.0,G
22439,-61.55355614457006,15.557090311604833,10.0,10.0,G
22440,-61.553509617520966,15.55716456112289,10.0,10.0,G
22441,-61.55358508280987,15.557177082561694,10.0,10.0,G
22442,-61.55354349303275,15.557108835730975,10.0,10.0,G
22443,-61.55356467111602,15.557088899602851,10.0,10.0,G
22444,-61.55351307465883,15.557186903224851,10.0,10.0,G
22445,-61.553709939172535,15.55703510009199,10.0,10.0,G
22446,-61.55356662295745,15.557086809605032,10.0,10.0,G
22447,-61.55354180308814,15.557070592107168,10.0,10.0,G
22448,-61.5535432916083,15.55708013157389,10.0,10.0,G
22449,-61.553587992878555,15.55710053275438,10.0,10.0,G
22450,-61.55342191592966,15.55707287303044,10.0,10.0,G
22451,-61.55349806430083,15.557111095613559,10.0,10.0,G
22452,-61.55358558321131,15.557062108065182,10.0,10.0,G
22453,-61.55356328907392,15.557053622700233,10.0,10.0,G
22454,-61.55362610061509,15.556913290060669,10.0,10.0,G
22455,-61.553527996977174,15.557063768918676,10.0,10.0,G
22456,-61.553593606423036,15.557096615766573,10.0,10.0,G
22457,-61.553346648112715,15.556987420941644,10.0,10.0,G
22458,-61.55370910495263,15.557124125934706,10.0,10.0,G
22459,-61.55356869016596,15.557103774662801,10.0,10.0,G
22460,-61.553592138145014,15.557059636493507,10.0,10.0,G
22461,-61.55360121847125,15.5571659488409,10.0,10.0,G
22462,-61.55357688804887,15.557059142628866,10.0,10.0,G
22463,-61.55356176457414,15.557077710267865,10.0,10.0,G
22464,-61.553555586604524,15.557098318059628,10.0,10.0,G
22465,-61.55365423178567,15.557043847377088,10.0,10.0,G
22466,-61.55358664672864,15.557076761108833,10.0,10.0,G
22467,-61.55361304643215,15.557056489445324,10.0,10.0,G
22468,-61.55359418287307,15.557078450865086,10.0,10.0,G
22469,-61.553633204021104,15.557124473263125,10.0,10.0,G
22470,-61.55362071333793,15.557202673506032,10.0,10.0,G
22471,-61.553663125854285,15.557068297702823,10.0,10.0,G
22472,-61.55352749310865,15.557066031641401,10.0,10.0,G
22473,-61.55355860323827,15.557085098052088,10.0,10.0,G
22474,-61.553631449300205,15.557055316749468,10.0,10.0,G
22475,-61.55359444475628,15.557200921601257,10.0,10.0,G
22476,-61.55367176003459,15.55700729799182,10.0,10.0,G
22477,-61.55359644908823,15.557052326201978,10.0,10.0,G
22478,-61.5536287176335,15.557030118912493,10.0,10.0,G
22479,-61.55361133551462,15.557090723329045,10.0,10.0,G
22480,-61.55361298448899,15.557075239229565,10.0,10.0,G
22481,-61.55361444915392,15.557090215614016,10.0,10.0,G
22482,-61.553704851236084,15.557136645285167,10.0,10.0,G
22483,-61.553602865530266,15.55705938509277,10.0,10.0,G
22484,-61.55358770054114,15.557081392483946,10.0,10.0,G
22485,-61.55362222050369,15.55706921602932,10.0,10.0,G
22486,-61.55369045997636,15.557050419096818,10.0,10.0,G
22487,-61.55356527927357,15.557038727987226,10.0,10.0,G
22488,-61.55378699252136,15.557023270518188,10.0,10.0,G
22489,-61.55367421441298,15.55711659227388,10.0,10.0,G
22490,-61.55358873378115,15.557055019928143,10.0,10.0,G
22491,-61.553635715632964,15.557153326766942,10.0,10.0,G
22492,-61.55356085395457,15.557008618173787,10.0,10.0,G
22493,-61.553587108656934,15.55714540099299,10.0,10.0,G
22494,-61.55371158763098,15.556995382559432,10.0,10.0,G
22495,-61.55368902628786,15.55708572004189,10.0,10.0,G
22496,-61.5536292569626,15.557091814091429,10.0,10.0,G
22497,-61.55367629140465,15.5569285008095,10.0,10.0,G
22498,-61.5536962828128,15.557069444882039,10.0,10.0,G
22499,-61.553703166481775,15.55706946434413,10.0,10.0,G
22500,-61.55372287176659,15.557028578270616,10.0,10.0,G
22501,-61.55363523684149,15.557036709352001,10.0,10.0,G
22502,-61.55353933820852,15.55710666661861,10.0,10.0,G
22503,-61.553701227616735,15.55700703372827,10.0,10.0,G
22504,-61.553694514970466,15.556996657100706,10.0,10.0,G
22505,-61.553759487220255,15.557059165744173,10.0,10.0,G
22506,-61.55346730223117,15.557030999229122,10.0,10.0,G
22507,-61.55364288999891,15.55706899386043,10.0,10.0,G
22508,-61.55373646914249,15.557012663377616,10.0,10.0,G
22509,-61.5536392878616,15.557216983747498,10.0,10.0,G
25629,-61.558494148183364,15.555468364147414,10.0,10.0,G
25630,-61.558491553057095,15.555457539920397,10.0,10.0,G
25631,-61.55856422958561,15.555706586883563,10.0,10.0,G
25632,-61.55850561437925,15.555405628310696,10.0,10.0,G
25633,-61.55849990547063,15.555458630057073,10.0,10.0,G
25634,-61.55841622458379,15.555510480784603,10.0,10.0,G
25635,-61.558492949589315,15.55552953079094,10.0,10.0,G
25636,-61.55841443469152,15.555576343743306,10.0,10.0,G
25637,-61.558565840427825,15.555466984824077,10.0,10.0,G
25638,-61.5585141038569,15.555450474346259,10.0,10.0,G
25639,-61.55856125521365,15.555490199634907,10.0,10.0,G
25640,-61.558501042677136,15.555449929970262,10.0,10.0,G
25641,-61.55851048967771,15.555372763956058,10.0,10.0,G
25642,-61.558673229879965,15.555603742828241,10.0,10.0,G
25643,-61.558539783032025,15.555450699056665,10.0,10.0,G
25644,-61.55861415295447,15.555373568897885,10.0,10.0,G
25645,-61.55854213748777,15.555470879956419,10.0,10.0,G
25646,-61.558533123612335,15.555417385602363,10.0,10.0,G
25647,-61.558514785536275,15.555425777421492,10.0,10.0,G
25648,-61.558697540253405,15.555414796006906,10.0,10.0,G
25649,-61.558548807033716,15.55543428151053,10.0,10.0,G
25650,-61.55849652610892,15.555447010070468,10.0,10.0,G
25651,-61.55855033416836,15.555428058922933,10.0,10.0,G
25652,-61.55851741126975,15.555423064265058,10.0,10.0,G
25653,-61.55868322384272,15.555523925244644,10.0,10.0,G
25654,-61.55842940831096,15.555460170387386,10.0,10.0,G
25655,-61.55855192001043,15.555457935462615,10.0,10.0,G
25656,-61.55862002814653,15.555421619941134,10.0,10.0,G
25657,-61.55855701083868,15.555433353415419,10.0,10.0,G
25658,-61.55861979196685,15.555346634679296,10.0,10.0,G
25659,-61.55855166821659,15.555356199623361,10.0,10.0,G
25660,-61.558453430878245,15.555526707987104,10.0,10.0,G
25661,-61.55850418431453,15.55544607141671,10.0,10.0,G
25662,-61.55856570001365,15.555391675433018,10.0,10.0,G
25663,-61.55850706695915,15.55537325749289,10.0,10.0,G
25664,-61.558531271636134,15.555479745055708,10.0,10.0,G
25665,-61.55861664375196,15.55523327232466,10.0,10.0,G
25666,-61.558523851878874,15.555422616162142,10.0,10.0,G
25667,-61.55860043125486,15.555400875247937,10.0,10.0,G
25668,-61.558610012822975,15.555375654356281,10.0,10.0,G
25669,-61.55858463898219,15.555369359610797,10.0,10.0,G
25670,-61.558651257379054,15.55531718127698,10.0,10.0,G
25671,-61.55871940246041,15.555397326804602,10.0,10.0,G
25672,-61.55863789659681,15.555502712952823,10.0,10.0,G
25673,-61.55861795081877,15.555367493478473,10.0,10.0,G
25674,-61.55863177357435,15.55539450866796,10.0,10.0,G
25675,-61.558627628460194,15.555383444916712,10.0,10.0,G
25676,-61.55861677905446,15.555375766954084,10.0,10.0,G
25677,-61.55868247205604,15.555429515506294,10.0,10.0,G
25678,-61.558592867491505,15.555336245654432,10.0,10.0,G
25679,-61.55867673670825,15.555174718774786,10.0,10.0,G
25680,-61.55853348214361,15.55538822773691,10.0,10.0,G
25681,-61.558622644050246,15.555355902166365,10.0,10.0,G
25682,-61.55867396529497,15.555383065467094,10.0,10.0,G
25683,-61.558639564954326,15.555351283966125,10.0,10.0,G
25684,-61.55867940690718,15.555446366794715,10.0,10.0,G
25685,-61.55850161613556,15.55531470736685,10.0,10.0,G
25686,-61.55856862536846,15.555311625596847,10.0,10.0,G
25687,-61.55871266039864,15.555256998599805,10.0,10.0,G
25688,-61.55863120557841,15.555488894863675,10.0,10.0,G
25689,-61.55861670049647,15.555340919163969,10.0,10.0,G
25690,-61.55869421132471,15.555338525537378,10.0,10.0,G
25691,-61.55872890448633,15.555349996674034,10.0,10.0,G
25692,-61.558697772865116,15.555354398040448,10.0,10.0,G
25693,-61.558818007107575,15.555523769114055,10.0,10.0,G
25694,-61.55868456002761,15.555382528636631,10.0,10.0,G
25695,-61.55868202230144,15.555349684143618,10.0,10.0,G
25696,-61.55875359438206,15.555398668634838,10.0,10.0,G
25697,-61.55867726723861,15.555323482301949,10.0,10.0,G
25698,-61.55868058056266,15.555288953463283,10.0,10.0,G
25699,-61.55878617114507,15.555364280221076,10.0,10.0,G
25700,-61.558768567858394,15.555337732018966,10.0,10.0,G
25701,-61.55873832392849,15.555357113463765,10.0,10.0,G
25702,-61.55867977833055,15.555263241851273,10.0,10.0,G
25703,-61.55867003773323,15.555464020795185,10.0,10.0,G
25704,-61.558723538603004,15.555370266961319,10.0,10.0,G
25705,-61.55872971788743,15.555324909300783,10.0,10.0,G
25706,-61.55870155907911,15.555365430703796,10.0,10.0,G
25707,-61.558677401845834,15.555345728396883,10.0,10.0,G
25708,-61.55872164411241,15.55533162214563,10.0,10.0,G
25709,-61.558724485423596,15.55533518382507,10.0,10.0,G
25710,-61.558692224488006,15.555361140947001,10.0,10.0,G
25711,-61.558637040485,15.55526525426503,10.0,10.0,G
25712,-61.55869563732114,15.555307788642347,10.0,10.0,G
25713,-61.55876175879827,15.555330604712628,10.0,10.0,G
25714,-61.55872436111046,15.555499405303532,10.0,10.0,G
25715,-61.55886810994459,15.555397457769212,10.0,10.0,G
25716,-61.55875883315319,15.555204502116611,10.0,10.0,G
25717,-61.5586302984078,15.555390903748838,10.0,10.0,G
25718,-61.55878540136558,15.555411870711174,10.0,10.0,G
25719,-61.55885773078512,15.55530804509679,10.0,10.0,G
25720,-61.55857575784172,15.555323560398664,10.0,10.0,G
25721,-61.55873655340732,15.555237169937104,10.0,10.0,G
25722,-61.55869070328308,15.555306429258774,10.0,10.0,G
25723,-61.55876901267281,15.55530670888831,10.0,10.0,G
25724,-61.55869381830668,15.555389703639985,10.0,10.0,G
25725,-61.55875868948828,15.555303322710902,10.0,10.0,G
25726,-61.558768883359825,15.555287897424446,10.0,10.0,G
25727,-61.55883579827677,15.555347161942484,10.0,10.0,G
25728,-61.55868255376668,15.555265499037061,10.0,10.0,G
25729,-61.55887123723998,15.55548845023904,10.0,10.0,G
25730,-61.558652585959074,15.55545507986712,10.0,10.0,G
25731,-61.558897414604125,15.555424967221077,10.0,10.0,G
25732,-61.55891020358955,15.555355477928556,10.0,10.0,G
25733,-61.55879804854106,15.555286866009725,10.0,10.0,G
25734,-61.55880279199386,15.555309528225065,10.0,10.0,G
25735,-61.55869975072803,15.555301193457572,10.0,10.0,G
25736,-61.55880024536792,15.555260499180093,10.0,10.0,G
25737,-61.5587260912918,15.55528857012177,10.0,10.0,G
25738,-61.55887704916219,15.555327647697904,10.0,10.0,G
25739,-61.5588214745171,15.555267062908044,10.0,10.0,G
25740,-61.558840175130456,15.555191504175607,10.0,10.0,G
25741,-61.55890826015028,15.555184525142387,10.0,10.0,G
25742,-61.55867558122607,15.555298981303915,10.0,10.0,G
25743,-61.558864228865154,15.555246816469921,10.0,10.0,G
25744,-61.55879117541128,15.555177570411246,10.0,10.0,G
25745,-61.55880993362205,15.555201844887204,10.0,10.0,G
25746,-61.55883233661002,15.55525014522994,10.0,10.0,G
25747,-61.55885816426922,15.555236501006801,10.0,10.0,G
25748,-61.55904403265404,15.555294471307796,10.0,10.0,G
25749,-61.55886564948433,15.555196727792051,10.0,10.0,G
25750,-61.55873495504439,15.555239379228736,10.0,10.0,G
25751,-61.558763322251096,15.555251649261107,10.0,10.0,G
25752,-61.55885140469871,15.55526010124313,10.0,10.0,G
25753,-61.55879219474602,15.555240101189964,10.0,10.0,G
25754,-61.55894096329597,15.555222941780055,10.0,10.0,G
25755,-61.5587420783409,15.555303890634711,10.0,10.0,G
25756,-61.558831740071284,15.5552170614455,10.0,10.0,G
25757,-61.5588712455691,15.555238370315873,10.0,10.0,G
25758,-61.558879339875816,15.555243437848915,10.0,10.0,G
25759,-61.55893143912412,15.555171584079591,10.0,10.0,G
25760,-61.55891504395097,15.555314018105115,10.0,10.0,G
25761,-61.55888308055012,15.555245022994649,10.0,10.0,G
25762,-61.55887814575768,15.55525073969531,10.0,10.0,G
25763,-61.55891154385879,15.555149252094278,10.0,10.0,G
25764,-61.5588063749798,15.555298395230976,10.0,10.0,G
25765,-61.5588589791631,15.555216139957489,10.0,10.0,G
25766,-61.558902718249584,15.555253022297725,10.0,10.0,G
25767,-61.55877102042198,15.555152282513841,10.0,10.0,G
25768,-61.558908881870266,15.555245486815023,10.0,10.0,G
25769,-61.558811156067065,15.555129069965854,10.0,10.0,G
25770,-61.55891241424359,15.555220777777999,10.0,10.0,G
25771,-61.55892412950727,15.5552729465404,10.0,10.0,G
25772,-61.558911068803724,15.55522921632527,10.0,10.0,G
25773,-61.55894127684632,15.555240082096411,10.0,10.0,G
25774,-61.558876565448884,15.555202928831623,10.0,10.0,G
25775,-61.55895401229774,15.555183012529287,10.0,10.0,G
25776,-61.55889343276135,15.55515158373122,10.0,10.0,G
25777,-61.558914229676304,15.55522339015703,10.0,10.0,G
25778,-61.558968849755885,15.555325623368807,10.0,10.0,G
25779,-61.55906271666912,15.55526444642546,10.0,10.0,G
25780,-61.55884130945973,15.555270757554426,10.0,10.0,G
25781,-61.559060543897424,15.55513766556389,10.0,10.0,G
25782,-61.55888477076691,15.55533287988126,10.0,10.0,G
25783,-61.55893203465037,15.555231412722684,10.0,10.0,G
25784,-61.55899810688278,15.55515281447781,10.0,10.0,G
25785,-61.558947345366406,15.555186001678992,10.0,10.0,G
25786,-61.55896780851048,15.555218768591015,10.0,10.0,G
25787,-61.55899691026602,15.555185237108597,10.0,10.0,G
25788,-61.55895289593653,15.555116106267945,10.0,10.0,G
25789,-61.559000400368674,15.555082226410535,10.0,10.0,G
25790,-61.55891548192649,15.55518893256835,10.0,10.0,G
25791,-61.55897385669071,15.55521125678909,10.0,10.0,G
25792,-61.55891270824028,15.555113436498505,10.0,10.0,G
25793,-61.5589492089634,15.555129311715554,10.0,10.0,G
25794,-61.55898888541597,15.555179003080127,10.0,10.0,G
25795,-61.55890573561398,15.555193043853402,10.0,10.0,G
25796,-61.5590453938187,15.555169168444777,10.0,10.0,G
25797,-61.55902205396679,15.555193143703915,10.0,10.0,G
25798,-61.55899670517626,15.555154209310457,10.0,10.0,G
25799,-61.559028510483735,15.555143951292505,10.0,10.0,G
25800,-61.55914261036036,15.555208442998747,10.0,10.0,G
25801,-61.55897765043188,15.55517877606792,10.0,10.0,G
25802,-61.55912171101379,15.555280416871504,10.0,10.0,G
25803,-61.55902798814537,15.555157774531793,10.0,10.0,G
25804,-61.55913067146581,15.555153967168922,10.0,10.0,G
25805,-61.5589441451051,15.55520446736748,10.0,10.0,G
25806,-61.55902051985764,15.554996526905938,10.0,10.0,G
25807,-61.559117559435634,15.555100370147757,10.0,10.0,G
25808,-61.55898838913844,15.555123500972796,10.0,10.0,G
25809,-61.55902171806465,15.555161250767172,10.0,10.0,G
25810,-61.55902936526318,15.555135406264474,10.0,10.0,G
25811,-61.55906491328096,15.555133536501287,10.0,10.0,G
25812,-61.55900471503858,15.555125948707174,10.0,10.0,G
25813,-61.55892850081522,15.555210793192517,10.0,10.0,G
25814,-61.55909317527308,15.555048608444972,10.0,10.0,G
25815,-61.55905611586544,15.555030924568818,10.0,10.0,G
25816,-61.5590424144021,15.555176841645917,10.0,10.0,G
25817,-61.55908560987302,15.555109409066329,10.0,10.0,G
25818,-61.55906454881446,15.555135037323586,10.0,10.0,G
25819,-61.55903337190122,15.555138732695955,10.0,10.0,G
25820,-61.558999870050044,15.555055633844944,10.0,10.0,G
25821,-61.55899793292906,15.555126136204272,10.0,10.0,G
25822,-61.55903723389953,15.555063723291273,10.0,10.0,G
25823,-61.55893619308849,15.555153130845033,10.0,10.0,G
25824,-61.559084047767584,15.555118085056485,10.0,10.0,G
25825,-61.55903770027179,15.555099391895629,10.0,10.0,G
25826,-61.55906058765114,15.555101352778902,10.0,10.0,G
25827,-61.55901998022132,15.555205990991222,10.0,10.0,G
25828,-61.55901851660501,15.555014293909194,10.0,10.0,G
25829,-61.559135098039334,15.555142065076353,10.0,10.0,G
25830,-61.55917190993833,15.555106084687013,10.0,10.0,G
25831,-61.559051626985905,15.555112711148269,10.0,10.0,G
25832,-61.559107895766616,15.555101283599118,10.0,10.0,G
25833,-61.559041283533176,15.555194733102779,10.0,10.0,G
25834,-61.55911483665467,15.55510471668771,10.0,10.0,G
25835,-61.55912218089368,15.555095917865824,10.0,10.0,G
25836,-61.559121919394414,15.555102126508292,10.0,10.0,G
25837,-61.55911132097433,15.555054498414158,10.0,10.0,G
25838,-61.559021763956636,15.555196410852695,10.0,10.0,G
25839,-61.559149071259974,15.555123894062302,10.0,10.0,G
25840,-61.559128173845515,15.555107602153734,10.0,10.0,G
25841,-61.55915148549258,15.555157561349835,10.0,10.0,G
25842,-61.5591131005557,15.555095223508674,10.0,10.0,G
25843,-61.55892395560181,15.555153699983745,10.0,10.0,G
25844,-61.55916763605134,15.555125325017869,10.0,10.0,G
25845,-61.55925182180952,15.555066781187348,10.0,10.0,G
25846,-61.55913145275221,15.555163025166092,10.0,10.0,G
25847,-61.55915818625196,15.554946570647287,10.0,10.0,G
25848,-61.55924911829012,15.555253474568323,10.0,10.0,G
25849,-61.55909645628787,15.555059297508466,10.0,10.0,G
25850,-61.55902441854376,15.555038375048381,10.0,10.0,G
25851,-61.55920854421696,15.555006884794029,10.0,10.0,G
25852,-61.559185161871945,15.555061964045203,10.0,10.0,G
25853,-61.55908317447381,15.55504359932711,10.0,10.0,G
25854,-61.559005705225154,15.555180741338654,10.0,10.0,G
25855,-61.559128263390456,15.555072896102553,10.0,10.0,G
25856,-61.55915496691065,15.555029371135442,10.0,10.0,G
25857,-61.55926048644295,15.555146815049389,10.0,10.0,G
25858,-61.55905768272157,15.555136666043072,10.0,10.0,G
25859,-61.55904835003672,15.554961683439238,10.0,10.0,G
25860,-61.55910046196824,15.555097704943577,10.0,10.0,G
25861,-61.55920573317952,15.555017963822326,10.0,10.0,G
25862,-61.55918895005406,15.555063417277506,10.0,10.0,G
25863,-61.559184718205756,15.555016364179133,10.0,10.0,G
25864,-61.559186154825234,15.555022095096112,10.0,10.0,G
25865,-61.55926820965572,15.555071891959042,10.0,10.0,G
25866,-61.55923891688212,15.55501169302558,10.0,10.0,G
25867,-61.55904035490747,15.555071983879643,10.0,10.0,G
25868,-61.55922313125926,15.555036717527223,10.0,10.0,G
25869,-61.559303920617424,15.554987004758798,10.0,10.0,G
25870,-61.55930860266763,15.555027209349893,10.0,10.0,G
25871,-61.55923043529918,15.55502141330115,10.0,10.0,G
25872,-61.55920654997928,15.555075379345062,10.0,10.0,G
25873,-61.559383262891146,15.555068696777509,10.0,10.0,G
25874,-61.55920352962965,15.55503629036614,10.0,10.0,G
25875,-61.55912214947242,15.555032479197694,10.0,10.0,G
25876,-61.55926173220783,15.55498875264256,10.0,10.0,G
25877,-61.55925767994103,15.555081977561393,10.0,10.0,G
25878,-61.559422367961346,15.555004728612905,10.0,10.0,G
25879,-61.559181751429215,15.55512586650256,10.0,10.0,G
25880,-61.55928531285149,15.555002027805491,10.0,10.0,G
25881,-61.5593720405963,15.555021555748507,10.0,10.0,G
25882,-61.55934449286698,15.554915359047433,10.0,10.0,G
25883,-61.559176056201345,15.555067160021045,10.0,10.0,G
25884,-61.55925441321009,15.55498410909587,10.0,10.0,G
25885,-61.55924354214881,15.555057125284138,10.0,10.0,G
25886,-61.559250887269975,15.55501438248184,10.0,10.0,G
25887,-61.55928014145418,15.554966218808751,10.0,10.0,G
25888,-61.55940125762352,15.555156066601644,10.0,10.0,G
25889,-61.5592222036757,15.555041964060893,10.0,10.0,G
25890,-61.55928391255556,15.554974802353435,10.0,10.0,G
25891,-61.559297344346426,15.55500008761664,10.0,10.0,G
25892,-61.55929253741384,15.554999544891583,10.0,10.0,G
25893,-61.5592786939578,15.555030981600094,10.0,10.0,G
25894,-61.559286785324815,15.554981180598078,10.0,10.0,G
25895,-61.55929724277528,15.554980555407363,10.0,10.0,G
25896,-61.55938847296234,15.554921274769892,10.0,10.0,G
25897,-61.55931151148067,15.554981334106934,10.0,10.0,G
25898,-61.559378661317346,15.554924019620318,10.0,10.0,G
25899,-61.55926621377136,15.555178855878195,10.0,10.0,G
25900,-61.55929867405577,15.554871850001975,10.0,10.0,G
25901,-61.55930075114427,15.55496057133784,10.0,10.0,G
25902,-61.55934971955265,15.554968858353753,10.0,10.0,G
25903,-61.55930449177174,15.555069966595676,10.0,10.0,G
25904,-61.55923956317968,15.554985458083202,10.0,10.0,G
25905,-61.55934078810447,15.554983919892654,10.0,10.0,G
25906,-61.55943167445219,15.554901596424164,10.0,10.0,G
25907,-61.5593601436469,15.554964946025674,10.0,10.0,G
25908,-61.55937938646982,15.554910366716177,10.0,10.0,G
25909,-61.559389625350825,15.555105190912226,10.0,10.0,G
25910,-61.55942939394949,15.554913275542539,10.0,10.0,G
25911,-61.559418908839525,15.555074575717507,10.0,10.0,G
25912,-61.55931158269887,15.554899515858633,10.0,10.0,G
25913,-61.55943673788703,15.554904111438212,10.0,10.0,G
25914,-61.55926784452592,15.554923880394542,10.0,10.0,G
25915,-61.559342143816174,15.554974761563775,10.0,10.0,G
25916,-61.559406968805426,15.554877823649589,10.0,10.0,G
25917,-61.55946222889659,15.555030354377884,10.0,10.0,G
25918,-61.559389807660274,15.55494633299835,10.0,10.0,G
25919,-61.55928901787116,15.554975619704257,10.0,10.0,G
25920,-61.55934958997777,15.555005910791769,10.0,10.0,G
25921,-61.559542296747935,15.554879148272216,10.0,10.0,G
25922,-61.5594018633024,15.554924477780931,10.0,10.0,G
25923,-61.55943418458168,15.554980499972995,10.0,10.0,G
25924,-61.55951398512837,15.554866044096553,10.0,10.0,G
25925,-61.55936445369178,15.554932193546657,10.0,10.0,G
25926,-61.55930928771459,15.554921137807348,10.0,10.0,G
25927,-61.559491653553906,15.554892879299864,10.0,10.0,G
25928,-61.5594374448892,15.554919026933055,10.0,10.0,G
25929,-61.559426758928836,15.554924786514256,10.0,10.0,G
25930,-61.559464136831075,15.554894919132659,10.0,10.0,G
25931,-61.55945896012678,15.554849107059251,10.0,10.0,G
25932,-61.55939288568601,15.554948750255962,10.0,10.0,G
25933,-61.55942705246269,15.554903043080449,10.0,10.0,G
25934,-61.55952601314045,15.55505125606407,10.0,10.0,G
25935,-61.55945263279991,15.554906905339486,10.0,10.0,G
25936,-61.55947596359026,15.554944238527113,10.0,10.0,G
25937,-61.55947285248773,15.554986728676118,10.0,10.0,G
25938,-61.559394040605845,15.554817716692199,10.0,10.0,G
25939,-61.55954709563234,15.554810968754174,10.0,10.0,G
25940,-61.559506887333,15.555007742775393,10.0,10.0,G
25941,-61.55949886940194,15.554878967226278,10.0,10.0,G
25942,-61.559415401414896,15.554877845877776,10.0,10.0,G
25943,-61.55948111197343,15.554890233715822,10.0,10.0,G
25944,-61.55947802382837,15.554903531915272,10.0,10.0,G
25945,-61.55934418702969,15.554968038928717,10.0,10.0,G
25946,-61.559460908648866,15.554832385646094,10.0,10.0,G
25947,-61.55958519324751,15.554985943764827,10.0,10.0,G
25948,-61.5595266359306,15.554887114727961,10.0,10.0,G
25949,-61.55955081075543,15.554970318527783,10.0,10.0,G
25950,-61.55948577817999,15.554886012689204,10.0,10.0,G
25951,-61.55947284440916,15.554838995631167,10.0,10.0,G
25952,-61.55948361611873,15.554871937291566,10.0,10.0,G
25953,-61.5595051531281,15.554877866181712,10.0,10.0,G
25954,-61.55939578273942,15.554744965228387,10.0,10.0,G
25955,-61.559502323354025,15.554866061413149,10.0,10.0,G
25956,-61.55953341693012,15.55479495314563,10.0,10.0,G
25957,-61.559559474205436,15.55492469286435,10.0,10.0,G
25958,-61.559551156739346,15.554814916151628,10.0,10.0,G
25959,-61.55949144362086,15.554823276772312,10.0,10.0,G
25960,-61.55963730470507,15.554926971111366,10.0,10.0,G
25961,-61.55950322723883,15.555006256750408,10.0,10.0,G
25962,-61.55944487054806,15.55497178513134,10.0,10.0,G
25963,-61.55953784673693,15.554835802241252,10.0,10.0,G
25964,-61.55951592023852,15.554901856845877,10.0,10.0,G
25965,-61.55959606181869,15.554927412989937,10.0,10.0,G
25966,-61.55972388576748,15.554907673302845,10.0,10.0,G
25967,-61.55953127989389,15.554764150544989,10.0,10.0,G
25968,-61.55948535337832,15.5548220624703,10.0,10.0,G
25969,-61.559568032942835,15.554859853740764,10.0,10.0,G
25970,-61.559568333778515,15.554843463357361,10.0,10.0,G
25971,-61.5595734809281,15.554875466689094,10.0,10.0,G
25972,-61.559635515750344,15.55480552562876,10.0,10.0,G
25973,-61.55969457587726,15.554806254486182,10.0,10.0,G
25974,-61.559580870795415,15.554920062261806,10.0,10.0,G
25975,-61.55954270350611,15.554674524368552,10.0,10.0,G
25976,-61.559590671237714,15.554877890829472,10.0,10.0,G
25977,-61.559579223218556,15.554828366627968,10.0,10.0,G
25978,-61.55960613588574,15.554886112888296,10.0,10.0,G
25979,-61.5595941233467,15.554824154759777,10.0,10.0,G
25980,-61.55960527125194,15.554858035159878,10.0,10.0,G
25981,-61.559564070855174,15.55470304841341,10.0,10.0,G
25982,-61.5595949325643,15.554886227847817,10.0,10.0,G
25983,-61.55963144094069,15.554797892562071,10.0,10.0,G
25984,-61.55964403089882,15.554851512969883,10.0,10.0,G
25985,-61.55965999557456,15.554807628792972,10.0,10.0,G
25986,-61.55944491052708,15.554774949512137,10.0,10.0,G
25987,-61.559594509578965,15.554809372991127,10.0,10.0,G
25988,-61.55966421181174,15.554797688492195,10.0,10.0,G
25989,-61.55945547888841,15.554828321294307,10.0,10.0,G
25990,-61.55966911445398,15.554672884586132,10.0,10.0,G
25991,-61.55965814966646,15.554739615571703,10.0,10.0,G
25992,-61.55958949064759,15.55478820216331,10.0,10.0,G
25993,-61.559629671952784,15.554814019773813,10.0,10.0,G
25994,-61.55962521055755,15.554733299257032,10.0,10.0,G
25995,-61.559686381410266,15.55479567511612,10.0,10.0,G
25996,-61.559697253555555,15.55493733742235,10.0,10.0,G
25997,-61.55968129107511,15.55473692895814,10.0,10.0,G
25998,-61.559687140498674,15.554818225101734,10.0,10.0,G
25999,-61.55978114324071,15.554722048566024,10.0,10.0,G
26000,-61.55977408399126,15.554764222751286,10.0,10.0,G
26001,-61.559672446778585,15.554800110160242,10.0,10.0,G
26002,-61.55961809286343,15.554663825317274,10.0,10.0,G
26003,-61.55962664380127,15.5547598073511,10.0,10.0,G
26004,-61.5596722770391,15.55477917343532,10.0,10.0,G
26005,-61.559525544111665,15.554764563945522,10.0,10.0,G
26006,-61.5597789216051,15.554780155091223,10.0,10.0,G
26007,-61.55966321682189,15.554761588614005,10.0,10.0,G
26008,-61.559802663079736,15.554674567498852,10.0,10.0,G
26009,-61.559719776587926,15.554728028966188,10.0,10.0,G
26010,-61.55978259682292,15.55467712936564,10.0,10.0,G
26011,-61.5596565799864,15.554858201321272,10.0,10.0,G
26012,-61.55965965692043,15.554604354624505,10.0,10.0,G
26013,-61.55970133960305,15.554748775828841,10.0,10.0,G
26014,-61.5596987569505,15.554691688319991,10.0,10.0,G
26015,-61.55979901973865,15.554699491696145,10.0,10.0,G
26016,-61.559701502101234,15.554749421160764,10.0,10.0,G
26017,-61.559631601101074,15.554760008534775,10.0,10.0,G
26018,-61.55977026346466,15.554781045185996,10.0,10.0,G
26019,-61.55980777361651,15.55479024749166,10.0,10.0,G
26020,-61.55976001990881,15.554738000365303,10.0,10.0,G
26021,-61.55974330819218,15.554704130893459,10.0,10.0,G
26022,-61.55987122430839,15.55469743078404,10.0,10.0,G
26023,-61.55983272693307,15.554715465423673,10.0,10.0,G
26024,-61.559774641766424,15.554717736817494,10.0,10.0,G
26025,-61.55974136926742,15.554669718932864,10.0,10.0,G
26026,-61.55965057614349,15.554708940915793,10.0,10.0,G
26027,-61.559757658938125,15.554724707354383,10.0,10.0,G
26028,-61.55980201468893,15.554828798407186,10.0,10.0,G
26029,-61.55977908099433,15.554746677127836,10.0,10.0,G
26030,-61.55980959005402,15.554657103414105,10.0,10.0,G
26031,-61.5598728948321,15.554746553340582,10.0,10.0,G
26032,-61.559592526295404,15.554713579470505,10.0,10.0,G
26033,-61.55971848526194,15.55472201802491,10.0,10.0,G
26034,-61.559805925270794,15.554669567437559,10.0,10.0,G
26035,-61.55979833856277,15.554579863197093,10.0,10.0,G
26036,-61.5597896285468,15.554709446376274,10.0,10.0,G
26037,-61.55967671031297,15.5546906508387,10.0,10.0,G
26038,-61.55965526294098,15.554685985135606,10.0,10.0,G
26039,-61.55978893409523,15.554712292144659,10.0,10.0,G
26040,-61.55974596011965,15.554716714567977,10.0,10.0,G
26041,-61.559800817066986,15.55467772854195,10.0,10.0,G
26042,-61.55978441473518,15.554813408247597,10.0,10.0,G
26043,-61.55991815263852,15.554635486581219,10.0,10.0,G
26044,-61.55980967875344,15.554699514867144,10.0,10.0,G
26045,-61.55976648955927,15.554618836060037,10.0,10.0,G
26046,-61.55984780787013,15.554687699304145,10.0,10.0,G
26047,-61.55977696577804,15.554754641376181,10.0,10.0,G
26048,-61.55984513099533,15.554694627220211,10.0,10.0,G
26049,-61.559869984169126,15.554641068909547,10.0,10.0,G
26050,-61.55985518207793,15.55476217365879,10.0,10.0,G
26051,-61.55985900713986,15.554754634880736,10.0,10.0,G
26052,-61.55994283385319,15.554583474348732,10.0,10.0,G
26053,-61.55975026722755,15.554773277361532,10.0,10.0,G
26054,-61.5598615372644,15.554677766912196,10.0,10.0,G
26055,-61.55985174988975,15.554744891252579,10.0,10.0,G
26056,-61.55976408657802,15.554585082175654,10.0,10.0,G
26057,-61.55986109796116,15.554665802200457,10.0,10.0,G
26058,-61.55986387533942,15.554665698438848,10.0,10.0,G
26059,-61.55986391675293,15.554633531925553,10.0,10.0,G
26060,-61.559791902709726,15.554611311040384,10.0,10.0,G
26061,-61.55974119550533,15.554698811985952,10.0,10.0,G
26062,-61.55979308894716,15.554599107350287,10.0,10.0,G
26063,-61.55988482628878,15.55465340854702,10.0,10.0,G
26064,-61.559898354199284,15.554630586632141,10.0,10.0,G
26065,-61.559913482597565,15.55472081689469,10.0,10.0,G
26066,-61.55982820919952,15.554665771885782,10.0,10.0,G
26067,-61.560002592400615,15.554649507412512,10.0,10.0,G
26068,-61.559772809011086,15.554619926616208,10.0,10.0,G
26069,-61.560001003655564,15.554651762944339,10.0,10.0,G
26070,-61.55992716862289,15.554778299955608,10.0,10.0,G
26071,-61.55996083508935,15.554668173540856,10.0,10.0,G
26072,-61.55987849082316,15.554651516567011,10.0,10.0,G
26073,-61.55988433324059,15.554657916701377,10.0,10.0,G
26074,-61.55995603258952,15.55452350851835,10.0,10.0,G
26075,-61.55990033127236,15.554642572154835,10.0,10.0,G
26076,-61.5599321621202,15.554617311483893,10.0,10.0,G
26077,-61.55983757870028,15.554670975252236,10.0,10.0,G
26078,-61.55985131503715,15.554688386094886,10.0,10.0,G
26079,-61.55993739442497,15.554623509550966,10.0,10.0,G
26080,-61.55992805331002,15.554621635745448,10.0,10.0,G
26081,-61.55996288067545,15.554582603647615,10.0,10.0,G
26082,-61.56003885881237,15.554591251781654,10.0,10.0,G
26083,-61.559957538233256,15.554614486943057,10.0,10.0,G
26084,-61.55995559172725,15.554618814668224,10.0,10.0,G
26085,-61.560022025072726,15.554589379711214,10.0,10.0,G
26086,-61.5599994184048,15.554569949079925,10.0,10.0,G
26087,-61.559901770493866,15.554570576705437,10.0,10.0,G
26088,-61.55984233652589,15.55469271460878,10.0,10.0,G
26089,-61.559908997294016,15.554638146954675,10.0,10.0,G
26090,-61.55994803999404,15.554593233623105,10.0,10.0,G
26091,-61.559875007852874,15.554618757852197,10.0,10.0,G
26092,-61.55987128074826,15.554620182282644,10.0,10.0,G
26093,-61.56000744157882,15.55462788401232,10.0,10.0,G
26094,-61.560014293533484,15.554585883473987,10.0,10.0,G
26095,-61.56001455610579,15.554526360079363,10.0,10.0,G
26096,-61.56003417732175,15.554607211086513,10.0,10.0,G
26097,-61.560110554724076,15.554512656996918,10.0,10.0,G
26098,-61.560089190989366,15.554517114176132,10.0,10.0,G
26099,-61.56001933761042,15.5544783968288,10.0,10.0,G
26100,-61.56000410622781,15.554589294534477,10.0,10.0,G
26101,-61.56000468713806,15.554591034054623,10.0,10.0,G
26102,-61.5600075324777,15.554569285216314,10.0,10.0,G
26103,-61.56000885761668,15.554633366419834,10.0,10.0,G
26104,-61.56011795076479,15.554637138816682,10.0,10.0,G
26105,-61.56001853104851,15.55457346098081,10.0,10.0,G
26106,-61.56003424218753,15.55456412363015,10.0,10.0,G
26107,-61.56005399720544,15.554570921858101,10.0,10.0,G
26108,-61.56016601357286,15.554546148383837,10.0,10.0,G
26109,-61.560084353936524,15.554568253494132,10.0,10.0,G
26110,-61.56007782271457,15.554609312117808,10.0,10.0,G
26111,-61.56009371372843,15.554621880928117,10.0,10.0,G
26112,-61.560042688421845,15.554619443824798,10.0,10.0,G
26113,-61.55999389925862,15.554483402371233,10.0,10.0,G
26114,-61.56006155805304,15.55449498971513,10.0,10.0,G
26115,-61.560071537594474,15.554563326570612,10.0,10.0,G
26116,-61.55999795210915,15.554589465176035,10.0,10.0,G
26117,-61.55999950716029,15.554599724058633,10.0,10.0,G
26118,-61.55989519873902,15.554461888400025,10.0,10.0,G
26119,-61.56017218366761,15.554569228613667,10.0,10.0,G
26120,-61.56005850990126,15.554537888319127,10.0,10.0,G
26121,-61.56007731921485,15.554527356139936,10.0,10.0,G
26122,-61.560146697343214,15.55460388214584,10.0,10.0,G
26123,-61.56005291538398,15.554545518999955,10.0,10.0,G
26124,-61.560080409208936,15.554522411433801,10.0,10.0,G
26125,-61.56011069959732,15.554524289205732,10.0,10.0,G
26126,-61.56022026237397,15.554428349432145,10.0,10.0,G
26127,-61.56035690731046,15.554605473432424,10.0,10.0,G
26128,-61.5601032495246,15.55454434247705,10.0,10.0,G
26129,-61.56010847819852,15.554529129489147,10.0,10.0,G
26130,-61.560114918654115,15.554512777630134,10.0,10.0,G
26131,-61.560150049787964,15.55453188597647,10.0,10.0,G
26132,-61.56005656064612,15.554505847024098,10.0,10.0,G
26133,-61.560194785591115,15.554483267222297,10.0,10.0,G
26134,-61.56011861953631,15.55462052214975,10.0,10.0,G
26135,-61.56008986783289,15.55453651993849,10.0,10.0,G
26136,-61.56024961683986,15.554543277520617,10.0,10.0,G
26137,-61.560117869572245,15.554446009747164,10.0,10.0,G
26138,-61.560058218089914,15.55434676259393,10.0,10.0,G
26139,-61.560184413611516,15.554551340066258,10.0,10.0,G
26140,-61.560154404335364,15.554509317906419,10.0,10.0,G
26141,-61.56016121972039,15.554425614744742,10.0,10.0,G
26142,-61.5601548142209,15.554500838792318,10.0,10.0,G
26143,-61.56021801408099,15.554343454168984,10.0,10.0,G
26144,-61.560190394092366,15.554561865094529,10.0,10.0,G
26145,-61.560312313875784,15.554441155718443,10.0,10.0,G
26146,-61.56029333763917,15.55440627949329,10.0,10.0,G
26147,-61.56010481715309,15.554450768462074,10.0,10.0,G
26148,-61.56021600874661,15.554554293641859,10.0,10.0,G
26149,-61.56018453818516,15.554462733637521,10.0,10.0,G
26150,-61.56019427658659,15.554474984972526,10.0,10.0,G
26151,-61.56021506261566,15.554430658192047,10.0,10.0,G
26152,-61.560202246094875,15.554465355829599,10.0,10.0,G
26153,-61.56015552279052,15.554393694411742,10.0,10.0,G
26154,-61.560266870499355,15.554530109664398,10.0,10.0,G
26155,-61.56028125117149,15.554461630624013,10.0,10.0,G
26156,-61.56005561599686,15.554439322224862,10.0,10.0,G
26157,-61.560145204078815,15.554487808148949,10.0,10.0,G
26158,-61.560439993220314,15.554581944347714,10.0,10.0,G
26159,-61.560325068503204,15.554523481353277,10.0,10.0,G
26160,-61.560292342034195,15.554514211258637,10.0,10.0,G
26161,-61.56034675630722,15.554463565922898,10.0,10.0,G
26162,-61.56034556354637,15.554457025179026,10.0,10.0,G
26163,-61.56019882873485,15.554393220879327,10.0,10.0,G
26164,-61.560337311508434,15.554356187383556,10.0,10.0,G
26165,-61.56020175962054,15.554473234928066,10.0,10.0,G
26166,-61.560257726434806,15.55447824416254,10.0,10.0,G
26167,-61.5600925911878,15.554364012873581,10.0,10.0,G
26168,-61.560360584172784,15.554451745252008,10.0,10.0,G
26169,-61.56019560510746,15.554372601073196,10.0,10.0,G
26170,-61.56016524608344,15.554433966735196,10.0,10.0,G
26171,-61.56024940465091,15.554352824407445,10.0,10.0,G
26172,-61.56027489447465,15.554418658613985,10.0,10.0,G
26173,-61.560353541196186,15.554397116465784,10.0,10.0,G
26174,-61.56042528940649,15.554528606133655,10.0,10.0,G
26175,-61.56030145613093,15.554420954637552,10.0,10.0,G
26176,-61.56024466551618,15.554477205462181,10.0,10.0,G
26177,-61.56031384338345,15.554413026670243,10.0,10.0,G
26178,-61.56038015081215,15.55437342115493,10.0,10.0,G
26179,-61.56011299463455,15.554505148182573,10.0,10.0,G
26180,-61.56031169769272,15.554368384543606,10.0,10.0,G
26181,-61.56027802600286,15.554393855625,10.0,10.0,G
26182,-61.56029498846344,15.554389017838027,10.0,10.0,G
26183,-61.56031062511866,15.55437777762281,10.0,10.0,G
26184,-61.5603254919521,15.554396106369886,10.0,10.0,G
26185,-61.56037173115391,15.554476860148643,10.0,10.0,G
26186,-61.56034236565001,15.554463047755355,10.0,10.0,G
26187,-61.560445458976716,15.554378969660425,10.0,10.0,G
26188,-61.56031549343308,15.554370879458212,10.0,10.0,G
26189,-61.5603810604788,15.554403418501792,10.0,10.0,G
26190,-61.56035946904601,15.554266983468995,10.0,10.0,G
26191,-61.56035469266176,15.554399769083139,10.0,10.0,G
26192,-61.560466109787306,15.554446498405698,10.0,10.0,G
26193,-61.56036042960454,15.554428492285862,10.0,10.0,G
26194,-61.560486039963834,15.554263208406814,10.0,10.0,G
26195,-61.560218949446224,15.554472701596968,10.0,10.0,G
26196,-61.56034917919089,15.554305793250267,10.0,10.0,G
26197,-61.5603531901814,15.554351135581744,10.0,10.0,G
26198,-61.56037459521032,15.55436843791596,10.0,10.0,G
26199,-61.560475493854426,15.554314450583783,10.0,10.0,G
26200,-61.560381154053886,15.55433987217065,10.0,10.0,G
26201,-61.560255399468964,15.554207493747903,10.0,10.0,G
26202,-61.56039535013173,15.554355596106358,10.0,10.0,G
26203,-61.56038095465874,15.554345402365202,10.0,10.0,G
26204,-61.56042360117245,15.554356841943953,10.0,10.0,G
26205,-61.560393709569496,15.554357138203034,10.0,10.0,G
26206,-61.5603660093415,15.554358638430925,10.0,10.0,G
26207,-61.56059265125608,15.554503305796386,10.0,10.0,G
26208,-61.56044385251656,15.554195885943237,10.0,10.0,G
26209,-61.560371595675655,15.554310482063034,10.0,10.0,G
26210,-61.56051594194714,15.554406251434903,10.0,10.0,G
26211,-61.560431960525236,15.554309461948517,10.0,10.0,G
26212,-61.56029822895524,15.554366819572037,10.0,10.0,G
26213,-61.560453956085674,15.554423424790187,10.0,10.0,G
26214,-61.5604525253208,15.554353157282648,10.0,10.0,G
26215,-61.56043961323541,15.554232080042306,10.0,10.0,G
26216,-61.56047728703729,15.554384157392185,10.0,10.0,G
26217,-61.56043862959474,15.554320276358446,10.0,10.0,G
26218,-61.56060568872349,15.554350348321266,10.0,10.0,G
26219,-61.56042561196112,15.554322627824437,10.0,10.0,G
26220,-61.56046988346468,15.554335200631593,10.0,10.0,G
26221,-61.56048331721146,15.55427662471046,10.0,10.0,G
26222,-61.56045450986977,15.554352710468933,10.0,10.0,G
26223,-61.56045589318379,15.554307078369268,10.0,10.0,G
26224,-61.56030480569969,15.554335301704707,10.0,10.0,G
26225,-61.56043876367225,15.554298808011762,10.0,10.0,G
26226,-61.560462613187696,15.554308373081977,10.0,10.0,G
26227,-61.56046348349435,15.55436062583008,10.0,10.0,G
26228,-61.56060636073641,15.554322534265411,10.0,10.0,G
26229,-61.56052091225437,15.554359153198813,10.0,10.0,G
26230,-61.560510373867054,15.554288205505525,10.0,10.0,G
26231,-61.56049473989189,15.554295873172048,10.0,10.0,G
26232,-61.56048795677173,15.554289042006555,10.0,10.0,G
26233,-61.560470207936696,15.554280941528358,10.0,10.0,G
26234,-61.56052856283413,15.554255465926072,10.0,10.0,G
26235,-61.560510134703414,15.554316296183645,10.0,10.0,G
26236,-61.56042787156946,15.554193611849922,10.0,10.0,G
26237,-61.56050754031003,15.554353014444708,10.0,10.0,G
26238,-61.56049013770556,15.554242199586055,10.0,10.0,G
26239,-61.560707514653316,15.554356450727413,10.0,10.0,G
26240,-61.56043783084981,15.554319982433883,10.0,10.0,G
26241,-61.560524605896255,15.554263184298385,10.0,10.0,G
26242,-61.56055523925028,15.5542338800627,10.0,10.0,G
26243,-61.5605559081797,15.554278140385495,10.0,10.0,G
26244,-61.56060298585954,15.554323700155718,10.0,10.0,G
26245,-61.56054840317136,15.554225195375468,10.0,10.0,G
26246,-61.56053494972439,15.55425161630927,10.0,10.0,G
26247,-61.56067665821474,15.554392890818526,10.0,10.0,G
26248,-61.560552495777564,15.554249918945823,10.0,10.0,G
26249,-61.56057188190355,15.554258430243292,10.0,10.0,G
26250,-61.560536782247226,15.55432267173219,10.0,10.0,G
26251,-61.56067623666582,15.554188913218542,10.0,10.0,G
26252,-61.56058500519439,15.554247453112735,10.0,10.0,G
26253,-61.56041944670657,15.5542520071136,10.0,10.0,G
26254,-61.5605634438349,15.55418076899427,10.0,10.0,G
26255,-61.56057635735837,15.554227481116012,10.0,10.0,G
26256,-61.56057690368785,15.554213296139936,10.0,10.0,G
26257,-61.56059534056001,15.554267852894702,10.0,10.0,G
26258,-61.56073910425451,15.554128013530663,10.0,10.0,G
26259,-61.560480058730064,15.554226288989513,10.0,10.0,G
26260,-61.56050801198554,15.554076294124606,10.0,10.0,G
26261,-61.56057336174314,15.55423685806422,10.0,10.0,G
26262,-61.56079766348797,15.55421381782799,10.0,10.0,G
26263,-61.56064695109733,15.55438423764436,10.0,10.0,G
26264,-61.56059433939893,15.554179047434706,10.0,10.0,G
26265,-61.56060864923836,15.554198146179008,10.0,10.0,G
26266,-61.56060262688927,15.554193889133984,10.0,10.0,G
26267,-61.56054131855232,15.55428577313285,10.0,10.0,G
26268,-61.56065384219949,15.554257498033259,10.0,10.0,G
26269,-61.5605451268262,15.554212312601635,10.0,10.0,G
26270,-61.560630643757825,15.554198722110186,10.0,10.0,G
26271,-61.560689319233084,15.554300326260071,10.0,10.0,G
26272,-61.560575637612516,15.554200670472817,10.0,10.0,G
26273,-61.560648551481606,15.55422274810059,10.0,10.0,G
26274,-61.56071347325919,15.554392844826145,10.0,10.0,G
26275,-61.56063532075677,15.554157355402532,10.0,10.0,G
26276,-61.56070050201516,15.55418957331144,10.0,10.0,G
26277,-61.56067045430454,15.55419337061981,10.0,10.0,G
26278,-61.56065354732935,15.554167525505846,10.0,10.0,G
26279,-61.5607153591011,15.554195318855554,10.0,10.0,G
26280,-61.56056927024118,15.554139355298279,10.0,10.0,G
26281,-61.560595012536595,15.554079497588988,10.0,10.0,G
26282,-61.56063101823137,15.554182507229374,10.0,10.0,G
26283,-61.560738328081705,15.554206227451953,10.0,10.0,G
26284,-61.56068363814809,15.55420613195506,10.0,10.0,G
26285,-61.56072940040325,15.554172961212995,10.0,10.0,G
26286,-61.560664461311454,15.55417441955483,10.0,10.0,G
26287,-61.56068516770656,15.554226940280858,10.0,10.0,G
26288,-61.560847133394375,15.554190893079614,10.0,10.0,G
26289,-61.56068640983609,15.554094579263113,10.0,10.0,G
26290,-61.56083107815681,15.554193191374804,10.0,10.0,G
26291,-61.56063252960103,15.554184044618294,10.0,10.0,G
26292,-61.56066729293332,15.554184083618647,10.0,10.0,G
26293,-61.560749647180444,15.55417557109838,10.0,10.0,G
26294,-61.56083293448269,15.554047476812407,10.0,10.0,G
26295,-61.5607640904289,15.554174693706557,10.0,10.0,G
26296,-61.56080268595402,15.554173189923796,10.0,10.0,G
26297,-61.560767506872985,15.554144264305746,10.0,10.0,G
26298,-61.56071118331545,15.554083635144057,10.0,10.0,G
26299,-61.560737830192224,15.554135935078968,10.0,10.0,G
26300,-61.56071066647042,15.55411638021682,10.0,10.0,G
26301,-61.56078116954854,15.554118961285536,10.0,10.0,G
26302,-61.560750027332375,15.554123768605939,10.0,10.0,G
26303,-61.56060254209725,15.554047323077667,10.0,10.0,G
26304,-61.56075935748981,15.55412211198396,10.0,10.0,G
26305,-61.56073808278873,15.554093066634358,10.0,10.0,G
26306,-61.56066309225457,15.554149847159012,10.0,10.0,G
26307,-61.560633523382954,15.554165000783383,10.0,10.0,G
26308,-61.56076156648839,15.554103859492646,10.0,10.0,G
26309,-61.56066349894627,15.554082936808173,10.0,10.0,G
26310,-61.56080108311762,15.554149433266748,10.0,10.0,G
26311,-61.5608400715577,15.554225756919845,10.0,10.0,G
26312,-61.560801132189525,15.55406231602157,10.0,10.0,G
26313,-61.5607156347418,15.554109763440756,10.0,10.0,G
26314,-61.56079712490654,15.554119187643622,10.0,10.0,G
26315,-61.56100747531246,15.554072046939654,10.0,10.0,G
26316,-61.56087678248949,15.554153090062659,10.0,10.0,G
26317,-61.56079119342087,15.554092531380709,10.0,10.0,G
26318,-61.560687131052134,15.554069461935669,10.0,10.0,G
26319,-61.56092819342062,15.554020565377996,10.0,10.0,G
26320,-61.56067492388768,15.554093033093077,10.0,10.0,G
26321,-61.56082820768148,15.553939738510872,10.0,10.0,G
26322,-61.56082780288617,15.554078959219103,10.0,10.0,G
26323,-61.56083322355828,15.554076296346391,10.0,10.0,G
26324,-61.56085151016224,15.55401127481522,10.0,10.0,G
26325,-61.561003641698974,15.554058464527689,10.0,10.0,G
26326,-61.560821960334344,15.554077994026631,10.0,10.0,G
26327,-61.56086880696652,15.554070150379212,10.0,10.0,G
26328,-61.560832624993886,15.553979800734858,10.0,10.0,G
26329,-61.56092793425489,15.55408748626057,10.0,10.0,G
26330,-61.56086199871333,15.554086197502441,10.0,10.0,G
26331,-61.560885342105756,15.554040418547416,10.0,10.0,G
26332,-61.56088221511909,15.554045947898475,10.0,10.0,G
26333,-61.56086054658975,15.554058082133167,10.0,10.0,G
26334,-61.56079453100208,15.554005401601982,10.0,10.0,G
26335,-61.560813500768916,15.554064359962013,10.0,10.0,G
26336,-61.560864402850505,15.554035605891974,10.0,10.0,G
26337,-61.560871445234746,15.554028548492667,10.0,10.0,G
26338,-61.56088401041298,15.55402484103359,10.0,10.0,G
26339,-61.560914275001885,15.554081983466492,10.0,10.0,G
26340,-61.56099919295789,15.554060261444976,10.0,10.0,G
26341,-61.5608544243526,15.554001603923574,10.0,10.0,G
26342,-61.560857993569435,15.554073371914964,10.0,10.0,G
26343,-61.56088707543787,15.554022330907838,10.0,10.0,G
26344,-61.560944386205,15.554074692196608,10.0,10.0,G
26345,-61.560840021065836,15.55414590131553,10.0,10.0,G
26346,-61.56090517902162,15.553953624880256,10.0,10.0,G
26347,-61.56096714285482,15.554088063228873,10.0,10.0,G
26348,-61.5610254781016,15.554077761195277,10.0,10.0,G
26349,-61.56086306340242,15.553958071132543,10.0,10.0,G
26350,-61.56086981535903,15.554044951993282,10.0,10.0,G
26351,-61.56099744256087,15.553970197723299,10.0,10.0,G
26352,-61.560905241619956,15.553965565035071,10.0,10.0,G
26353,-61.560882067807924,15.554165247804479,10.0,10.0,G
26354,-61.56103470042875,15.554065222397561,10.0,10.0,G
26355,-61.56087478270838,15.553910679061216,10.0,10.0,G
26356,-61.56094072559196,15.553982593728131,10.0,10.0,G
26357,-61.56095329396667,15.554055382303144,10.0,10.0,G
26358,-61.56090328426291,15.553999796191992,10.0,10.0,G
26359,-61.56103234144562,15.553954544866567,10.0,10.0,G
26360,-61.56101178525716,15.553979699348211,10.0,10.0,G
26361,-61.56095977815438,15.554138752177987,10.0,10.0,G
26362,-61.56097829967071,15.553981839092915,10.0,10.0,G
26363,-61.560981612167986,15.553976628820948,10.0,10.0,G
26364,-61.56100329288959,15.553856484931101,10.0,10.0,G
26365,-61.56087483429142,15.553998264293828,10.0,10.0,G
26366,-61.56098043991221,15.553996422394308,10.0,10.0,G
26367,-61.56100007551148,15.553949903811663,10.0,10.0,G
26368,-61.560936308896586,15.554022526753123,10.0,10.0,G
26369,-61.56092064865999,15.554037183139897,10.0,10.0,G
26370,-61.56101768497369,15.553966543882984,10.0,10.0,G
26371,-61.561026887828454,15.553970764217238,10.0,10.0,G
26372,-61.5610429855099,15.553818506026458,10.0,10.0,G
26373,-61.56105652658598,15.553945601454961,10.0,10.0,G
26374,-61.56108224066239,15.55397711803971,10.0,10.0,G
26375,-61.56106464342488,15.554042317917936,10.0,10.0,G
26376,-61.560971702218424,15.553871735749007,10.0,10.0,G
26377,-61.56089855011197,15.554000940770296,10.0,10.0,G
26378,-61.56108222708907,15.553932215708485,10.0,10.0,G
26379,-61.56104765555289,15.553972105408139,10.0,10.0,G
26380,-61.561070726112064,15.55393593740405,10.0,10.0,G
26381,-61.561024110605565,15.553923656928827,10.0,10.0,G
26382,-61.56100153013319,15.554001178361673,10.0,10.0,G
26383,-61.561146680119315,15.554219236245984,10.0,10.0,G
26384,-61.561185252812415,15.553988041281459,10.0,10.0,G
26385,-61.561104989570374,15.553922095964149,10.0,10.0,G
26386,-61.56105771169353,15.553858683521948,10.0,10.0,G
26387,-61.561018675325386,15.553863098538967,10.0,10.0,G
26388,-61.5611145334251,15.553890044234228,10.0,10.0,G
26389,-61.56105690436142,15.553926454441001,10.0,10.0,G
26390,-61.56109147463764,15.553883108915455,10.0,10.0,G
26391,-61.56095181222243,15.553998430723325,10.0,10.0,G
26392,-61.56112099340027,15.553907891167125,10.0,10.0,G
26393,-61.56112400610347,15.553883799564234,10.0,10.0,G
26394,-61.561090538747266,15.553955022135536,10.0,10.0,G
26395,-61.561114612943086,15.553894394253927,10.0,10.0,G
26396,-61.56109768809409,15.553928631543705,10.0,10.0,G
26397,-61.56112259628276,15.553874080496156,10.0,10.0,G
26398,-61.56105455708279,15.553857416374374,10.0,10.0,G
26399,-61.56112578404368,15.553895469906863,10.0,10.0,G
26400,-61.56118741405542,15.553903447812415,10.0,10.0,G
26401,-61.56110731459271,15.553857035389584,10.0,10.0,G
26402,-61.56126584461763,15.553933072037376,10.0,10.0,G
26403,-61.561146976579394,15.553820581402823,10.0,10.0,G
26404,-61.5611548461904,15.553871497505233,10.0,10.0,G
26405,-61.56114800330815,15.55389238368994,10.0,10.0,G
26406,-61.5610652839826,15.554034183626035,10.0,10.0,G
26407,-61.56114943005472,15.553886792455486,10.0,10.0,G
26408,-61.56108413775316,15.55389982538094,10.0,10.0,G
26409,-61.56125338234412,15.553902239722385,10.0,10.0,G
26410,-61.56118036534774,15.553834823095114,10.0,10.0,G
26411,-61.56114284969571,15.553867431372428,10.0,10.0,G
26412,-61.56117026559003,15.553808725756717,10.0,10.0,G
26413,-61.561175175647364,15.553861408188656,10.0,10.0,G
26414,-61.56116845278016,15.553792033937208,10.0,10.0,G
26415,-61.561166007835034,15.55390088584241,10.0,10.0,G
26416,-61.56133509231043,15.553938880312298,10.0,10.0,G
26417,-61.56120400855228,15.55386328657819,10.0,10.0,G
26418,-61.56122625615729,15.553885267243425,10.0,10.0,G
26419,-61.56120198794195,15.553835449200598,10.0,10.0,G
26420,-61.56122225654517,15.553853101666933,10.0,10.0,G
26421,-61.561230181529965,15.553862322066179,10.0,10.0,G
26422,-61.561216175970536,15.553923068083582,10.0,10.0,G
26423,-61.56115254203099,15.553807367141482,10.0,10.0,G
26424,-61.5611688021453,15.553838186591424,10.0,10.0,G
26425,-61.561225134283355,15.553825777451326,10.0,10.0,G
26426,-61.56103136748808,15.553787144832208,10.0,10.0,G
26427,-61.56122282322855,15.553834348815748,10.0,10.0,G
26428,-61.56120935896757,15.553825806180576,10.0,10.0,G
26429,-61.561276368572315,15.553871211250723,10.0,10.0,G
26430,-61.561316976451735,15.553802252072405,10.0,10.0,G
26431,-61.56126995156022,15.553911959428676,10.0,10.0,G
26432,-61.561276608905466,15.55372303100341,10.0,10.0,G
26433,-61.5612978804035,15.553822133731762,10.0,10.0,G
26434,-61.56125516322441,15.553814222426634,10.0,10.0,G
26435,-61.56126797577023,15.553789850271398,10.0,10.0,G
26436,-61.561273306718185,15.553802542098058,10.0,10.0,G
26437,-61.56133078936136,15.553838249160268,10.0,10.0,G
